0.309457 0.186351 0.263735 1.0
0.31419 0.186088 0.268799 1.0
0.319432 0.186148 0.274282 1.0
0.325147 0.186551 0.280197 1.0
0.331347 0.187352 0.286518 1.0
0.338005 0.188507 0.293233 1.0
0.345086 0.190024 0.300292 1.0
0.352539 0.191933 0.307655 1.0
0.360321 0.194241 0.315302 1.0
0.368411 0.196871 0.323164 1.0
0.37673 0.199805 0.331181 1.0
0.385222 0.203117 0.339369 1.0
0.393875 0.206732 0.347622 1.0
0.402626 0.210573 0.355935 1.0
0.411441 0.214681 0.364258 1.0
0.420286 0.219033 0.372586 1.0
0.429134 0.223572 0.380903 1.0
0.437964 0.228309 0.389157 1.0
0.446738 0.233164 0.397348 1.0
0.455461 0.238202 0.405482 1.0
0.464119 0.243348 0.413527 1.0
0.472679 0.24864 0.42148 1.0
0.481156 0.253994 0.429358 1.0
0.48954 0.259448 0.437141 1.0
0.497841 0.264947 0.444823 1.0
0.506004 0.270557 0.45241 1.0
0.514091 0.2762 0.459886 1.0
0.522042 0.281881 0.467281 1.0
0.529905 0.287597 0.474571 1.0
0.537651 0.293365 0.48176 1.0
0.545277 0.299176 0.488851 1.0
0.552791 0.304992 0.495845 1.0
0.560199 0.310841 0.502746 1.0
0.567489 0.31669 0.509557 1.0
0.57466 0.322565 0.516263 1.0
0.581731 0.328438 0.522891 1.0
0.588687 0.334334 0.529423 1.0
0.595544 0.340226 0.535855 1.0
0.602293 0.346118 0.542217 1.0
0.608951 0.352036 0.548501 1.0
0.615498 0.35798 0.5547 1.0
0.621966 0.363917 0.560834 1.0
0.628369 0.369891 0.56692 1.0
0.634692 0.375904 0.57295 1.0
0.640951 0.381949 0.578936 1.0
0.647171 0.388053 0.584897 1.0
0.653341 0.394218 0.59083 1.0
0.659489 0.400467 0.596762 1.0
0.665608 0.406776 0.602679 1.0
0.671704 0.413186 0.608608 1.0
0.677792 0.419683 0.614521 1.0
0.683851 0.426271 0.620464 1.0
0.689908 0.432978 0.626396 1.0
0.695947 0.439783 0.632345 1.0
0.701958 0.446693 0.638296 1.0
0.707959 0.453708 0.644247 1.0
0.713931 0.460832 0.650207 1.0
0.719877 0.468066 0.656163 1.0
0.725788 0.475416 0.662108 1.0
0.731652 0.482851 0.668038 1.0
0.737474 0.490405 0.673946 1.0
0.743249 0.49806 0.67983 1.0
0.748955 0.505788 0.685695 1.0
0.754607 0.513643 0.691513 1.0
0.760174 0.521567 0.697287 1.0
0.765668 0.529594 0.703014 1.0
0.771068 0.537694 0.708676 1.0
0.776369 0.545865 0.714257 1.0
0.781564 0.554099 0.719769 1.0
0.786644 0.5624 0.725186 1.0
0.791589 0.570729 0.730493 1.0
0.796402 0.579113 0.735686 1.0
0.801073 0.587505 0.740754 1.0
0.805585 0.595916 0.745683 1.0
0.809934 0.604323 0.750461 1.0
0.814105 0.612691 0.755072 1.0
0.818092 0.621032 0.759494 1.0
0.821892 0.629302 0.763733 1.0
0.825481 0.637498 0.767765 1.0
0.828871 0.645585 0.771589 1.0
0.832042 0.653555 0.775175 1.0
0.834992 0.661385 0.778533 1.0
0.837725 0.669049 0.78165 1.0
0.840232 0.676532 0.784516 1.0
0.842516 0.683811 0.787127 1.0
0.844575 0.690881 0.789484 1.0
0.846414 0.697729 0.791584 1.0
0.848043 0.70434 0.793438 1.0
0.849467 0.710707 0.795034 1.0
0.850679 0.716823 0.796387 1.0
0.851704 0.722675 0.797505 1.0
0.852545 0.72828 0.798393 1.0
0.853199 0.733631 0.79906 1.0
0.853688 0.738726 0.799513 1.0
0.854021 0.743569 0.799761 1.0
0.854204 0.748167 0.799816 1.0
0.854245 0.752516 0.799688 1.0
0.854154 0.75664 0.799388 1.0
0.853939 0.760534 0.798923 1.0
0.853609 0.764202 0.798306 1.0
0.853176 0.767656 0.797549 1.0
0.852646 0.770911 0.79666 1.0
0.852019 0.773955 0.795651 1.0
0.851302 0.776821 0.79453 1.0
0.850515 0.77949 0.793304 1.0
0.849658 0.781993 0.791974 1.0
0.848729 0.784323 0.79056 1.0
0.847737 0.786491 0.789068 1.0
0.84669 0.788501 0.787492 1.0
0.845591 0.790366 0.785849 1.0
0.84444 0.792095 0.784137 1.0
0.843235 0.793698 0.782352 1.0
0.841984 0.795166 0.7805 1.0
0.840675 0.79652 0.77858 1.0
0.839311 0.797767 0.776588 1.0
0.837888 0.798912 0.774506 1.0
0.836394 0.799954 0.772342 1.0
0.834828 0.800895 0.770075 1.0
0.833175 0.801744 0.767693 1.0
0.831433 0.802498 0.765192 1.0
0.829579 0.803158 0.762536 1.0
0.827601 0.803719 0.759724 1.0
0.825493 0.804175 0.756737 1.0
0.823236 0.804516 0.753547 1.0
0.820811 0.804733 0.75014 1.0
0.818203 0.804815 0.746495 1.0
0.8154 0.80475 0.742593 1.0
0.812374 0.804519 0.738402 1.0
0.809118 0.804104 0.733915 1.0
0.805596 0.803483 0.729101 1.0
0.801807 0.802638 0.723944 1.0
0.797724 0.801546 0.718424 1.0
0.793335 0.800185 0.712521 1.0
0.788609 0.798521 0.706228 1.0
0.78354 0.796535 0.699512 1.0
0.778115 0.794213 0.692391 1.0
0.772325 0.791515 0.684832 1.0
0.76617 0.78844 0.676869 1.0
0.759644 0.784968 0.668493 1.0
0.752768 0.781087 0.659733 1.0
0.745556 0.776805 0.650619 1.0
0.738026 0.772114 0.641182 1.0
0.730218 0.767033 0.631484 1.0
0.72215 0.761582 0.621553 1.0
0.713884 0.755784 0.611465 1.0
0.705448 0.749656 0.601256 1.0
0.696889 0.743254 0.590995 1.0
0.688251 0.736583 0.580733 1.0
0.679563 0.729701 0.570512 1.0
0.670885 0.722623 0.560391 1.0
0.662229 0.715405 0.550391 1.0
0.65362 0.708054 0.54055 1.0
0.645096 0.700613 0.530895 1.0
0.636681 0.693104 0.52144 1.0
0.628372 0.685545 0.512209 1.0
0.62019 0.67796 0.503201 1.0
0.612134 0.670367 0.494446 1.0
0.604236 0.662773 0.485909 1.0
0.59647 0.65519 0.477623 1.0
0.588849 0.647642 0.469583 1.0
0.581389 0.640134 0.461762 1.0
0.574072 0.63266 0.454181 1.0
0.566912 0.625236 0.446824 1.0
0.559891 0.617867 0.439693 1.0
0.553007 0.610561 0.432781 1.0
0.546284 0.603315 0.426069 1.0
0.539679 0.59613 0.41958 1.0
0.533226 0.58901 0.413282 1.0
0.526914 0.581968 0.407172 1.0
0.520717 0.574994 0.40126 1.0
0.514663 0.568095 0.395525 1.0
0.508732 0.561267 0.389953 1.0
0.502908 0.554517 0.384566 1.0
0.497226 0.547836 0.379344 1.0
0.491659 0.541225 0.374286 1.0
0.486187 0.534698 0.369365 1.0
0.480833 0.528236 0.364595 1.0
0.475599 0.521837 0.359972 1.0
0.47045 0.515513 0.355492 1.0
0.465388 0.509258 0.351122 1.0
0.460424 0.503042 0.346875 1.0
0.455552 0.49689 0.342745 1.0
0.450746 0.490791 0.338706 1.0
0.445999 0.4847 0.334785 1.0
0.441325 0.478657 0.330917 1.0
0.436703 0.472631 0.327155 1.0
0.432131 0.466622 0.323474 1.0
0.427591 0.46061 0.319862 1.0
0.423078 0.454627 0.31631 1.0
0.418617 0.448629 0.312805 1.0
0.414194 0.442636 0.309395 1.0
0.409806 0.436642 0.306024 1.0
0.405446 0.430653 0.302685 1.0
0.401128 0.424671 0.299449 1.0
0.396828 0.418692 0.296246 1.0
0.392591 0.412747 0.293104 1.0
0.388398 0.406798 0.29003 1.0
0.384244 0.400893 0.287014 1.0
0.380149 0.394994 0.284074 1.0
0.376111 0.389146 0.281188 1.0
0.372115 0.383336 0.278389 1.0
0.368203 0.377566 0.275657 1.0
0.364344 0.371847 0.272969 1.0
0.360555 0.366209 0.270382 1.0
0.356867 0.360604 0.267825 1.0
0.353231 0.355114 0.26539 1.0
0.349687 0.349667 0.263026 1.0
0.346217 0.344303 0.260727 1.0
0.342866 0.339056 0.258511 1.0
0.339591 0.333887 0.256373 1.0
0.336394 0.32882 0.254342 1.0
0.333326 0.323846 0.25237 1.0
0.330337 0.318997 0.250471 1.0
0.327452 0.314252 0.248696 1.0
0.324674 0.30964 0.246965 1.0
0.322009 0.305123 0.24532 1.0
0.319444 0.300716 0.243769 1.0
0.316977 0.29645 0.242309 1.0
0.314604 0.292283 0.240914 1.0
0.312334 0.288227 0.239613 1.0
0.310193 0.284282 0.238366 1.0
0.308103 0.280435 0.237234 1.0
0.306142 0.276712 0.236133 1.0
0.30423 0.273054 0.235121 1.0
0.302414 0.269494 0.234152 1.0
0.300692 0.265998 0.233248 1.0
0.299059 0.262568 0.232447 1.0
0.297484 0.25922 0.231704 1.0
0.295982 0.255894 0.231002 1.0
0.294554 0.25265 0.230358 1.0
0.293206 0.249426 0.229791 1.0
0.291941 0.246247 0.229311 1.0
0.290731 0.2431 0.228903 1.0
0.289612 0.239988 0.228559 1.0
0.288564 0.236926 0.228286 1.0
0.287595 0.233831 0.228094 1.0
0.286723 0.230801 0.227991 1.0
0.28595 0.227796 0.227986 1.0
0.285287 0.22478 0.228086 1.0
0.28474 0.221841 0.2283 1.0
0.28432 0.218938 0.228635 1.0
0.284039 0.216081 0.229092 1.0
0.283909 0.213228 0.229688 1.0
0.283947 0.21048 0.230472 1.0
0.284167 0.207793 0.231448 1.0
0.28459 0.205176 0.232578 1.0
0.285235 0.202653 0.233925 1.0
0.286126 0.200228 0.235529 1.0
0.287291 0.197952 0.237369 1.0
0.288761 0.195806 0.239455 1.0
0.290526 0.193826 0.241856 1.0
0.292654 0.191986 0.244552 1.0
0.295152 0.190366 0.247637 1.0
0.298053 0.188977 0.251062 1.0
0.301386 0.187848 0.254882 1.0
0.30519 0.186937 0.259096 1.0
