0.010753 0.014697 0.019692 1.0
0.014705 0.022477 0.03011 1.0
0.018513 0.030323 0.04078 1.0
0.022378 0.038435 0.050426 1.0
0.026306 0.046036 0.059125 1.0
0.030304 0.053084 0.06696 1.0
0.034413 0.059722 0.074236 1.0
0.038727 0.065759 0.081005 1.0
0.042807 0.071572 0.087422 1.0
0.046912 0.076977 0.093391 1.0
0.050665 0.082318 0.099291 1.0
0.054034 0.087386 0.105264 1.0
0.057094 0.092252 0.111406 1.0
0.05984 0.096955 0.117574 1.0
0.061906 0.101764 0.123839 1.0
0.063619 0.106781 0.13024 1.0
0.065295 0.111812 0.136574 1.0
0.06704 0.116915 0.143036 1.0
0.068875 0.122095 0.149526 1.0
0.070634 0.127396 0.156034 1.0
0.072509 0.132771 0.162552 1.0
0.074477 0.138204 0.169098 1.0
0.076456 0.143668 0.175595 1.0
0.078557 0.149202 0.182112 1.0
0.08079 0.154778 0.188638 1.0
0.08306 0.160393 0.195092 1.0
0.085423 0.166078 0.201483 1.0
0.087972 0.171786 0.207853 1.0
0.090567 0.177545 0.214133 1.0
0.093232 0.18326 0.220332 1.0
0.096073 0.189035 0.226414 1.0
0.099048 0.19481 0.232379 1.0
0.10212 0.200531 0.238216 1.0
0.1053 0.206323 0.243914 1.0
0.108613 0.212039 0.249479 1.0
0.112086 0.217721 0.254898 1.0
0.115617 0.22338 0.260106 1.0
0.119265 0.228989 0.265133 1.0
0.122989 0.234553 0.269996 1.0
0.126857 0.240022 0.27462 1.0
0.130849 0.245439 0.279068 1.0
0.134881 0.250798 0.283276 1.0
0.138951 0.256048 0.287251 1.0
0.143145 0.261228 0.291027 1.0
0.14738 0.266306 0.294544 1.0
0.151645 0.271268 0.29784 1.0
0.156004 0.276147 0.300894 1.0
0.160318 0.280867 0.303715 1.0
0.164731 0.285506 0.306317 1.0
0.169166 0.290031 0.308659 1.0
0.173556 0.294428 0.310775 1.0
0.178017 0.298716 0.312636 1.0
0.1824 0.302864 0.3143 1.0
0.186842 0.306916 0.315751 1.0
0.191253 0.310846 0.316965 1.0
0.195664 0.314629 0.317978 1.0
0.200042 0.318327 0.318792 1.0
0.20446 0.321901 0.319412 1.0
0.208804 0.325363 0.319848 1.0
0.213139 0.328745 0.320104 1.0
0.217489 0.33201 0.320186 1.0
0.221792 0.335193 0.320103 1.0
0.226115 0.338255 0.319861 1.0
0.230374 0.341265 0.31947 1.0
0.234681 0.344173 0.31894 1.0
0.238923 0.347038 0.318279 1.0
0.243176 0.349812 0.317491 1.0
0.247449 0.352526 0.316589 1.0
0.25171 0.355198 0.315573 1.0
0.255942 0.357801 0.314434 1.0
0.26021 0.360342 0.313216 1.0
0.264469 0.362862 0.311879 1.0
0.268751 0.365341 0.310498 1.0
0.273021 0.36778 0.309008 1.0
0.277316 0.370193 0.307415 1.0
0.281616 0.372579 0.305795 1.0
0.285925 0.374946 0.304064 1.0
0.290267 0.377293 0.302282 1.0
0.294627 0.379616 0.300452 1.0
0.299021 0.381926 0.298565 1.0
0.303407 0.384228 0.296633 1.0
0.307831 0.386515 0.294629 1.0
0.312276 0.388813 0.292599 1.0
0.316769 0.391095 0.290521 1.0
0.321267 0.393363 0.288414 1.0
0.325789 0.395648 0.286257 1.0
0.33036 0.397923 0.284087 1.0
0.334965 0.4002 0.281891 1.0
0.339585 0.402473 0.27966 1.0
0.344221 0.40476 0.277399 1.0
0.348924 0.407059 0.275117 1.0
0.353644 0.40936 0.272813 1.0
0.358412 0.411665 0.270515 1.0
0.363216 0.413984 0.268161 1.0
0.368065 0.416312 0.265832 1.0
0.372949 0.418645 0.263483 1.0
0.377884 0.420993 0.261105 1.0
0.382865 0.423355 0.258737 1.0
0.387883 0.425735 0.256346 1.0
0.392957 0.428127 0.253979 1.0
0.398087 0.430528 0.251604 1.0
0.40326 0.432943 0.249209 1.0
0.408481 0.435379 0.246826 1.0
0.413762 0.437823 0.24444 1.0
0.419098 0.440271 0.242092 1.0
0.424487 0.442749 0.239736 1.0
0.429935 0.445229 0.237417 1.0
0.435446 0.44772 0.23509 1.0
0.440997 0.450241 0.232761 1.0
0.446626 0.45277 0.230476 1.0
0.452317 0.455302 0.228247 1.0
0.45805 0.457842 0.226025 1.0
0.463863 0.460395 0.223816 1.0
0.469736 0.46296 0.221669 1.0
0.475666 0.465536 0.219575 1.0
0.481657 0.468124 0.217516 1.0
0.487724 0.470721 0.215509 1.0
0.493842 0.473306 0.21356 1.0
0.500027 0.475918 0.2117 1.0
0.506285 0.478518 0.209872 1.0
0.512611 0.481122 0.208142 1.0
0.519008 0.48373 0.206514 1.0
0.525458 0.486342 0.204928 1.0
0.53198 0.488949 0.203465 1.0
0.538571 0.491567 0.20208 1.0
0.545217 0.494161 0.200816 1.0
0.551934 0.496747 0.199677 1.0
0.5587 0.499335 0.198667 1.0
0.565538 0.501923 0.19779 1.0
0.572444 0.504495 0.197061 1.0
0.579398 0.507041 0.196466 1.0
0.586401 0.509584 0.196003 1.0
0.593461 0.512106 0.195704 1.0
0.600565 0.514621 0.195578 1.0
0.607724 0.51711 0.195628 1.0
0.614908 0.51957 0.195861 1.0
0.622139 0.522008 0.196288 1.0
0.629405 0.524435 0.196891 1.0
0.636706 0.526835 0.197664 1.0
0.644015 0.529201 0.198646 1.0
0.65136 0.531533 0.199831 1.0
0.658707 0.533834 0.201229 1.0
0.666072 0.536117 0.202843 1.0
0.673443 0.538372 0.204668 1.0
0.680806 0.540579 0.206694 1.0
0.688177 0.542766 0.208891 1.0
0.695533 0.544912 0.211329 1.0
0.702875 0.54703 0.21396 1.0
0.710196 0.54912 0.216803 1.0
0.717498 0.551171 0.219836 1.0
0.724766 0.553188 0.223074 1.0
0.732003 0.555184 0.226505 1.0
0.739206 0.55716 0.230098 1.0
0.746357 0.559088 0.23392 1.0
0.753468 0.561 0.23793 1.0
0.760533 0.562896 0.242103 1.0
0.767537 0.564753 0.246451 1.0
0.774488 0.566607 0.250993 1.0
0.781382 0.568429 0.255684 1.0
0.788204 0.57024 0.260551 1.0
0.79496 0.572046 0.265581 1.0
0.801642 0.573833 0.270777 1.0
0.808252 0.575621 0.276121 1.0
0.814779 0.577391 0.281596 1.0
0.821227 0.579171 0.287225 1.0
0.827587 0.580942 0.293013 1.0
0.833864 0.582717 0.298949 1.0
0.840044 0.584505 0.305009 1.0
0.846122 0.586299 0.311204 1.0
0.852114 0.588095 0.317528 1.0
0.857992 0.589913 0.323975 1.0
0.863776 0.591754 0.330553 1.0
0.869442 0.593602 0.337256 1.0
0.874999 0.595471 0.344053 1.0
0.88044 0.597368 0.350993 1.0
0.885767 0.599286 0.35802 1.0
0.890967 0.601223 0.365144 1.0
0.896046 0.603196 0.372373 1.0
0.900995 0.60519 0.379704 1.0
0.905817 0.607224 0.387114 1.0
0.910503 0.609277 0.394618 1.0
0.91505 0.611361 0.402191 1.0
0.919463 0.613469 0.409859 1.0
0.923739 0.615617 0.417579 1.0
0.927865 0.617794 0.425363 1.0
0.931854 0.620007 0.433199 1.0
0.935701 0.622232 0.441089 1.0
0.939399 0.624502 0.449037 1.0
0.942953 0.626789 0.457005 1.0
0.946354 0.629107 0.465016 1.0
0.949616 0.631451 0.473048 1.0
0.952732 0.633819 0.481108 1.0
0.955705 0.636207 0.489183 1.0
0.95853 0.638611 0.497276 1.0
0.961213 0.641035 0.505355 1.0
0.963757 0.64348 0.513454 1.0
0.966164 0.64594 0.521531 1.0
0.968439 0.648414 0.529613 1.0
0.970577 0.650903 0.537674 1.0
0.972592 0.653396 0.545714 1.0
0.974473 0.655909 0.553726 1.0
0.976236 0.658417 0.561727 1.0
0.977883 0.660933 0.569685 1.0
0.979417 0.663465 0.577622 1.0
0.980837 0.665986 0.585537 1.0
0.982155 0.668518 0.593404 1.0
0.983366 0.671047 0.601236 1.0
0.984488 0.673577 0.609045 1.0
0.985511 0.676107 0.616807 1.0
0.986448 0.678636 0.624536 1.0
0.987302 0.68116 0.632231 1.0
0.988071 0.683691 0.639896 1.0
0.988771 0.686219 0.647523 1.0
0.989401 0.688747 0.65512 1.0
0.98996 0.691262 0.6627 1.0
0.990456 0.693784 0.670249 1.0
0.990893 0.696312 0.677772 1.0
0.991275 0.698827 0.685275 1.0
0.991605 0.70135 0.692767 1.0
0.991885 0.703875 0.700236 1.0
0.99212 0.706404 0.7077 1.0
0.992311 0.708933 0.715164 1.0
0.992461 0.711464 0.722616 1.0
0.992573 0.713995 0.730083 1.0
0.992649 0.716542 0.737542 1.0
0.992691 0.719087 0.745016 1.0
0.992701 0.721638 0.752499 1.0
0.99268 0.724205 0.760001 1.0
0.99263 0.726777 0.767519 1.0
0.992553 0.729361 0.77506 1.0
0.992449 0.731956 0.782627 1.0
0.992319 0.73456 0.790218 1.0
0.992164 0.737174 0.797837 1.0
0.991985 0.739807 0.805487 1.0
0.991783 0.742445 0.81317 1.0
0.991557 0.745094 0.820887 1.0
0.991309 0.747765 0.82864 1.0
0.991037 0.750442 0.836423 1.0
0.990743 0.753129 0.844243 1.0
0.990426 0.755839 0.852101 1.0
0.990085 0.758559 0.85999 1.0
0.989722 0.761287 0.867914 1.0
0.989334 0.764029 0.875868 1.0
0.98892 0.766782 0.883858 1.0
0.98848 0.769547 0.891877 1.0
0.988016 0.772325 0.899926 1.0
0.987529 0.77511 0.908005 1.0
0.987013 0.77791 0.916102 1.0
0.986467 0.780712 0.924232 1.0
0.985893 0.783527 0.932382 1.0
0.985291 0.786351 0.94056 1.0
0.984659 0.789179 0.948751 1.0
0.983992 0.79201 0.956963 1.0
0.983293 0.794852 0.965193 1.0
0.982566 0.797698 0.973442 1.0
0.981802 0.800553 0.981706 1.0
