1.0 1.0 0.999909 1.0
0.994881 0.994862 0.994734 1.0
0.989763 0.989732 0.989566 1.0
0.984649 0.984604 0.984394 1.0
0.979539 0.979479 0.979217 1.0
0.974435 0.974358 0.974039 1.0
0.969344 0.969248 0.968861 1.0
0.96426 0.964141 0.963676 1.0
0.959189 0.959045 0.95849 1.0
0.954127 0.953954 0.953293 1.0
0.949073 0.948866 0.948083 1.0
0.944035 0.94379 0.942869 1.0
0.939009 0.938721 0.937638 1.0
0.933995 0.933657 0.93239 1.0
0.929001 0.928606 0.92713 1.0
0.924029 0.923571 0.921857 1.0
0.919069 0.918538 0.916558 1.0
0.914142 0.913527 0.911239 1.0
0.90923 0.908525 0.905898 1.0
0.904349 0.90354 0.900528 1.0
0.899502 0.898571 0.895136 1.0
0.894686 0.893625 0.889711 1.0
0.889901 0.888705 0.884263 1.0
0.885162 0.883807 0.878779 1.0
0.880465 0.878932 0.873268 1.0
0.87582 0.874094 0.867728 1.0
0.871224 0.869292 0.862158 1.0
0.866685 0.864526 0.85655 1.0
0.862214 0.859804 0.850916 1.0
0.857798 0.855127 0.845259 1.0
0.853457 0.850496 0.839577 1.0
0.849199 0.845923 0.833868 1.0
0.845013 0.841412 0.828132 1.0
0.840914 0.836961 0.822387 1.0
0.836903 0.832574 0.816622 1.0
0.832981 0.828259 0.810843 1.0
0.829163 0.824018 0.805059 1.0
0.825432 0.819854 0.799276 1.0
0.821813 0.815776 0.793489 1.0
0.818287 0.811776 0.7877 1.0
0.814873 0.807861 0.781929 1.0
0.811565 0.804034 0.776162 1.0
0.808361 0.800295 0.770413 1.0
0.805259 0.796638 0.764685 1.0
0.802265 0.793081 0.758975 1.0
0.799381 0.789604 0.75329 1.0
0.796585 0.786218 0.747641 1.0
0.793901 0.78291 0.742011 1.0
0.791301 0.779691 0.736413 1.0
0.788802 0.776556 0.730851 1.0
0.78639 0.77349 0.725327 1.0
0.784061 0.770509 0.719827 1.0
0.78181 0.767591 0.714358 1.0
0.779633 0.76475 0.708936 1.0
0.777536 0.761964 0.703534 1.0
0.775495 0.759241 0.698164 1.0
0.77352 0.756577 0.692837 1.0
0.771609 0.753964 0.687524 1.0
0.76974 0.7514 0.682241 1.0
0.767923 0.748868 0.676996 1.0
0.766155 0.746383 0.671761 1.0
0.764422 0.743932 0.66655 1.0
0.762723 0.741507 0.661369 1.0
0.761061 0.739121 0.656203 1.0
0.75942 0.736742 0.651047 1.0
0.757813 0.73439 0.645904 1.0
0.756221 0.732051 0.640779 1.0
0.754652 0.729719 0.635662 1.0
0.753087 0.727392 0.630559 1.0
0.751551 0.725077 0.625451 1.0
0.750009 0.722745 0.620359 1.0
0.748486 0.720419 0.615252 1.0
0.746965 0.718082 0.610157 1.0
0.745444 0.715734 0.60506 1.0
0.743928 0.713357 0.599961 1.0
0.742411 0.710966 0.594852 1.0
0.740884 0.708544 0.589736 1.0
0.739368 0.706088 0.584623 1.0
0.737826 0.703595 0.579499 1.0
0.736284 0.70106 0.574352 1.0
0.734741 0.698476 0.569208 1.0
0.733179 0.69585 0.564064 1.0
0.731605 0.693161 0.558894 1.0
0.730024 0.690405 0.553729 1.0
0.728421 0.687593 0.548569 1.0
0.72681 0.684706 0.543393 1.0
0.725189 0.681746 0.538231 1.0
0.723542 0.678717 0.533065 1.0
0.721888 0.675608 0.527917 1.0
0.720226 0.672423 0.522796 1.0
0.718546 0.669151 0.517701 1.0
0.716866 0.665801 0.512632 1.0
0.715168 0.662378 0.50762 1.0
0.713466 0.658865 0.502649 1.0
0.711763 0.65529 0.497762 1.0
0.710058 0.65165 0.49292 1.0
0.708357 0.647933 0.488191 1.0
0.706662 0.644164 0.483533 1.0
0.70497 0.64035 0.478994 1.0
0.703297 0.636487 0.474567 1.0
0.701631 0.632579 0.470255 1.0
0.699992 0.628648 0.466063 1.0
0.69837 0.624689 0.462019 1.0
0.696777 0.620722 0.458106 1.0
0.695207 0.616741 0.454345 1.0
0.693663 0.612751 0.450717 1.0
0.692159 0.608787 0.447232 1.0
0.690669 0.604815 0.443906 1.0
0.689229 0.60086 0.440701 1.0
0.687808 0.596935 0.437661 1.0
0.686422 0.593027 0.434736 1.0
0.685071 0.589133 0.431953 1.0
0.683745 0.585289 0.429275 1.0
0.682453 0.581455 0.426725 1.0
0.681188 0.577655 0.424282 1.0
0.679953 0.57389 0.421938 1.0
0.678746 0.570149 0.419707 1.0
0.677568 0.566447 0.417553 1.0
0.676401 0.562768 0.415472 1.0
0.675257 0.559103 0.413475 1.0
0.674134 0.555468 0.411534 1.0
0.673033 0.551869 0.409665 1.0
0.67194 0.548283 0.407838 1.0
0.670868 0.54471 0.406071 1.0
0.669806 0.541155 0.404328 1.0
0.668753 0.53763 0.402632 1.0
0.667713 0.5341 0.400984 1.0
0.666672 0.530599 0.399329 1.0
0.665652 0.527107 0.397732 1.0
0.66463 0.523619 0.396143 1.0
0.663627 0.520134 0.394568 1.0
0.662618 0.516672 0.393013 1.0
0.661615 0.513211 0.391481 1.0
0.660609 0.509753 0.389939 1.0
0.659616 0.506298 0.388428 1.0
0.65862 0.50285 0.386908 1.0
0.657636 0.499407 0.385403 1.0
0.656645 0.495966 0.383912 1.0
0.655654 0.492529 0.382411 1.0
0.654661 0.489095 0.380933 1.0
0.653676 0.48566 0.379435 1.0
0.652687 0.482235 0.377948 1.0
0.651708 0.478798 0.376473 1.0
0.650719 0.475374 0.374978 1.0
0.649734 0.471941 0.373496 1.0
0.648744 0.468501 0.372005 1.0
0.647751 0.465067 0.370521 1.0
0.646765 0.461638 0.369046 1.0
0.645767 0.458197 0.367548 1.0
0.644772 0.454769 0.366071 1.0
0.643774 0.451324 0.36457 1.0
0.642778 0.447873 0.363074 1.0
0.64177 0.444441 0.361582 1.0
0.640761 0.440978 0.360072 1.0
0.639749 0.437538 0.358559 1.0
0.638724 0.434063 0.357059 1.0
0.637695 0.430607 0.355537 1.0
0.636661 0.427139 0.353989 1.0
0.635607 0.423647 0.352451 1.0
0.634552 0.420163 0.350908 1.0
0.633477 0.416669 0.349334 1.0
0.632388 0.413162 0.347757 1.0
0.631284 0.409638 0.346145 1.0
0.630159 0.406106 0.344534 1.0
0.629011 0.402545 0.342912 1.0
0.627843 0.398978 0.341245 1.0
0.626643 0.395404 0.339568 1.0
0.625416 0.391797 0.337839 1.0
0.624161 0.388168 0.336093 1.0
0.622861 0.384515 0.334327 1.0
0.62152 0.380853 0.332513 1.0
0.620149 0.377148 0.330636 1.0
0.618722 0.373414 0.328744 1.0
0.617237 0.369651 0.326778 1.0
0.615699 0.365865 0.324776 1.0
0.614102 0.36204 0.322736 1.0
0.612446 0.358175 0.320621 1.0
0.610727 0.354275 0.31843 1.0
0.608934 0.350346 0.316195 1.0
0.60706 0.346357 0.313876 1.0
0.605102 0.342354 0.31148 1.0
0.60307 0.338286 0.30904 1.0
0.600947 0.334206 0.306498 1.0
0.59874 0.330068 0.303864 1.0
0.596443 0.325876 0.301162 1.0
0.594049 0.321667 0.298383 1.0
0.591565 0.31742 0.295519 1.0
0.588974 0.313131 0.292572 1.0
0.586302 0.308819 0.289547 1.0
0.583522 0.304447 0.286411 1.0
0.580653 0.30006 0.283228 1.0
0.57768 0.29564 0.27994 1.0
0.574617 0.291212 0.276585 1.0
0.571467 0.286727 0.273138 1.0
0.568223 0.282267 0.269626 1.0
0.564888 0.277757 0.266032 1.0
0.561478 0.273243 0.262364 1.0
0.557977 0.268718 0.258637 1.0
0.554408 0.26418 0.254861 1.0
0.550758 0.259639 0.251002 1.0
0.54704 0.255099 0.24709 1.0
0.543258 0.250528 0.243122 1.0
0.539406 0.245981 0.23913 1.0
0.535501 0.241456 0.235103 1.0
0.531549 0.236932 0.231003 1.0
0.527542 0.232388 0.226884 1.0
0.523492 0.227872 0.222732 1.0
0.519395 0.223357 0.218545 1.0
0.515257 0.218851 0.214337 1.0
0.511086 0.214356 0.210104 1.0
0.506884 0.209869 0.205872 1.0
0.502649 0.205398 0.201581 1.0
0.4984 0.20092 0.19733 1.0
0.494107 0.196512 0.193043 1.0
0.489788 0.192048 0.188761 1.0
0.485456 0.187651 0.18446 1.0
0.481101 0.183191 0.180154 1.0
0.476733 0.178802 0.175846 1.0
0.472344 0.174395 0.17157 1.0
0.467928 0.169998 0.167303 1.0
0.463498 0.165567 0.163022 1.0
0.459061 0.161222 0.158751 1.0
0.454602 0.156818 0.154465 1.0
0.450116 0.152406 0.150238 1.0
0.445612 0.14803 0.146005 1.0
0.4411 0.143644 0.141783 1.0
0.436575 0.139212 0.1376 1.0
0.432034 0.134856 0.133402 1.0
0.427462 0.130453 0.129227 1.0
0.422861 0.126012 0.125102 1.0
0.418258 0.121517 0.120972 1.0
0.413642 0.11708 0.116915 1.0
0.408998 0.112652 0.112911 1.0
0.404334 0.108099 0.108855 1.0
0.399649 0.103634 0.104838 1.0
0.39496 0.099059 0.10092 1.0
0.390238 0.094525 0.096994 1.0
0.385503 0.089888 0.093119 1.0
0.380767 0.085202 0.089344 1.0
0.375996 0.080518 0.085505 1.0
0.371204 0.075751 0.081859 1.0
0.366423 0.070994 0.078058 1.0
0.361624 0.066081 0.074313 1.0
0.35684 0.061064 0.070322 1.0
0.352043 0.056052 0.066182 1.0
0.347287 0.050813 0.061797 1.0
0.342522 0.045462 0.057219 1.0
0.337762 0.039997 0.052327 1.0
0.333038 0.034289 0.047198 1.0
0.328305 0.028994 0.041679 1.0
0.323599 0.023947 0.03572 1.0
0.318914 0.01913 0.029528 1.0
0.314244 0.014539 0.023554 1.0
0.309614 0.00996 0.017575 1.0
0.304982 0.005813 0.011559 1.0
0.300376 0.001865 0.005395 1.0
