0.960784 0.988235 1.0 1.0
0.9530946666666666 0.9845440980392156 0.9984621176470588 1.0
0.9454053333333333 0.9808531960784314 0.9969242352941177 1.0
0.937716 0.977162294117647 0.9953863529411765 1.0
0.9300266666666667 0.9734713921568627 0.9938484705882353 1.0
0.9223373333333333 0.9697804901960784 0.9923105882352942 1.0
0.914648 0.9660895882352941 0.990772705882353 1.0
0.9069586666666667 0.9623986862745098 0.9892348235294118 1.0
0.8992693333333334 0.9587077843137255 0.9876969411764707 1.0
0.8915799999999999 0.9550168823529411 0.9861590588235294 1.0
0.8838906666666666 0.9513259803921569 0.9846211764705882 1.0
0.8762013333333333 0.9476350784313725 0.983083294117647 1.0
0.868512 0.9439441764705883 0.9815454117647059 1.0
0.8611302352941176 0.9400226078431373 0.9797768627450981 1.0
0.8546711764705882 0.9354090392156863 0.9773163137254902 1.0
0.8482121176470588 0.9307954705882353 0.9748557647058824 1.0
0.8417530588235294 0.9261819019607843 0.9723952156862745 1.0
0.835294 0.9215683333333333 0.9699346666666667 1.0
0.8288349411764706 0.9169547647058823 0.9674741176470588 1.0
0.8223758823529411 0.9123411960784314 0.965013568627451 1.0
0.8159168235294117 0.9077276274509805 0.9625530196078431 1.0
0.8094577647058824 0.9031140588235295 0.9600924705882353 1.0
0.8029987058823529 0.8985004901960785 0.9576319215686274 1.0
0.7965396470588235 0.8938869215686275 0.9551713725490196 1.0
0.7900805882352941 0.8892733529411765 0.9527108235294117 1.0
0.7836215294117647 0.8846597843137255 0.9502502745098039 1.0
0.7790848039215686 0.8808920196078431 0.9478665882352941 1.0
0.7764704117647059 0.8779700588235294 0.9455597647058823 1.0
0.7738560196078431 0.8750480980392157 0.9432529411764705 1.0
0.7712416274509803 0.872126137254902 0.9409461176470588 1.0
0.7686272352941176 0.8692041764705882 0.938639294117647 1.0
0.7660128431372549 0.8662822156862745 0.9363324705882353 1.0
0.7633984509803922 0.8633602549019608 0.9340256470588235 1.0
0.7607840588235294 0.8604382941176472 0.9317188235294117 1.0
0.7581696666666666 0.8575163333333333 0.929412 1.0
0.755555274509804 0.8545943725490196 0.9271051764705882 1.0
0.7529408823529412 0.8516724117647059 0.9247983529411764 1.0
0.7503264901960784 0.8487504509803921 0.9224915294117647 1.0
0.7477120980392157 0.8458284901960784 0.9201847058823529 1.0
0.7450977058823529 0.8429065294117647 0.9178778823529412 1.0
0.7424833137254903 0.839984568627451 0.9155710588235294 1.0
0.7398689215686275 0.8370626078431372 0.9132642352941176 1.0
0.7372545294117647 0.8341406470588235 0.9109574117647059 1.0
0.734640137254902 0.8312186862745098 0.9086505882352941 1.0
0.7320257450980392 0.8282967254901961 0.9063437647058823 1.0
0.7294113529411765 0.8253747647058823 0.9040369411764706 1.0
0.7267969607843138 0.8224528039215686 0.9017301176470588 1.0
0.724182568627451 0.8195308431372549 0.899423294117647 1.0
0.7215681764705882 0.8166088823529412 0.8971164705882353 1.0
0.7189537843137256 0.8136869215686274 0.8948096470588235 1.0
0.7163393921568628 0.8107649607843137 0.8925028235294118 1.0
0.713725 0.807843 0.890196 1.0
0.7101879019607844 0.8044597058823529 0.8874278431372549 1.0
0.7066508039215686 0.8010764117647059 0.8846596862745099 1.0
0.703113705882353 0.7976931176470589 0.8818915294117647 1.0
0.6995766078431374 0.7943098235294117 0.8791233725490196 1.0
0.6960395098039216 0.7909265294117647 0.8763552156862745 1.0
0.692502411764706 0.7875432352941176 0.8735870588235294 1.0
0.6889653137254902 0.7841599411764706 0.8708189019607843 1.0
0.6854282156862745 0.7807766470588235 0.8680507450980393 1.0
0.6818911176470589 0.7773933529411765 0.8652825882352941 1.0
0.6783540196078433 0.7740100588235295 0.862514431372549 1.0
0.6748169215686275 0.7706267647058823 0.8597462745098039 1.0
0.6712798235294118 0.7672434705882353 0.8569781176470588 1.0
0.6677427254901961 0.7638601764705882 0.8542099607843138 1.0
0.6642056274509804 0.7604768823529412 0.8514418039215687 1.0
0.6606685294117648 0.7570935882352942 0.8486736470588235 1.0
0.657131431372549 0.753710294117647 0.8459054901960784 1.0
0.6535943333333334 0.750327 0.8431373333333333 1.0
0.6500572352941176 0.7469437058823529 0.8403691764705883 1.0
0.646520137254902 0.7435604117647059 0.8376010196078432 1.0
0.6429830392156863 0.7401771176470588 0.834832862745098 1.0
0.6394459411764706 0.7367938235294118 0.8320647058823529 1.0
0.6359088431372549 0.7334105294117648 0.8292965490196078 1.0
0.6323717450980393 0.7300272352941177 0.8265283921568628 1.0
0.6288346470588235 0.7266439411764706 0.8237602352941177 1.0
0.6252975490196079 0.7232606470588235 0.8209920784313726 1.0
0.6217604509803921 0.7198004509803921 0.8180701176470588 1.0
0.6182233529411765 0.7162633529411765 0.8149943529411765 1.0
0.6146862549019608 0.7127262549019608 0.8119185882352942 1.0
0.6111491568627451 0.7091891568627451 0.8088428235294117 1.0
0.6076120588235294 0.7056520588235294 0.8057670588235294 1.0
0.6040749607843138 0.7021149607843138 0.8026912941176471 1.0
0.600537862745098 0.698577862745098 0.7996155294117647 1.0
0.5970007647058824 0.6950407647058824 0.7965397647058824 1.0
0.5934636666666666 0.6915036666666666 0.793464 1.0
0.589926568627451 0.687966568627451 0.7903882352941176 1.0
0.5863894705882353 0.6844294705882353 0.7873124705882353 1.0
0.5828523725490196 0.6808923725490196 0.784236705882353 1.0
0.5793152745098039 0.6773552745098039 0.7811609411764706 1.0
0.5757781764705883 0.6738181764705883 0.7780851764705883 1.0
0.5722410784313725 0.6702810784313725 0.7750094117647058 1.0
0.5687039803921569 0.6667439803921569 0.7719336470588235 1.0
0.5651668823529411 0.6632068823529411 0.7688578823529412 1.0
0.5616297843137255 0.6596697843137255 0.7657821176470588 1.0
0.5580926862745098 0.6561326862745098 0.7627063529411764 1.0
0.554555588235294 0.6525955882352941 0.7596305882352941 1.0
0.5510184901960784 0.6490584901960784 0.7565548235294117 1.0
0.5474813921568628 0.6455213921568628 0.7534790588235294 1.0
0.543944294117647 0.641984294117647 0.7504032941176471 1.0
0.5404071960784314 0.6384471960784314 0.7473275294117646 1.0
0.5368700980392156 0.6349100980392156 0.7442517647058823 1.0
0.533333 0.631373 0.741176 1.0
0.5302572745098039 0.6281434705882353 0.7379465098039215 1.0
0.5271815490196078 0.6249139411764706 0.7347170196078431 1.0
0.5241058235294117 0.6216844117647058 0.7314875294117646 1.0
0.5210300980392156 0.6184548823529412 0.7282580392156862 1.0
0.5179543725490195 0.6152253529411764 0.7250285490196078 1.0
0.5148786470588235 0.6119958235294117 0.7217990588235293 1.0
0.5118029215686274 0.608766294117647 0.7185695686274509 1.0
0.5087271960784313 0.6055367647058824 0.7153400784313725 1.0
0.5056514705882352 0.6023072352941176 0.712110588235294 1.0
0.5025757450980392 0.5990777058823529 0.7088810980392156 1.0
0.49950001960784307 0.5958481764705882 0.7056516078431372 1.0
0.49642429411764705 0.5926186470588235 0.7024221176470589 1.0
0.4933485686274509 0.5893891176470588 0.6991926274509803 1.0
0.49027284313725483 0.5861595882352941 0.6959631372549019 1.0
0.48719711764705875 0.5829300588235293 0.6927336470588235 1.0
0.48412139215686273 0.5797005294117646 0.689504156862745 1.0
0.48104566666666665 0.576471 0.6862746666666666 1.0
0.47796994117647057 0.5732414705882353 0.6830451764705882 1.0
0.4748942156862745 0.5700119411764706 0.6798156862745097 1.0
0.47181849019607847 0.5667824117647059 0.6765861960784314 1.0
0.46874276470588233 0.5635528823529411 0.6733567058823529 1.0
0.46566703921568625 0.5603233529411764 0.6701272156862744 1.0
0.46259131372549017 0.5570938235294117 0.666897725490196 1.0
0.4595155882352941 0.553864294117647 0.6636682352941177 1.0
0.456439862745098 0.5506347647058824 0.6604387450980391 1.0
0.4535179215686274 0.5474821176470588 0.6572861176470588 1.0
0.45074976470588235 0.5444063529411765 0.6542103529411765 1.0
0.44798160784313723 0.5413305882352941 0.6511345882352941 1.0
0.4452134509803921 0.5382548235294117 0.6480588235294117 1.0
0.4424452941176471 0.5351790588235295 0.6449830588235295 1.0
0.43967713725490193 0.532103294117647 0.641907294117647 1.0
0.43690898039215686 0.5290275294117647 0.6388315294117647 1.0
0.43414082352941175 0.5259517647058823 0.6357557647058824 1.0
0.4313726666666666 0.522876 0.63268 1.0
0.42860450980392156 0.5198002352941176 0.6296042352941176 1.0
0.42583635294117644 0.5167244705882352 0.6265284705882352 1.0
0.4230681960784314 0.5136487058823529 0.6234527058823529 1.0
0.42030003921568626 0.5105729411764706 0.6203769411764706 1.0
0.41753188235294114 0.5074971764705882 0.6173011764705882 1.0
0.4147637254901961 0.5044214117647059 0.6142254117647059 1.0
0.41199556862745096 0.5013456470588236 0.6111496470588236 1.0
0.40922741176470584 0.4982698823529412 0.6080738823529411 1.0
0.4064592549019608 0.4951941176470588 0.6049981176470588 1.0
0.40369109803921566 0.49211835294117645 0.6019223529411765 1.0
0.4009229411764706 0.4890425882352941 0.5988465882352941 1.0
0.39815478431372553 0.48596682352941184 0.5957708235294119 1.0
0.39538662745098035 0.4828910588235294 0.5926950588235295 1.0
0.3926184705882353 0.47981529411764706 0.589619294117647 1.0
0.38985031372549017 0.47673952941176473 0.5865435294117647 1.0
0.38708215686274505 0.47366376470588234 0.5834677647058824 1.0
0.384314 0.470588 0.580392 1.0
0.3815458039215686 0.4676660392156863 0.5773162745098039 1.0
0.37877760784313724 0.46474407843137255 0.5742405490196079 1.0
0.37600941176470587 0.4618221176470588 0.5711648235294118 1.0
0.3732412156862745 0.4589001568627451 0.5680890980392157 1.0
0.3704730196078431 0.4559781960784314 0.5650133725490196 1.0
0.36770482352941175 0.45305623529411765 0.5619376470588235 1.0
0.3649366274509804 0.4501342745098039 0.5588619215686275 1.0
0.362168431372549 0.4472123137254902 0.5557861960784314 1.0
0.35940023529411763 0.44429035294117647 0.5527104705882353 1.0
0.35663203921568626 0.44136839215686274 0.5496347450980392 1.0
0.35386384313725494 0.43844643137254913 0.5465590196078433 1.0
0.3510956470588235 0.4355244705882353 0.5434832941176471 1.0
0.34832745098039214 0.43260250980392156 0.540407568627451 1.0
0.34555925490196077 0.42968054901960784 0.5373318431372549 1.0
0.3427910588235294 0.4267585882352941 0.5342561176470588 1.0
0.340022862745098 0.4238366274509804 0.5311803921568627 1.0
0.33725466666666665 0.42091466666666666 0.5281046666666667 1.0
0.3344864705882353 0.41799270588235293 0.5250289411764706 1.0
0.3317182745098039 0.4150707450980392 0.5219532156862745 1.0
0.32895007843137253 0.4121487843137255 0.5188774901960784 1.0
0.32618188235294115 0.40922682352941175 0.5158017647058823 1.0
0.3234136862745098 0.406304862745098 0.5127260392156863 1.0
0.3206454901960784 0.4033829019607843 0.5096503137254902 1.0
0.31787729411764704 0.4004609411764706 0.5065745882352941 1.0
0.31510909803921566 0.39753898039215685 0.503498862745098 1.0
0.3124947058823529 0.39461703921568625 0.5003462352941176 1.0
0.31003411764705885 0.3916951176470589 0.497116705882353 1.0
0.3075735294117647 0.38877319607843136 0.4938871764705882 1.0
0.3051129411764706 0.3858512745098039 0.49065764705882353 1.0
0.30265235294117643 0.38292935294117647 0.4874281176470588 1.0
0.3001917647058823 0.380007431372549 0.4841985882352941 1.0
0.2977311764705882 0.3770855098039216 0.4809690588235294 1.0
0.2952705882352941 0.3741635882352941 0.4777395294117647 1.0
0.29280999999999996 0.37124166666666664 0.47451 1.0
0.29034941176470586 0.3683197450980392 0.4712804705882353 1.0
0.28788882352941175 0.36539782352941175 0.46805094117647056 1.0
0.28542823529411765 0.3624759019607843 0.46482141176470587 1.0
0.2829676470588235 0.35955398039215686 0.4615918823529412 1.0
0.2805070588235294 0.3566320588235294 0.45836235294117644 1.0
0.2780464705882353 0.35371013725490197 0.45513282352941176 1.0
0.2755858823529412 0.3507882156862745 0.45190329411764707 1.0
0.273125294117647 0.347866294117647 0.4486737647058823 1.0
0.270664705882353 0.34494437254901966 0.4454442352941177 1.0
0.2682041176470588 0.34202245098039213 0.4422147058823529 1.0
0.2657435294117647 0.3391005294117647 0.4389851764705882 1.0
0.26328294117647055 0.33617860784313724 0.4357556470588235 1.0
0.26082235294117645 0.3332566862745098 0.43252611764705884 1.0
0.25836176470588235 0.33033476470588236 0.4292965882352941 1.0
0.25590117647058824 0.3274128431372549 0.4260670588235294 1.0
0.2534405882352941 0.32449092156862747 0.42283752941176467 1.0
0.25098 0.321569 0.419608 1.0
0.24898078431372547 0.3191084117647059 0.41683984313725486 1.0
0.24698156862745096 0.31664782352941173 0.4140716862745098 1.0
0.24498235294117646 0.31418723529411763 0.4113035294117647 1.0
0.24298313725490195 0.3117266470588235 0.4085353725490196 1.0
0.24098392156862744 0.3092660588235294 0.4057672156862745 1.0
0.23898470588235293 0.30680547058823526 0.4029990588235294 1.0
0.23698549019607842 0.30434488235294116 0.4002309019607843 1.0
0.23498627450980397 0.3018842941176471 0.3974627450980393 1.0
0.2329870588235294 0.29942370588235295 0.39469458823529413 1.0
0.2309878431372549 0.2969631176470588 0.391926431372549 1.0
0.2289886274509804 0.2945025294117647 0.3891582745098039 1.0
0.22698941176470588 0.2920419411764706 0.38639011764705883 1.0
0.22499019607843138 0.2895813529411765 0.3836219607843137 1.0
0.22299098039215687 0.2871207647058823 0.3808538039215686 1.0
0.22099176470588236 0.2846601764705882 0.3780856470588235 1.0
0.21899254901960785 0.2821995882352941 0.3753174901960784 1.0
0.21699333333333334 0.279739 0.37254933333333334 1.0
0.21499411764705884 0.27727841176470586 0.3697811764705882 1.0
0.2129949019607843 0.27481782352941175 0.3670130196078431 1.0
0.21099568627450982 0.27235723529411765 0.36424486274509804 1.0
0.2089964705882353 0.26989664705882355 0.3614767058823529 1.0
0.2069972549019608 0.2674360588235294 0.35870854901960786 1.0
0.20499803921568627 0.2649754705882353 0.35594039215686274 1.0
0.20299882352941184 0.26251488235294124 0.35317223529411773 1.0
0.20099960784313725 0.2600542941176471 0.35040407843137256 1.0
0.19900039215686274 0.2575936862745098 0.3476359019607843 1.0
0.19700117647058824 0.25513305882352943 0.34486770588235294 1.0
0.19500196078431373 0.252672431372549 0.34209950980392156 1.0
0.19300274509803922 0.2502118039215686 0.3393313137254902 1.0
0.1910035294117647 0.24775117647058822 0.3365631176470588 1.0
0.1890043137254902 0.24529054901960784 0.33379492156862745 1.0
0.1870050980392157 0.24282992156862745 0.33102672549019607 1.0
0.1850058823529412 0.24036929411764707 0.3282585294117647 1.0
0.18300666666666668 0.23790866666666666 0.3254903333333333 1.0
0.18100745098039217 0.23544803921568627 0.32272213725490195 1.0
0.17900823529411766 0.2329874117647059 0.3199539411764706 1.0
0.17700901960784315 0.23052678431372547 0.3171857450980392 1.0
0.17500980392156865 0.2280661568627451 0.31441754901960783 1.0
0.17301058823529414 0.2256055294117647 0.31164935294117646 1.0
0.17101137254901969 0.22314490196078438 0.3088811568627452 1.0
0.16901215686274512 0.22068427450980393 0.3061129607843137 1.0
0.1670129411764706 0.21822364705882352 0.30334476470588234 1.0
0.1650137254901961 0.21576301960784314 0.30057656862745097 1.0
0.16301450980392157 0.21330239215686275 0.2978083725490196 1.0
0.1610152941176471 0.21084176470588237 0.2950401764705882 1.0
0.15901607843137255 0.20838113725490195 0.29227198039215685 1.0
0.15701686274509805 0.20592050980392157 0.2895037843137255 1.0
0.15501764705882354 0.20345988235294118 0.2867355882352941 1.0
0.15301843137254903 0.2009992549019608 0.28396739215686273 1.0
0.15101921568627452 0.1985386274509804 0.28119919607843136 1.0
0.14902 0.196078 0.278431 1.0
