0.8 1.0 0.984314 1.0
0.7684737254901961 0.9938484313725491 0.9797002745098039 1.0
0.7369474509803922 0.987696862745098 0.9750865490196079 1.0
0.7054211764705882 0.981545294117647 0.9704728235294118 1.0
0.6738949019607844 0.9753937254901961 0.9658590980392157 1.0
0.6423686274509804 0.9692421568627452 0.9612453725490195 1.0
0.629527411764706 0.9626293529411765 0.9570931764705882 1.0
0.6187623137254902 0.9559653006535948 0.9529922614379085 1.0
0.6079972156862745 0.949301248366013 0.9488913464052288 1.0
0.5972321176470589 0.9426371960784313 0.944790431372549 1.0
0.5864670196078432 0.9359731437908497 0.9406895163398693 1.0
0.5757019215686274 0.929309091503268 0.9365886013071896 1.0
0.5649368235294118 0.9226450392156863 0.9324876862745098 1.0
0.5553251176470588 0.9163398039215687 0.9288737450980392 1.0
0.5491735882352942 0.9111110196078431 0.9267207254901961 1.0
0.5430220588235294 0.9058822352941176 0.9245677058823529 1.0
0.5368705294117647 0.9006534509803922 0.9224146862745098 1.0
0.5307189999999999 0.8954246666666666 0.9202616666666666 1.0
0.5245674705882353 0.8901958823529411 0.9181086470588236 1.0
0.5184159411764706 0.8849670980392157 0.9159556274509804 1.0
0.5122644117647058 0.8797383137254902 0.9138026078431373 1.0
0.5061128823529412 0.8745095294117646 0.9116495882352942 1.0
0.4999613529411765 0.8692807450980392 0.909496568627451 1.0
0.4938098235294118 0.8640519607843137 0.9073435490196079 1.0
0.48765829411764705 0.8588231764705883 0.9051905294117647 1.0
0.48150676470588233 0.8535943921568627 0.9030375098039216 1.0
0.4753552745098039 0.8480580784313725 0.9007306862745098 1.0
0.46920382352941176 0.8422142352941177 0.8982700588235294 1.0
0.4630523725490196 0.8363703921568627 0.895809431372549 1.0
0.45690092156862744 0.8305265490196079 0.8933488039215687 1.0
0.4507494705882353 0.8246827058823529 0.8908881764705883 1.0
0.4445980196078431 0.818838862745098 0.8884275490196079 1.0
0.438446568627451 0.8129950196078432 0.8859669215686274 1.0
0.43229511764705886 0.8071511764705883 0.8835062941176471 1.0
0.4261436666666667 0.8013073333333334 0.8810456666666667 1.0
0.41999221568627454 0.7954634901960784 0.8785850392156863 1.0
0.4138407647058824 0.7896196470588236 0.8761244117647059 1.0
0.4076893137254903 0.7837758039215686 0.8736637843137255 1.0
0.40153786274509806 0.7779319607843137 0.8712031568627451 1.0
0.39653976470588237 0.772318705882353 0.8694345882352942 1.0
0.3919261176470588 0.7667823137254902 0.867896705882353 1.0
0.3873124705882353 0.7612459215686275 0.8663588235294117 1.0
0.38269882352941176 0.7557095294117647 0.8648209411764706 1.0
0.37808517647058826 0.750173137254902 0.8632830588235294 1.0
0.3734715294117647 0.7446367450980392 0.8617451764705882 1.0
0.3688578823529412 0.7391003529411765 0.8602072941176471 1.0
0.36424423529411765 0.7335639607843137 0.8586694117647059 1.0
0.3596305882352941 0.728027568627451 0.8571315294117647 1.0
0.3550169411764706 0.7224911764705882 0.8555936470588235 1.0
0.3504032941176471 0.7169547843137255 0.8540557647058823 1.0
0.34578964705882353 0.7114183921568628 0.8525178823529411 1.0
0.341176 0.705882 0.85098 1.0
0.336562431372549 0.7006532941176471 0.8494421960784313 1.0
0.33194886274509805 0.6954245882352942 0.8479043921568628 1.0
0.32733529411764706 0.6901958823529412 0.8463665882352941 1.0
0.32272172549019607 0.6849671764705882 0.8448287843137254 1.0
0.3181081568627451 0.6797384705882353 0.8432909803921569 1.0
0.31349458823529414 0.6745097647058824 0.8417531764705882 1.0
0.30888101960784314 0.6692810588235294 0.8402153725490196 1.0
0.30426745098039215 0.6640523529411765 0.838677568627451 1.0
0.29965388235294116 0.6588236470588236 0.8371397647058824 1.0
0.2950403137254902 0.6535949411764707 0.8356019607843137 1.0
0.29042674509803923 0.6483662352941176 0.8340641568627452 1.0
0.28581317647058824 0.6431375294117647 0.8325263529411765 1.0
0.2812764901960785 0.6379857058823529 0.8309885294117647 1.0
0.2769704509803922 0.6330645294117647 0.8294506470588235 1.0
0.27266441176470596 0.6281433529411765 0.8279127647058824 1.0
0.2683583725490196 0.6232221764705882 0.8263748823529412 1.0
0.26405233333333333 0.618301 0.824837 1.0
0.25974629411764705 0.6133798235294118 0.8232991176470589 1.0
0.25544025490196076 0.6084586470588235 0.8217612352941176 1.0
0.25113421568627453 0.6035374705882353 0.8202233529411764 1.0
0.24682817647058825 0.598616294117647 0.8186854705882353 1.0
0.24252213725490196 0.5936951176470588 0.8171475882352941 1.0
0.23821609803921573 0.5887739411764706 0.8156097058823529 1.0
0.2339100588235294 0.5838527647058823 0.8140718235294118 1.0
0.22960401960784313 0.5789315882352941 0.8125339411764706 1.0
0.22529798039215684 0.5735490392156862 0.8108422549019607 1.0
0.22099194117647059 0.5677051176470588 0.8089967647058823 1.0
0.2166859019607843 0.5618611960784313 0.8071512745098038 1.0
0.21237986274509804 0.5560172745098039 0.8053057843137255 1.0
0.20807382352941176 0.5501733529411764 0.8034602941176471 1.0
0.20376778431372555 0.5443294313725491 0.8016148039215686 1.0
0.1994617450980392 0.5384855098039215 0.7997693137254902 1.0
0.19515570588235293 0.5326415882352941 0.7979238235294117 1.0
0.19084966666666667 0.5267976666666666 0.7960783333333333 1.0
0.1865436274509804 0.5209537450980392 0.794232843137255 1.0
0.18223758823529412 0.5151098235294117 0.7923873529411765 1.0
0.17793154901960784 0.5092659019607844 0.7905418627450981 1.0
0.17362550980392158 0.5034219803921569 0.7886963725490196 1.0
0.1695501764705883 0.49803941176470595 0.7870815882352942 1.0
0.16555174509803922 0.49281062745098037 0.785543705882353 1.0
0.1615533137254902 0.4875818431372549 0.7840058235294117 1.0
0.15755488235294118 0.4823530588235294 0.7824679411764706 1.0
0.15355645098039217 0.47712427450980394 0.7809300588235294 1.0
0.14955801960784315 0.47189549019607846 0.7793921764705882 1.0
0.1455595882352941 0.46666670588235293 0.7778542941176471 1.0
0.1415611568627451 0.46143792156862745 0.7763164117647059 1.0
0.13756272549019613 0.45620913725490203 0.7747785294117647 1.0
0.13356429411764706 0.4509803529411765 0.7732406470588234 1.0
0.12956586274509804 0.44575156862745097 0.7717027647058823 1.0
0.12556743137254903 0.4405227843137255 0.7701648823529411 1.0
0.121569 0.435294 0.768627 1.0
0.1191083725490196 0.42975768627450983 0.7670891960784313 1.0
0.11664774509803921 0.4242213725490196 0.7655513921568627 1.0
0.11418711764705883 0.4186850588235294 0.7640135882352941 1.0
0.11172649019607847 0.4131487450980393 0.7624757843137255 1.0
0.10926586274509803 0.40761243137254904 0.7609379803921569 1.0
0.10680523529411765 0.4020761176470588 0.7594001764705882 1.0
0.10434460784313725 0.3965398039215686 0.7578623725490196 1.0
0.10188398039215686 0.39100349019607844 0.756324568627451 1.0
0.09942335294117646 0.3854671764705882 0.7547867647058824 1.0
0.09696272549019608 0.379930862745098 0.7532489607843137 1.0
0.09450209803921568 0.37439454901960784 0.7517111568627451 1.0
0.09204147058823534 0.3688582352941177 0.7501733529411765 1.0
0.0901703725490196 0.36437279084967317 0.7488918431372549 1.0
0.09006786274509804 0.363039954248366 0.7483792156862745 1.0
0.08996535294117647 0.3617071176470588 0.7478665882352942 1.0
0.0898628431372549 0.3603742810457516 0.7473539607843137 1.0
0.08976033333333333 0.3590414444444444 0.7468413333333334 1.0
0.08965782352941176 0.35770860784313724 0.746328705882353 1.0
0.0895553137254902 0.35637577124183006 0.7458160784313725 1.0
0.08945280392156862 0.3550429346405229 0.7453034509803922 1.0
0.08935029411764706 0.35371009803921566 0.7447908235294117 1.0
0.08924778431372549 0.3523772614379085 0.7442781960784314 1.0
0.08914527450980392 0.35104442483660125 0.743765568627451 1.0
0.08904276470588235 0.3497115882352941 0.7432529411764706 1.0
0.08894025490196078 0.3483787516339869 0.7427403137254902 1.0
0.08883774509803921 0.34704591503267973 0.7422276862745097 1.0
0.08873523529411764 0.3457130784313725 0.7417150588235294 1.0
0.08863272549019607 0.3443802418300653 0.741202431372549 1.0
0.0885302156862745 0.34304740522875815 0.7406898039215686 1.0
0.08842770588235295 0.341714568627451 0.7401771764705882 1.0
0.08832519607843137 0.34038173202614375 0.7396645490196079 1.0
0.0882226862745098 0.33904889542483657 0.7391519215686274 1.0
0.08812017647058824 0.3377160588235294 0.7386392941176471 1.0
0.08801766666666667 0.3363832222222222 0.7381266666666666 1.0
0.0879151568627451 0.335050385620915 0.7376140392156862 1.0
0.08781264705882354 0.3337175490196078 0.7371014117647059 1.0
0.08771013725490197 0.33238471241830064 0.7365887843137254 1.0
0.0876076274509804 0.33105187581699347 0.7360761568627451 1.0
0.08750511764705883 0.32971903921568624 0.7355635294117647 1.0
0.08740260784313726 0.32838620261437906 0.7350509019607843 1.0
0.08730009803921569 0.3270533660130719 0.7345382745098039 1.0
0.08719758823529412 0.32572052941176466 0.7340256470588234 1.0
0.08709507843137256 0.3243876928104575 0.7335130196078431 1.0
0.08699256862745099 0.3230548562091503 0.7330003921568627 1.0
0.08689005882352942 0.32172201960784313 0.7324877647058823 1.0
0.08678754901960785 0.32038918300653596 0.7319751372549019 1.0
0.08668503921568628 0.31905634640522873 0.7314625098039216 1.0
0.08658252941176471 0.31772350980392156 0.7309498823529411 1.0
0.08648001960784314 0.3163906732026144 0.7304372549019608 1.0
0.08637750980392157 0.31505783660130715 0.7299246274509803 1.0
0.086275 0.313725 0.729412 1.0
0.08565978431372549 0.30941903921568625 0.7278741176470588 1.0
0.08504456862745098 0.30511307843137253 0.7263362352941176 1.0
0.08442935294117647 0.3008071176470588 0.7247983529411764 1.0
0.08381413725490196 0.2965011568627451 0.7232604705882353 1.0
0.08319892156862746 0.29219519607843136 0.7217225882352941 1.0
0.08258370588235295 0.28788923529411764 0.720184705882353 1.0
0.08196849019607844 0.2835832745098039 0.7186468235294118 1.0
0.08135327450980392 0.2792773137254902 0.7171089411764706 1.0
0.08073805882352941 0.2749713529411765 0.7155710588235293 1.0
0.0801228431372549 0.27066539215686275 0.7140331764705882 1.0
0.07950762745098042 0.26635943137254914 0.7124952941176471 1.0
0.07889241176470588 0.2620534705882353 0.7109574117647058 1.0
0.07850790196078432 0.25790127450980393 0.7091888431372549 1.0
0.07881550980392157 0.2542103725490196 0.7067282156862745 1.0
0.07912311764705883 0.2505194705882353 0.7042675882352941 1.0
0.07943072549019607 0.24682856862745098 0.7018069607843137 1.0
0.07973833333333333 0.24313766666666667 0.6993463333333333 1.0
0.08004594117647058 0.23944676470588236 0.696885705882353 1.0
0.08035354901960784 0.23575586274509805 0.6944250784313726 1.0
0.0806611568627451 0.23206496078431374 0.6919644509803922 1.0
0.08096876470588235 0.2283740588235294 0.6895038235294118 1.0
0.08127637254901961 0.2246831568627451 0.6870431960784313 1.0
0.08158398039215686 0.22099225490196078 0.6845825686274509 1.0
0.08189158823529412 0.21730135294117647 0.6821219411764706 1.0
0.08219919607843137 0.21361045098039216 0.6796613137254902 1.0
0.08266056862745097 0.20991954901960785 0.6768931568627451 1.0
0.08327570588235292 0.20622864705882366 0.6738174705882354 1.0
0.0838908431372549 0.20253774509803923 0.6707417843137254 1.0
0.08450598039215686 0.1988468431372549 0.6676660980392157 1.0
0.08512111764705882 0.1951559411764706 0.6645904117647059 1.0
0.08573625490196078 0.19146503921568628 0.6615147254901961 1.0
0.08635139215686274 0.18777413725490197 0.6584390392156863 1.0
0.0869665294117647 0.18408323529411763 0.6553633529411764 1.0
0.08758166666666667 0.18039233333333332 0.6522876666666667 1.0
0.08819680392156863 0.176701431372549 0.6492119803921569 1.0
0.08881194117647058 0.1730105294117647 0.6461362941176471 1.0
0.08942707843137254 0.1693196274509804 0.6430606078431372 1.0
0.0900422156862745 0.16562872549019608 0.6399849215686274 1.0
0.0908880588235294 0.1628605294117647 0.6369091764705882 1.0
0.09181080392156862 0.1603999019607843 0.6338334117647059 1.0
0.09273354901960784 0.1579392745098039 0.6307576470588235 1.0
0.09365629411764706 0.15547864705882353 0.6276818823529412 1.0
0.09457903921568625 0.1530180196078432 0.6246061176470589 1.0
0.09550178431372548 0.15055739215686276 0.6215303529411764 1.0
0.0964245294117647 0.14809676470588234 0.6184545882352941 1.0
0.09734727450980392 0.14563613725490196 0.6153788235294118 1.0
0.09827001960784314 0.14317550980392157 0.6123030588235294 1.0
0.09919276470588234 0.1407148823529412 0.6092272941176471 1.0
0.10011550980392156 0.13825425490196078 0.6061515294117646 1.0
0.10103825490196078 0.1357936274509804 0.6030757647058823 1.0
0.101961 0.133333 0.6 1.0
0.10257613725490196 0.13148758823529413 0.5960015686274509 1.0
0.10319127450980392 0.12964217647058823 0.592003137254902 1.0
0.10380641176470588 0.12779676470588236 0.5880047058823529 1.0
0.10442154901960785 0.1259513529411765 0.5840062745098039 1.0
0.1050366862745098 0.12410594117647059 0.5800078431372548 1.0
0.10565182352941176 0.12226052941176471 0.5760094117647059 1.0
0.10626696078431372 0.12041511764705883 0.5720109803921568 1.0
0.10688209803921567 0.118569705882353 0.568012549019608 1.0
0.10749723529411764 0.11672429411764706 0.5640141176470588 1.0
0.1081123725490196 0.11487888235294118 0.5600156862745098 1.0
0.10872750980392157 0.11303347058823529 0.5560172549019607 1.0
0.10934264705882353 0.11118805882352942 0.5520188235294117 1.0
0.11064982352941176 0.10988088235294118 0.5480972745098038 1.0
0.11403311764705883 0.11018841176470588 0.5444063725490196 1.0
0.11741641176470588 0.11049594117647059 0.5407154705882352 1.0
0.12079970588235293 0.1108034705882353 0.537024568627451 1.0
0.124183 0.111111 0.5333336666666666 1.0
0.12756629411764706 0.11141852941176471 0.5296427647058823 1.0
0.13094958823529412 0.11172605882352941 0.525951862745098 1.0
0.13433288235294116 0.11203358823529412 0.5222609607843137 1.0
0.13771617647058823 0.11234111764705883 0.5185700588235294 1.0
0.1410994705882353 0.11264864705882353 0.5148791568627451 1.0
0.14448276470588234 0.11295617647058824 0.5111882549019607 1.0
0.14786605882352932 0.11326370588235293 0.5074973529411766 1.0
0.15124935294117647 0.11357123529411765 0.5038064509803921 1.0
0.1534023725490196 0.11357123529411765 0.4987314705882353 1.0
0.1543251176470588 0.11326370588235295 0.4922724117647059 1.0
0.15524786274509803 0.11295617647058824 0.48581335294117645 1.0
0.15617060784313724 0.11264864705882353 0.4793542941176471 1.0
0.15709335294117646 0.11234111764705883 0.47289523529411764 1.0
0.15801609803921568 0.11203358823529412 0.4664361764705882 1.0
0.1589388431372549 0.11172605882352941 0.45997711764705884 1.0
0.15986158823529412 0.11141852941176471 0.4535180588235294 1.0
0.16078433333333333 0.111111 0.447059 1.0
0.16170707843137255 0.1108034705882353 0.44059994117647056 1.0
0.16262982352941174 0.11049594117647059 0.4341408823529412 1.0
0.16355256862745096 0.11018841176470588 0.42768182352941175 1.0
0.16447531372549018 0.10988088235294118 0.4212227647058823 1.0
0.16262988235294118 0.10680517647058824 0.4126875882352941 1.0
0.15986172549019614 0.10280674509803933 0.40346037254901984 1.0
0.15709356862745097 0.09880831372549019 0.39423315686274507 1.0
0.15432541176470588 0.09480988235294117 0.3850059411764706 1.0
0.1515572549019608 0.09081145098039216 0.3757787254901961 1.0
0.1487890980392157 0.08681301960784313 0.36655150980392154 1.0
0.14602094117647058 0.08281458823529411 0.35732429411764705 1.0
0.14325278431372548 0.0788161568627451 0.34809707843137255 1.0
0.1404846274509804 0.07481772549019608 0.338869862745098 1.0
0.1377164705882353 0.07081929411764706 0.3296426470588235 1.0
0.13494831372549018 0.06682086274509805 0.320415431372549 1.0
0.1321801568627451 0.06282243137254903 0.3111882156862745 1.0
0.129412 0.058824 0.301961 1.0
