0.94902 1.0 0.980392 1.0
0.9471745490196078 1.0 0.9791617254901961 1.0
0.9453290980392156 1.0 0.9779314509803922 1.0
0.9434836470588235 1.0 0.9767011764705883 1.0
0.9416381960784314 1.0 0.9754709019607843 1.0
0.9397927450980392 1.0 0.9742406274509804 1.0
0.937947294117647 1.0 0.9730103529411765 1.0
0.9361018431372549 1.0 0.9717800784313726 1.0
0.9342563921568627 1.0 0.9705498039215686 1.0
0.9324109411764706 1.0 0.9693195294117647 1.0
0.9305654901960784 1.0 0.9680892549019608 1.0
0.9287200392156862 1.0 0.9668589803921569 1.0
0.9268745882352941 1.0 0.965628705882353 1.0
0.925029137254902 1.0 0.964398431372549 1.0
0.9231836862745098 1.0 0.9631681568627452 1.0
0.9213382352941176 1.0 0.9619378823529412 1.0
0.9194927843137255 1.0 0.9607076078431372 1.0
0.9176473333333334 1.0 0.9594773333333333 1.0
0.9158018823529411 1.0 0.9582470588235295 1.0
0.913956431372549 1.0 0.9570167843137255 1.0
0.9121109803921569 1.0 0.9557865098039215 1.0
0.9102655294117648 1.0 0.9545562352941176 1.0
0.9084200784313725 1.0 0.9533259607843138 1.0
0.9065746274509804 1.0 0.9520956862745098 1.0
0.9047291764705883 1.0 0.9508654117647058 1.0
0.9028837254901961 1.0 0.9496351372549019 1.0
0.8991928431372549 0.9992310588235294 0.9477896862745098 1.0
0.8936565294117648 0.9976931764705882 0.9453290588235294 1.0
0.8881202156862745 0.996155294117647 0.9428684313725489 1.0
0.8825839019607843 0.9946174117647059 0.9404078039215686 1.0
0.8770475882352942 0.9930795294117647 0.9379471764705882 1.0
0.8715112745098039 0.9915416470588235 0.9354865490196078 1.0
0.8659749607843138 0.9900037647058824 0.9330259215686274 1.0
0.8604386470588236 0.9884658823529412 0.9305652941176471 1.0
0.8549023333333333 0.986928 0.9281046666666667 1.0
0.8493660196078432 0.9853901176470589 0.9256440392156863 1.0
0.843829705882353 0.9838522352941177 0.9231834117647059 1.0
0.8382933921568628 0.9823143529411765 0.9207227843137255 1.0
0.8327570784313726 0.9807764705882354 0.918262156862745 1.0
0.8276820588235294 0.9792385882352942 0.9162629411764706 1.0
0.8227608039215687 0.977700705882353 0.9144175294117647 1.0
0.8178395490196079 0.9761628235294117 0.9125721176470588 1.0
0.812918294117647 0.9746249411764706 0.9107267058823529 1.0
0.8079970392156863 0.9730870588235294 0.9088812941176471 1.0
0.8030757843137255 0.9715491764705882 0.9070358823529412 1.0
0.7981545294117647 0.9700112941176471 0.9051904705882353 1.0
0.7932332745098039 0.9684734117647059 0.9033450588235294 1.0
0.7883120196078431 0.9669355294117647 0.9014996470588235 1.0
0.7833907647058823 0.9653976470588235 0.8996542352941176 1.0
0.7784695098039216 0.9638597647058823 0.8978088235294117 1.0
0.7735482549019608 0.9623218823529411 0.8959634117647058 1.0
0.768627 0.960784 0.894118 1.0
0.7630906862745097 0.9583234509803922 0.8916573725490196 1.0
0.7575543725490196 0.9558629019607843 0.8891967450980393 1.0
0.7520180588235293 0.9534023529411765 0.8867361176470588 1.0
0.7464817450980392 0.9509418039215686 0.8842754901960784 1.0
0.740945431372549 0.9484812549019608 0.881814862745098 1.0
0.7354091176470589 0.946020705882353 0.8793542352941176 1.0
0.7298728039215686 0.9435601568627451 0.8768936078431372 1.0
0.7243364901960784 0.9410996078431373 0.8744329803921569 1.0
0.7188001764705882 0.9386390588235294 0.8719723529411765 1.0
0.713263862745098 0.9361785098039216 0.8695117254901961 1.0
0.7077275490196078 0.9337179607843137 0.8670510980392157 1.0
0.7021912352941176 0.9312574117647059 0.8645904705882352 1.0
0.6968856078431372 0.9288737450980392 0.8623605294117647 1.0
0.6922720392156863 0.9267207254901961 0.8608226470588235 1.0
0.6876584705882354 0.924567705882353 0.8592847647058823 1.0
0.6830449019607843 0.9224146862745098 0.8577468823529412 1.0
0.6784313333333333 0.9202616666666666 0.856209 1.0
0.6738177647058823 0.9181086470588236 0.8546711176470588 1.0
0.6692041960784314 0.9159556274509804 0.8531332352941177 1.0
0.6645906274509804 0.9138026078431373 0.8515953529411765 1.0
0.6599770588235294 0.9116495882352942 0.8500574705882353 1.0
0.6553634901960784 0.909496568627451 0.8485195882352942 1.0
0.6507499215686275 0.9073435490196079 0.846981705882353 1.0
0.6461363529411764 0.9051905294117647 0.8454438235294118 1.0
0.6415227843137254 0.9030375098039216 0.8439059411764707 1.0
0.6372167450980393 0.9007306862745098 0.8425218627450981 1.0
0.6332182352941177 0.8982700588235294 0.8412915882352942 1.0
0.6292197254901961 0.895809431372549 0.8400613137254902 1.0
0.6252212156862745 0.8933488039215687 0.8388310392156864 1.0
0.621222705882353 0.8908881764705883 0.8376007647058824 1.0
0.6172241960784314 0.8884275490196079 0.8363704901960785 1.0
0.6132256862745098 0.8859669215686274 0.8351402156862745 1.0
0.6092271764705882 0.883506294117647 0.8339099411764707 1.0
0.6052286666666666 0.8810456666666667 0.8326796666666667 1.0
0.6012301568627451 0.8785850392156863 0.8314493921568628 1.0
0.5972316470588235 0.8761244117647059 0.8302191176470589 1.0
0.5932331372549019 0.8736637843137255 0.828988843137255 1.0
0.5892346274509803 0.8712031568627451 0.827758568627451 1.0
0.5854668235294118 0.8682812352941177 0.8260669411764706 1.0
0.5817759215686275 0.8652055490196079 0.8242215294117647 1.0
0.5780850196078431 0.8621298627450981 0.8223761176470589 1.0
0.5743941176470588 0.8590541764705882 0.820530705882353 1.0
0.5707032156862745 0.8559784901960784 0.8186852941176471 1.0
0.5670123137254902 0.8529028039215687 0.8168398823529412 1.0
0.5633214117647058 0.8498271176470589 0.8149944705882354 1.0
0.5596305098039216 0.846751431372549 0.8131490588235295 1.0
0.5559396078431373 0.8436757450980393 0.8113036470588236 1.0
0.552248705882353 0.8406000588235294 0.8094582352941176 1.0
0.5485578039215686 0.8375243725490197 0.8076128235294118 1.0
0.5448669019607844 0.8344486862745099 0.8057674117647059 1.0
0.541176 0.831373 0.803922 1.0
0.5381003137254902 0.8289123725490196 0.8033067843137255 1.0
0.5350246274509803 0.8264517450980392 0.802691568627451 1.0
0.5319489411764706 0.8239911176470589 0.8020763529411765 1.0
0.5288732549019608 0.8215304901960785 0.801461137254902 1.0
0.525797568627451 0.8190698627450981 0.8008459215686274 1.0
0.5227218823529411 0.8166092352941177 0.8002307058823529 1.0
0.5196461960784313 0.8141486078431373 0.7996154901960785 1.0
0.5165705098039216 0.811687980392157 0.7990002745098039 1.0
0.5134948235294118 0.8092273529411765 0.7983850588235294 1.0
0.510419137254902 0.8067667254901961 0.7977698431372549 1.0
0.5073434509803921 0.8043060980392157 0.7971546274509803 1.0
0.5042677647058824 0.8018454705882354 0.7965394117647059 1.0
0.5010382745098039 0.7989234901960784 0.7953859607843137 1.0
0.4973473725490196 0.7946174509803922 0.7926178039215686 1.0
0.4936564705882353 0.7903114117647059 0.7898496470588235 1.0
0.48996556862745094 0.7860053725490197 0.7870814901960784 1.0
0.48627466666666663 0.7816993333333334 0.7843133333333333 1.0
0.4825837647058823 0.7773932941176471 0.7815451764705882 1.0
0.478892862745098 0.7730872549019608 0.7787770196078431 1.0
0.47520196078431376 0.7687812156862747 0.7760088627450981 1.0
0.4715110588235294 0.7644751764705883 0.7732407058823529 1.0
0.4678201568627451 0.760169137254902 0.7704725490196078 1.0
0.4641292549019608 0.7558630980392157 0.7677043921568627 1.0
0.46043835294117647 0.7515570588235294 0.7649362352941177 1.0
0.45674745098039216 0.7472510196078431 0.7621680784313726 1.0
0.4535179215686274 0.7430987843137256 0.7595537254901961 1.0
0.45074976470588235 0.7391003529411765 0.7570931764705883 1.0
0.44798160784313723 0.7351019215686275 0.7546326274509804 1.0
0.4452134509803921 0.7311034901960785 0.7521720784313726 1.0
0.4424452941176471 0.7271050588235296 0.7497115294117648 1.0
0.43967713725490193 0.7231066274509804 0.7472509803921569 1.0
0.43690898039215686 0.7191081960784313 0.744790431372549 1.0
0.43414082352941175 0.7151097647058824 0.7423298823529412 1.0
0.4313726666666666 0.7111113333333333 0.7398693333333333 1.0
0.42860450980392156 0.7071129019607844 0.7374087843137255 1.0
0.42583635294117644 0.7031144705882353 0.7349482352941176 1.0
0.4230681960784314 0.6991160392156863 0.7324876862745098 1.0
0.42030003921568626 0.6951176078431373 0.7300271372549019 1.0
0.41730117647058823 0.6904271176470589 0.7271051764705881 1.0
0.41422541176470584 0.6855059411764706 0.7240294117647058 1.0
0.4111496470588235 0.6805847647058824 0.7209536470588235 1.0
0.4080738823529412 0.6756635882352942 0.7178778823529411 1.0
0.40499811764705884 0.6707424117647058 0.7148021176470588 1.0
0.40192235294117645 0.6658212352941176 0.7117263529411765 1.0
0.3988465882352941 0.6609000588235294 0.7086505882352941 1.0
0.39577082352941184 0.6559788823529413 0.7055748235294118 1.0
0.3926950588235294 0.6510577058823529 0.7024990588235294 1.0
0.38961929411764706 0.6461365294117647 0.699423294117647 1.0
0.38654352941176473 0.6412153529411765 0.6963475294117647 1.0
0.38346776470588234 0.6362941764705882 0.6932717647058824 1.0
0.380392 0.631373 0.690196 1.0
0.3776238431372549 0.6273744901960784 0.6877354509803922 1.0
0.3748556862745098 0.6233759803921568 0.6852749019607843 1.0
0.3720875294117647 0.6193774705882352 0.6828143529411765 1.0
0.36931937254901964 0.6153789607843138 0.6803538039215686 1.0
0.3665512156862745 0.6113804509803922 0.6778932549019608 1.0
0.3637830588235294 0.6073819411764706 0.6754327058823529 1.0
0.36101490196078434 0.603383431372549 0.6729721568627451 1.0
0.3582467450980392 0.5993849215686274 0.6705116078431372 1.0
0.3554785882352941 0.5953864117647059 0.6680510588235294 1.0
0.35271043137254904 0.5913879019607843 0.6655905098039215 1.0
0.34994227450980403 0.5873893921568629 0.6631299607843137 1.0
0.34717411764705886 0.5833908823529412 0.6606694117647058 1.0
0.3445597450980392 0.5793154901960784 0.6580550588235293 1.0
0.3424067254901961 0.5750094509803921 0.654979294117647 1.0
0.34025370588235293 0.5707034117647058 0.6519035294117647 1.0
0.33810068627450984 0.5663973725490197 0.6488277647058823 1.0
0.3359476666666667 0.5620913333333334 0.645752 1.0
0.33379464705882356 0.5577852941176471 0.6426762352941177 1.0
0.3316416274509804 0.5534792549019608 0.6396004705882353 1.0
0.32948860784313727 0.5491732156862745 0.636524705882353 1.0
0.32733558823529413 0.5448671764705882 0.6334489411764707 1.0
0.325182568627451 0.540561137254902 0.6303731764705882 1.0
0.32302954901960784 0.5362550980392157 0.6272974117647059 1.0
0.3208765294117647 0.5319490588235294 0.6242216470588235 1.0
0.31872350980392156 0.5276430196078431 0.6211458823529412 1.0
0.3171856274509804 0.5233369803921569 0.6180701176470589 1.0
0.3162628823529412 0.5190309411764708 0.6149943529411765 1.0
0.31534013725490195 0.5147249019607844 0.6119185882352942 1.0
0.31441739215686276 0.5104188627450981 0.6088428235294118 1.0
0.3134946470588235 0.5061128235294118 0.6057670588235294 1.0
0.3125719019607843 0.5018067843137255 0.6026912941176471 1.0
0.3116491568627451 0.4975007450980392 0.5996155294117648 1.0
0.3107264117647059 0.4931947058823529 0.5965397647058824 1.0
0.30980366666666664 0.4888886666666667 0.593464 1.0
0.30888092156862745 0.4845826274509804 0.5903882352941177 1.0
0.3079581764705882 0.4802765882352941 0.5873124705882353 1.0
0.307035431372549 0.47597054901960784 0.584236705882353 1.0
0.30611268627450977 0.4716645098039216 0.5811609411764707 1.0
0.30495929411764705 0.4673584705882353 0.5773931764705883 1.0
0.30372901960784315 0.46305243137254903 0.5733947450980392 1.0
0.3024987450980392 0.45874639215686275 0.5693963137254902 1.0
0.3012684705882353 0.45444035294117646 0.5653978823529412 1.0
0.3000381960784314 0.45013431372549034 0.5613994509803922 1.0
0.29880792156862745 0.44582827450980395 0.5574010196078432 1.0
0.2975776470588235 0.44152223529411766 0.5534025882352941 1.0
0.2963473725490196 0.4372161960784314 0.5494041568627451 1.0
0.2951170980392157 0.4329101568627451 0.5454057254901961 1.0
0.29388682352941176 0.42860411764705886 0.5414072941176471 1.0
0.29265654901960786 0.42429807843137257 0.537408862745098 1.0
0.2914262745098039 0.4199920392156863 0.5334104313725491 1.0
0.290196 0.415686 0.529412 1.0
0.2892732549019608 0.41076482352941174 0.5247983529411765 1.0
0.2883505098039216 0.40584364705882353 0.5201847058823529 1.0
0.2874277647058824 0.40092247058823527 0.5155710588235294 1.0
0.28650501960784314 0.39600129411764706 0.5109574117647059 1.0
0.28558227450980395 0.3910801176470588 0.5063437647058824 1.0
0.2846595294117647 0.3861589411764706 0.5017301176470588 1.0
0.2837367843137255 0.38123776470588233 0.49711647058823527 1.0
0.2828140392156863 0.37631658823529424 0.4925028235294119 1.0
0.2818912941176471 0.37139541176470586 0.4878891764705882 1.0
0.2809685490196078 0.36647423529411766 0.4832755294117647 1.0
0.28004580392156864 0.3615530588235294 0.47866188235294116 1.0
0.2791230588235294 0.3566318823529412 0.47404823529411766 1.0
0.27804654901960785 0.35186449019607846 0.46920392156862745 1.0
0.2765087450980392 0.3475584509803922 0.46366760784313726 1.0
0.2749709411764706 0.3432524117647059 0.4581312941176471 1.0
0.2734331372549019 0.3389463725490196 0.4525949803921569 1.0
0.2718953333333333 0.3346403333333333 0.44705866666666666 1.0
0.2703575294117647 0.3303342941176471 0.4415223529411765 1.0
0.26881972549019606 0.3260282549019608 0.4359860392156863 1.0
0.26728192156862746 0.3217222156862745 0.4304497254901961 1.0
0.2657441176470588 0.31741617647058823 0.4249134117647059 1.0
0.2642063137254902 0.31311013725490194 0.4193770980392157 1.0
0.26266850980392153 0.3088040980392157 0.4138407843137255 1.0
0.261130705882353 0.30449805882352954 0.4083044705882355 1.0
0.25959290196078433 0.30019201960784314 0.40276815686274514 1.0
0.2579012549019608 0.29603978431372546 0.3972318431372549 1.0
0.25605576470588237 0.29204135294117645 0.3916955294117647 1.0
0.25421027450980394 0.28804292156862743 0.38615921568627454 1.0
0.2523647843137255 0.2840444901960784 0.3806229019607843 1.0
0.25051929411764706 0.2800460588235294 0.3750865882352941 1.0
0.24867380392156863 0.2760476274509804 0.36955027450980393 1.0
0.2468283137254902 0.27204919607843137 0.36401396078431375 1.0
0.24498282352941175 0.26805076470588235 0.3584776470588235 1.0
0.24313733333333334 0.26405233333333333 0.35294133333333333 1.0
0.2412918431372549 0.2600539019607843 0.34740501960784315 1.0
0.23944635294117647 0.2560554705882353 0.34186870588235296 1.0
0.23760086274509803 0.2520570392156863 0.3363323921568627 1.0
0.23575537254901963 0.24805860784313727 0.33079607843137254 1.0
0.2320644705882353 0.24290676470588235 0.32364499999999996 1.0
0.22775843137254914 0.2373704509803923 0.31595566666666686 1.0
0.22345239215686274 0.23183413725490196 0.3082663333333333 1.0
0.21914635294117646 0.22629782352941177 0.300577 1.0
0.2148403137254902 0.22076150980392156 0.29288766666666666 1.0
0.21053427450980391 0.21522519607843138 0.28519833333333333 1.0
0.20622823529411766 0.20968888235294117 0.277509 1.0
0.20192219607843137 0.204152568627451 0.2698196666666667 1.0
0.19761615686274508 0.19861625490196078 0.26213033333333335 1.0
0.19331011764705883 0.1930799411764706 0.25444100000000003 1.0
0.18900407843137254 0.18754362745098038 0.24675166666666665 1.0
0.18469803921568628 0.18200731372549017 0.23906233333333332 1.0
0.180392 0.176471 0.231373 1.0
