0.929412 1.0 1.0 1.0
0.9177241568627451 0.9941560784313725 0.9960015686274509 1.0
0.9060363137254902 0.9883121568627451 0.992003137254902 1.0
0.8943484705882353 0.9824682352941176 0.9880047058823529 1.0
0.8826606274509804 0.9766243137254902 0.9840062745098039 1.0
0.8709727843137255 0.9707803921568627 0.9800078431372549 1.0
0.8592849411764707 0.9649364705882353 0.9760094117647059 1.0
0.8475970980392158 0.9590925490196079 0.9720109803921568 1.0
0.8359092549019609 0.9532486274509805 0.9680125490196079 1.0
0.824221411764706 0.947404705882353 0.9640141176470588 1.0
0.8125335686274511 0.9415607843137256 0.9600156862745098 1.0
0.8008457254901962 0.9357168627450981 0.9560172549019608 1.0
0.7891578823529413 0.9298729411764707 0.9520188235294118 1.0
0.7777007254901962 0.9236445686274511 0.9476359019607844 1.0
0.7669356274509804 0.916262843137255 0.9420995098039215 1.0
0.7561705294117648 0.9088811176470589 0.9365631176470588 1.0
0.7454054313725491 0.9014993921568628 0.931026725490196 1.0
0.7346403333333333 0.8941176666666667 0.9254903333333333 1.0
0.7238752352941177 0.8867359411764706 0.9199539411764706 1.0
0.7131101372549019 0.8793542156862746 0.9144175490196078 1.0
0.7023450392156863 0.8719724901960785 0.9088811568627451 1.0
0.6915799411764706 0.8645907647058824 0.9033447647058823 1.0
0.6808148431372548 0.8572090392156863 0.8978083725490196 1.0
0.6700497450980392 0.8498273137254901 0.8922719803921568 1.0
0.6592846470588234 0.8424455882352941 0.8867355882352941 1.0
0.6485195490196077 0.835063862745098 0.8811991960784313 1.0
0.6407533137254902 0.8291430784313726 0.8768931372549019 1.0
0.6359859411764706 0.8246832352941177 0.8738174117647058 1.0
0.6312185686274508 0.8202233921568627 0.8707416862745098 1.0
0.6264511960784312 0.8157635490196078 0.8676659607843137 1.0
0.6216838235294116 0.8113037058823529 0.8645902352941176 1.0
0.616916450980392 0.806843862745098 0.8615145098039215 1.0
0.6121490784313725 0.8023840196078431 0.8584387843137254 1.0
0.6073817058823529 0.7979241764705882 0.8553630588235294 1.0
0.6026143333333333 0.7934643333333333 0.8522873333333333 1.0
0.5978469607843137 0.7890044901960784 0.8492116078431372 1.0
0.593079588235294 0.7845446470588235 0.8461358823529411 1.0
0.5883122156862745 0.7800848039215686 0.843060156862745 1.0
0.5835448431372549 0.7756249607843138 0.839984431372549 1.0
0.5787774705882351 0.7711651176470589 0.8369087058823529 1.0
0.5740100980392155 0.7667052745098039 0.8338329803921568 1.0
0.569242725490196 0.7622454313725491 0.8307572549019608 1.0
0.5644753529411763 0.7577855882352941 0.8276815294117646 1.0
0.5597079803921567 0.7533257450980392 0.8246058039215686 1.0
0.5549406078431371 0.7488659019607843 0.8215300784313725 1.0
0.5501732352941175 0.7444060588235294 0.8184543529411765 1.0
0.545405862745098 0.7399462156862745 0.8153786274509804 1.0
0.5406384901960783 0.7354863725490196 0.8123029019607844 1.0
0.5358711176470587 0.7310265294117647 0.8092271764705883 1.0
0.5311037450980391 0.7265666862745098 0.8061514509803922 1.0
0.5263363725490195 0.7221068431372548 0.8030757254901961 1.0
0.521569 0.7176469999999999 0.8 1.0
0.5183394705882352 0.7134947647058824 0.7972318431372549 1.0
0.5151099411764706 0.7093425294117647 0.7944636862745098 1.0
0.5118804117647058 0.705190294117647 0.7916955294117647 1.0
0.5086508823529411 0.7010380588235294 0.7889273725490196 1.0
0.5054213529411764 0.6968858235294118 0.7861592156862746 1.0
0.5021918235294117 0.6927335882352942 0.7833910588235294 1.0
0.498962294117647 0.6885813529411765 0.7806229019607843 1.0
0.4957327647058823 0.6844291176470588 0.7778547450980392 1.0
0.4925032352941176 0.6802768823529411 0.7750865882352941 1.0
0.4892737058823529 0.6761246470588236 0.7723184313725491 1.0
0.4860441764705882 0.6719724117647059 0.769550274509804 1.0
0.4828146470588235 0.6678201764705882 0.7667821176470588 1.0
0.4795851176470588 0.6636679411764707 0.7640139607843137 1.0
0.4763555882352941 0.659515705882353 0.7612458039215686 1.0
0.4731260588235294 0.6553634705882354 0.7584776470588236 1.0
0.4698965294117647 0.6512112352941177 0.7557094901960785 1.0
0.466667 0.647059 0.7529413333333334 1.0
0.4634374705882353 0.6429067647058824 0.7501731764705882 1.0
0.46020794117647057 0.6387545294117647 0.7474050196078431 1.0
0.4569784117647059 0.6346022941176471 0.744636862745098 1.0
0.4537488823529412 0.6304500588235294 0.741868705882353 1.0
0.4505193529411765 0.6262978235294118 0.7391005490196079 1.0
0.4472898235294118 0.6221455882352942 0.7363323921568627 1.0
0.4440602941176471 0.6179933529411765 0.7335642352941176 1.0
0.4408307647058824 0.6138411176470588 0.7307960784313725 1.0
0.4376012352941177 0.6096119803921569 0.7278741176470588 1.0
0.43437170588235297 0.6053059411764706 0.7247983529411764 1.0
0.4311421764705883 0.6009999019607843 0.7217225882352941 1.0
0.4279126470588236 0.5966938627450981 0.7186468235294118 1.0
0.42468311764705885 0.5923878235294118 0.7155710588235294 1.0
0.4214535882352942 0.5880817843137256 0.7124952941176471 1.0
0.4182240588235294 0.5837757450980393 0.7094195294117647 1.0
0.41499452941176473 0.579469705882353 0.7063437647058823 1.0
0.41176500000000005 0.5751636666666667 0.703268 1.0
0.4085354705882353 0.5708576274509805 0.7001922352941177 1.0
0.4053059411764706 0.5665515882352942 0.6971164705882353 1.0
0.4020764117647059 0.5622455490196079 0.6940407058823529 1.0
0.3988468823529412 0.5579395098039216 0.6909649411764706 1.0
0.3956173529411765 0.5536334705882354 0.6878891764705882 1.0
0.39238782352941176 0.549327431372549 0.6848134117647059 1.0
0.3891582941176471 0.5450213921568627 0.6817376470588236 1.0
0.38592876470588233 0.5407153529411765 0.6786618823529412 1.0
0.38269923529411765 0.5364093137254902 0.6755861176470588 1.0
0.37946970588235296 0.532103274509804 0.6725103529411764 1.0
0.3762401764705882 0.5277972352941177 0.6694345882352941 1.0
0.37301064705882353 0.5234911960784314 0.6663588235294118 1.0
0.3697811176470589 0.5191851568627451 0.6632830588235294 1.0
0.3665515882352941 0.5148791176470588 0.6602072941176471 1.0
0.3633220588235294 0.5105730784313726 0.6571315294117647 1.0
0.3600925294117647 0.5062670392156863 0.6540557647058823 1.0
0.356863 0.501961 0.65098 1.0
0.3542486078431372 0.49857766666666664 0.6482118431372549 1.0
0.3516342156862745 0.49519433333333335 0.6454436862745098 1.0
0.34901982352941174 0.491811 0.6426755294117648 1.0
0.34640543137254903 0.4884276666666667 0.6399073725490196 1.0
0.34379103921568627 0.4850443333333333 0.6371392156862745 1.0
0.3411766470588235 0.481661 0.6343710588235294 1.0
0.3385622549019608 0.47827766666666666 0.6316029019607843 1.0
0.335947862745098 0.4748943333333333 0.6288347450980393 1.0
0.33333347058823526 0.471511 0.6260665882352942 1.0
0.33071907843137255 0.46812766666666666 0.623298431372549 1.0
0.3281046862745098 0.4647443333333333 0.6205302745098039 1.0
0.32549029411764707 0.461361 0.6177621176470589 1.0
0.3228759019607843 0.45797766666666667 0.6149939607843138 1.0
0.32026150980392154 0.4545943333333333 0.6122258039215687 1.0
0.31764711764705883 0.451211 0.6094576470588235 1.0
0.31503272549019606 0.4478276666666667 0.6066894901960784 1.0
0.31241833333333335 0.44444433333333333 0.6039213333333333 1.0
0.3098039411764706 0.441061 0.6011531764705882 1.0
0.3071895490196078 0.43767766666666663 0.5983850196078432 1.0
0.30457515686274517 0.4342943333333334 0.5956168627450981 1.0
0.30196076470588235 0.430911 0.5928487058823529 1.0
0.29934637254901963 0.42752766666666664 0.5900805490196078 1.0
0.29673198039215687 0.42414433333333335 0.5873123921568628 1.0
0.2941175882352941 0.420761 0.5845442352941177 1.0
0.2915031960784314 0.41737766666666665 0.5817760784313726 1.0
0.28911949019607847 0.41407123529411766 0.578854137254902 1.0
0.2869664705882353 0.4108417058823529 0.5757784117647059 1.0
0.2848134509803922 0.40761217647058823 0.5727026862745098 1.0
0.28266043137254904 0.40438264705882354 0.5696269607843137 1.0
0.28050741176470595 0.4011531176470589 0.5665512352941178 1.0
0.27835439215686275 0.3979235882352941 0.5634755098039216 1.0
0.2762013725490196 0.3946940588235294 0.5603997843137255 1.0
0.27404835294117647 0.3914645294117647 0.5573240588235294 1.0
0.2718953333333333 0.388235 0.5542483333333333 1.0
0.2697423137254902 0.3850054705882353 0.5511726078431373 1.0
0.2675892941176471 0.38177594117647057 0.5480968823529412 1.0
0.26543627450980395 0.3785464117647059 0.5450211568627451 1.0
0.2632832549019608 0.3753168823529412 0.541945431372549 1.0
0.26113023529411766 0.37208735294117645 0.538869705882353 1.0
0.2589772156862745 0.36885782352941177 0.5357939803921569 1.0
0.2568241960784314 0.3656282941176471 0.5327182549019608 1.0
0.25467117647058823 0.36239876470588234 0.5296425294117647 1.0
0.2525181568627451 0.35916923529411765 0.5265668039215686 1.0
0.25036513725490195 0.3559397058823529 0.5234910784313725 1.0
0.24821211764705883 0.3527101764705882 0.5204153529411765 1.0
0.24605909803921575 0.3494806470588236 0.5173396274509805 1.0
0.24390607843137255 0.34625111764705885 0.5142639019607843 1.0
0.24175305882352943 0.3430215882352941 0.5111881764705882 1.0
0.2396000392156863 0.3397920588235294 0.5081124509803921 1.0
0.23744701960784315 0.3365625294117647 0.5050367254901961 1.0
0.235294 0.333333 0.501961 1.0
0.2325258431372549 0.3294883333333333 0.4979625294117647 1.0
0.22975768627450982 0.32564366666666666 0.4939640588235294 1.0
0.2269895294117647 0.321799 0.4899655882352941 1.0
0.2242213725490196 0.31795433333333334 0.4859671176470588 1.0
0.22145321568627452 0.3141096666666667 0.48196864705882353 1.0
0.2186850588235294 0.310265 0.47797017647058826 1.0
0.2159169019607843 0.30642033333333335 0.47397170588235293 1.0
0.21314874509803922 0.3025756666666667 0.46997323529411766 1.0
0.21038058823529412 0.29873099999999997 0.46597476470588234 1.0
0.20761243137254903 0.2948863333333333 0.46197629411764707 1.0
0.204844274509804 0.29104166666666675 0.45797782352941185 1.0
0.20207611764705882 0.287197 0.4539793529411765 1.0
0.19930796078431373 0.2833523333333333 0.4499808823529412 1.0
0.1965398039215686 0.27950766666666665 0.4459824117647059 1.0
0.19377164705882352 0.275663 0.4419839411764706 1.0
0.19100349019607843 0.27181833333333333 0.43798547058823534 1.0
0.18823533333333334 0.26797366666666667 0.433987 1.0
0.18546717647058822 0.264129 0.4299885294117647 1.0
0.18269901960784313 0.26028433333333334 0.4259900588235294 1.0
0.17993086274509804 0.2564396666666667 0.42199158823529415 1.0
0.17716270588235294 0.252595 0.4179931176470588 1.0
0.17439454901960783 0.24875033333333335 0.41399464705882355 1.0
0.17162639215686273 0.24490566666666666 0.4099961764705883 1.0
0.16885823529411764 0.241061 0.40599770588235295 1.0
0.16609007843137252 0.23721633333333333 0.4019992352941177 1.0
0.1637832745098039 0.23398680392156862 0.398462137254902 1.0
0.1619378235294118 0.23137241176470597 0.395386411764706 1.0
0.1600923725490196 0.22875801960784314 0.3923106862745098 1.0
0.15824692156862744 0.2261436274509804 0.38923496078431374 1.0
0.15640147058823528 0.22352923529411764 0.38615923529411766 1.0
0.15455601960784313 0.2209148431372549 0.3830835098039216 1.0
0.15271056862745097 0.21830045098039216 0.3800077843137255 1.0
0.15086511764705882 0.21568605882352943 0.3769320588235294 1.0
0.14901966666666666 0.21307166666666666 0.37385633333333335 1.0
0.1471742156862745 0.21045727450980392 0.37078060784313727 1.0
0.14532876470588235 0.20784288235294118 0.3677048823529412 1.0
0.1434833137254902 0.20522849019607842 0.3646291568627451 1.0
0.14163786274509804 0.20261409803921568 0.36155343137254903 1.0
0.1397924117647059 0.19999970588235294 0.35847770588235295 1.0
0.13794696078431373 0.1973853137254902 0.35540198039215687 1.0
0.13610150980392158 0.19477092156862746 0.3523262549019608 1.0
0.13425605882352942 0.1921565294117647 0.3492505294117647 1.0
0.1324106078431373 0.18954213725490204 0.34617480392156874 1.0
0.1305651568627451 0.18692774509803922 0.34309907843137255 1.0
0.12871970588235293 0.18431335294117648 0.34002335294117647 1.0
0.12687425490196078 0.18169896078431372 0.3369476274509804 1.0
0.12502880392156862 0.17908456862745098 0.3338719019607843 1.0
0.12318335294117647 0.17647017647058824 0.33079617647058823 1.0
0.12133790196078431 0.1738557843137255 0.32772045098039215 1.0
0.11949245098039216 0.17124139215686274 0.3246447254901961 1.0
0.117647 0.168627 0.321569 1.0
0.1156477843137255 0.16508990196078432 0.3168015882352941 1.0
0.11364856862745099 0.16155280392156862 0.31203417647058823 1.0
0.11164935294117648 0.15801570588235295 0.3072667647058823 1.0
0.10965013725490197 0.15447860784313724 0.30249935294117647 1.0
0.10765092156862745 0.15094150980392157 0.29773194117647056 1.0
0.10565170588235294 0.14740441176470587 0.2929645294117647 1.0
0.10365249019607843 0.1438673137254902 0.2881971176470588 1.0
0.10165327450980398 0.1403302156862746 0.28342970588235306 1.0
0.09965405882352942 0.13679311764705882 0.27866229411764704 1.0
0.09765484313725491 0.13325601960784314 0.2738948823529412 1.0
0.0956556274509804 0.12971892156862747 0.2691274705882353 1.0
0.09365641176470588 0.12618182352941176 0.2643600588235294 1.0
0.09165719607843137 0.12264472549019609 0.25959264705882357 1.0
0.08965798039215686 0.11910762745098039 0.25482523529411766 1.0
0.08765876470588235 0.11557052941176471 0.25005782352941175 1.0
0.08565954901960784 0.11203343137254902 0.2452904117647059 1.0
0.08366033333333334 0.10849633333333333 0.24052300000000001 1.0
0.08166111764705883 0.10495923529411764 0.23575558823529413 1.0
0.07966190196078432 0.10142213725490196 0.23098817647058822 1.0
0.07766268627450981 0.09788503921568628 0.22622076470588237 1.0
0.0756634705882353 0.09434794117647059 0.2214533529411765 1.0
0.0736642549019608 0.0908108431372549 0.2166859411764706 1.0
0.07166503921568627 0.08727374509803922 0.2119185294117647 1.0
0.06966582352941184 0.08373664705882364 0.20715111764705896 1.0
0.06766660784313726 0.08019954901960785 0.20238370588235294 1.0
0.06559049019607843 0.07720070588235294 0.19807766666666668 1.0
0.0634374705882353 0.07474011764705882 0.19423300000000002 1.0
0.06128445098039216 0.0722795294117647 0.19038833333333335 1.0
0.059131431372549025 0.06981894117647058 0.18654366666666666 1.0
0.05697841176470589 0.06735835294117647 0.182699 1.0
0.054825392156862746 0.06489776470588235 0.17885433333333334 1.0
0.05267237254901961 0.06243717647058824 0.17500966666666667 1.0
0.050519352941176474 0.059976588235294115 0.171165 1.0
0.04836633333333334 0.057516000000000005 0.16732033333333335 1.0
0.0462133137254902 0.05505541176470588 0.16347566666666669 1.0
0.04406029411764706 0.05259482352941177 0.15963100000000002 1.0
0.04190727450980392 0.050134235294117646 0.15578633333333333 1.0
0.03975425490196079 0.04767364705882353 0.15194166666666667 1.0
0.037601235294117644 0.04521305882352941 0.148097 1.0
0.03544821568627457 0.04275247058823537 0.14425233333333345 1.0
0.03329519607843138 0.040291882352941184 0.14040766666666668 1.0
0.031142176470588236 0.03783129411764706 0.136563 1.0
0.0289891568627451 0.03537070588235294 0.13271833333333333 1.0
0.026836137254901964 0.032910117647058826 0.12887366666666666 1.0
0.024683117647058828 0.030449529411764716 0.125029 1.0
0.022530098039215685 0.02798894117647059 0.12118433333333332 1.0
0.02037707843137255 0.025528352941176474 0.11733966666666666 1.0
0.018224058823529413 0.023067764705882357 0.113495 1.0
0.016071039215686277 0.020607176470588247 0.10965033333333334 1.0
0.013918019607843134 0.018146588235294123 0.10580566666666666 1.0
0.011765 0.015686 0.101961 1.0
