0.20392156862745098 0.5411764705882353 0.7411764705882353 1.0
0.6509803921568628 0.023529411764705882 0.1568627450980392 1.0
0.47843137254901963 0.40784313725490196 0.6509803921568628 1.0
0.27450980392156865 0.47058823529411764 0.12941176470588237 1.0
0.8352941176470589 0.3686274509803922 0.0 1.0
0.8 0.4745098039215686 0.6549019607843137 1.0
0.33725490196078434 0.7058823529411765 0.9137254901960784 1.0
0.0 0.6196078431372549 0.45098039215686275 1.0
0.9411764705882353 0.8941176470588236 0.25882352941176473 1.0
0.0 0.4470588235294118 0.6980392156862745 1.0
