1.0 1.0 0.9999046116818321 1.0
0.9997173407295977 0.9971871746767386 0.9970226071030014 1.0
0.9993704118417616 0.9939418638175196 0.993665390874184 1.0
0.9989835404152886 0.9905349110409244 0.9900616094153122 1.0
0.998559097745482 0.9870236460800951 0.9862644454796491 1.0
0.998096829833193 0.9834369139414535 0.9822995729775724 1.0
0.9975954954326883 0.9797925618146993 0.9781822085955253 1.0
0.9970533773658375 0.9761029476854698 0.9739224323151897 1.0
0.9964684983603885 0.9723772718312916 0.9695274196595339 1.0
0.9958387293385943 0.9686227423941672 0.965002548426192 1.0
0.9951618504212284 0.9648452255916854 0.9603520112098759 1.0
0.9944355883233588 0.961049637998718 0.9555791821719158 1.0
0.9936576408114094 0.9572401975987509 0.9506868500939932 1.0
0.9928256935373659 0.9534205920227642 0.9456773735096443 1.0
0.9919374321114697 0.9495940955309007 0.9405527878968217 1.0
0.9909905510515699 0.9457636528444328 0.9353148820494858 1.0
0.9899827605957329 0.9419319407443326 0.9299652538956377 1.0
0.9889117919980276 0.9381014142935755 0.9245053521785913 1.0
0.9877754017113761 0.9342743421431596 0.9189365081537041 1.0
0.9865713747290054 0.9304528339107337 0.913259960068873 1.0
0.985297527272096 0.9266388616876611 0.9074768723227957 1.0
0.9839517089564683 0.9228342771212179 0.9015883506266583 1.0
0.9825318045343857 0.9190408251108173 0.895595454115845 1.0
0.9810357352823452 0.9152601548779383 0.8894992050998064 1.0
0.979461460088037 0.9114938289743931 0.8833005969583732 1.0
0.977806976276988 0.9077433306548811 0.8770006005654111 1.0
0.9760703202101996 0.9040100699395194 0.8706001695289634 1.0
0.9742495676772257 0.9002953886184993 0.8641002444700034 1.0
0.9723428341040022 0.8966005643963633 0.8575017565122679 1.0
0.9703482745907702 0.8929268143322207 0.8508056301183674 1.0
0.968264083792365 0.8892752977009076 0.8440127853791508 1.0
0.9660884956506975 0.8856471183759752 0.8371241398415995 1.0
0.9638197829872964 0.8820433268166591 0.8301406099437536 1.0
0.9614562569621626 0.8784649217262865 0.8230631121120259 1.0
0.9589962664038533 0.8749128514379407 0.8158925635659239 1.0
0.9564381970145593 0.8713880150739375 0.8086298828669026 1.0
0.9537804704529488 0.8678912635181849 0.8012759902414891 1.0
0.9510215432966801 0.8644234002344564 0.7938318077033981 1.0
0.9481599058856688 0.8609851819586591 0.7862982589950033 1.0
0.9451940810464731 0.8575773192891024 0.778676269364864 1.0
0.9421226226974473 0.8542004771954037 0.770966765194996 1.0
0.938944114333646 0.8508552754638331 0.7631706734890145 1.0
0.9356571673897917 0.8475422890945303 0.7552889212300887 1.0
0.9322604194789449 0.8442620486640012 0.7473224346157481 1.0
0.9287525325038384 0.8410150406645808 0.7392721381749152 1.0
0.9251321906371265 0.8378017078310446 0.7311389537710472 1.0
0.9213980981660616 0.8346224494632765 0.7229237994938731 1.0
0.9175489771963136 0.8314776217527414 0.7146275884409603 1.0
0.9135835652088227 0.8283675381195239 0.7062512273890925 1.0
0.9095006124626471 0.8252924695657925 0.6977956153542606 1.0
0.9052988792357906 0.8222526450507502 0.6892616420378498 1.0
0.9009771328949092 0.8192482518914014 0.6806501861553911 1.0
0.8965341447836163 0.8162794361928183 0.6719621136429562 1.0
0.8919686869177652 0.8133463033109694 0.6631982757349142 1.0
0.8872795284746726 0.8104489183506396 0.6543595069053034 1.0
0.8824654320615879 0.807587306700438 0.6454466226634572 1.0
0.8775251497469275 0.8047614546064346 0.6364604171927505 1.0
0.8724574188357527 0.8019713097855099 0.6274016608193295 1.0
0.8672609573687015 0.7992167820791035 0.6182710972954601 1.0
0.8619344593210155 0.7964977441476594 0.609069440879554 1.0
0.8564765894754074 0.7938140322057096 0.5997973731920336 1.0
0.8508859779392386 0.791165446797209 0.5904555398228145 1.0
0.8451612142727551 0.7885517536104265 0.5810445466623202 1.0
0.8393008411908982 0.7859726843314055 0.5715649559234033 1.0
0.8333033477963709 0.7834279375347588 0.5620172818162905 1.0
0.8271671622961368 0.7809171796102982 0.5524019858324808 1.0
0.8208906441471718 0.778440045723807 0.542719471586256 1.0
0.8144720755700432 0.7759961408100321 0.5329700791538141 1.0
0.8079096523604715 0.7735850405958253 0.5231540788398804 1.0
0.8012014739193534 0.771206292651173 0.5132716642894004 1.0
0.7943455324104833 0.7688594174657417 0.5033229448473562 1.0
0.7873397009421232 0.7665439095484224 0.4933079370521563 1.0
0.7801817206533438 0.7642592385472786 0.48322655512683893 1.0
0.7728691865682075 0.7620048503871998 0.4730786003065324 1.0
0.7653995320599202 0.7597801684225136 0.4628637488091302 1.0
0.7577700117424001 0.7575845946017594 0.45258153821754016 1.0
0.7499776825775256 0.7554175106417919 0.4422313519941862 1.0
0.741943827000575 0.7531054470963677 0.43571509993514845 1.0
0.7337757608179121 0.7505764847011411 0.43397642580829676 1.0
0.7256124638779584 0.7480262188211856 0.4323432511158115 1.0
0.7174546684809782 0.7454546412155623 0.4308132553271378 1.0
0.7093031031702371 0.7428617486299564 0.4293840204462842 1.0
0.701158493064822 0.7402475427121397 0.42805303748225915 1.0
0.693021560197188 0.7376120299285619 0.42681771318911454 1.0
0.6848930238561134 0.7349552214821956 0.42567537702481295 1.0
0.6767736009357641 0.7322771332317507 0.4246232882773435 1.0
0.6686640062915971 0.729577785612354 0.4236586433066114 1.0
0.6605649531038725 0.7268572035577896 0.4227785828512226 1.0
0.6524771532495833 0.7241154164243796 0.42198019935071 1.0
0.6444013176836473 0.7213524579165742 0.42126054423562337 1.0
0.6363381568302632 0.7185683660143198 0.42061663514038555 1.0
0.6282883809853852 0.7157631829022597 0.4200454629966986 1.0
0.6202527007313193 0.7129369549008134 0.41954399896856415 1.0
0.6122318273645215 0.7100897323991808 0.4191092011935479 1.0
0.6042264733377364 0.7072215697903065 0.4187380212986732 1.0
0.5962373527177027 0.7043325254078355 0.4184274106632562 1.0
0.588265181659723 0.7014226614650835 0.4181743264049531 1.0
0.5803106789004906 0.6984920439960443 0.41797573706924673 1.0
0.5723745662706712 0.6955407427984529 0.41782862800650905 1.0
0.5644575692288303 0.6925688313789093 0.41773000642453695 1.0
0.5565604174184207 0.6895763869000794 0.41767690610805164 1.0
0.54868384524967 0.6865634901299706 0.41766639180008175 1.0
0.5408285925083375 0.6835302253932869 0.41769556324326523 1.0
0.5329954049934612 0.6804766805248597 0.4177615588820374 1.0
0.5251850351863682 0.6774029468251513 0.41786155922929313 1.0
0.5173982429533979 0.6743091190178195 0.41799278990342814 1.0
0.5096357962849694 0.6711952952093369 0.41815252434375566 1.0
0.5018984720738101 0.668061576850649 0.41833808621404067 1.0
0.49418705693540416 0.6649080687008604 0.41854685150539017 1.0
0.4865023480739084 0.6617348787929234 0.4187762503510034 1.0
0.47884515419707047 0.6585421184013205 0.4190237685662086 1.0
0.471216296483914 0.6553299020117123 0.41928694892802326 1.0
0.46361660960925394 0.6520983472925298 0.41956339220895716 1.0
0.45604694282940533 0.6488475750684872 0.41985075798013793 1.0
0.4485081611337611 0.645577709295989 0.42014676519899447 1.0
0.4410011464672634 0.6422888770404029 0.42044919259671826 1.0
0.43352679902915064 0.6389812084551691 0.4207558788805989 1.0
0.4260860386537364 0.6356548367627173 0.4210647227660769 1.0
0.41867980627938867 0.632309898237156 0.42137368285297616 1.0
0.411309065512283 0.6289465321887051 0.421680777359963 1.0
0.4039748042919452 0.6255648809498315 0.42198408373074436 1.0
0.39667803666603874 0.6221650898630589 0.4222817381249736 1.0
0.38941980468231585 0.6187473072704066 0.42257193480620847 1.0
0.38220118040610107 0.6153116845044266 0.42285292543863473 1.0
0.3750232680721394 0.6118583758807936 0.4231230183036254 1.0
0.3678872063800828 0.6083875386924101 0.42338057744652313 1.0
0.36079417094329513 0.6048993332049833 0.4236240217633822 1.0
0.35374537690105584 0.6013939226540327 0.4238518240367408 1.0
0.34674208170452847 0.5978714732432789 0.4240625099288382 1.0
0.3397855880871274 0.5943321541443776 0.42425465694006903 1.0
0.3328772472300022 0.5907761374979386 0.4244268933398388 1.0
0.32601846213335095 0.5872035984157955 0.4245778970764083 1.0
0.31921069120403495 0.5836147149844682 0.42470639467172555 1.0
0.31245545206949304 0.5800096682697689 0.4248111601067246 1.0
0.3057543256271381 0.5763886423225041 0.424891013702046 1.0
0.299108960337253 0.5727518241852146 0.4249448209986452 1.0
0.29252107676567085 0.5690994038999003 0.42497149164231396 1.0
0.28599247238025377 0.5654315745166817 0.4249699782756948 1.0
0.27952502660209816 0.5617485321033244 0.42493927544098414 1.0
0.27312070610845735 0.5580504757555892 0.42487841849613994 1.0
0.26678157037929573 0.5543376076083297 0.4247864825470645 1.0
0.26050977747300613 0.5506101328472904 0.42466258139792523 1.0
0.2543075900089039 0.5468682597215322 0.4245058665214656 1.0
0.24817738132429717 0.543112199556427 0.4243155260509037 1.0
0.24212164176199436 0.5393421667671588 0.42409078379476456 1.0
0.23614298502965891 0.5355583788726545 0.42383089827575504 1.0
0.23024415455508052 0.5317610565098866 0.42353516179460493 1.0
0.2244280297408478 0.5279504234484708 0.42320289951959084 1.0
0.21869763199769415 0.524126706605492 0.4228334686023026 1.0
0.21305613040755644 0.5202901360604799 0.4224262573200535 1.0
0.20750684683493603 0.5164409450704677 0.42198068424520396 1.0
0.20205326026821402 0.5125793700850463 0.42149619744152433 1.0
0.19669901013121138 0.5087056507613502 0.42097227368765183 1.0
0.1914478982597985 0.504820029978883 0.42040841772755017 1.0
0.18630388918927993 0.5009227538541087 0.41980416154783023 1.0
0.1812711083468898 0.4970140717547253 0.4191590636816905 1.0
0.176353837691641 0.49309423631353316 0.4184727085391837 1.0
0.17155650829368038 0.48916350344181864 0.4177447057634427 1.0
0.16688368930057176 0.48522213234215655 0.4169746896124485 1.0
0.16234007270324785 0.48127038552055307 0.416162318365896 1.0
0.15793045329538177 0.4773085287978303 0.4153072737566437 1.0
0.15365970322353195 0.4733368313201631 0.4144092604262259 1.0
0.1495327405594653 0.46935556556867924 0.4134680054038697 1.0
0.14555449139903098 0.4653650073680185 0.41248325760842924 1.0
0.14172984511239128 0.46136543589376583 0.41145478737263924 1.0
0.13806360254588118 0.457357133678651 0.410382385989072 1.0
0.13456041721185402 0.4533403866174232 0.4092658652771647 1.0
0.1312247298013723 0.4493154839702956 0.4081050571706818 1.0
0.12806069671220335 0.44528271836486205 0.4068998133249664 1.0
0.12507211369087623 0.4412423857963825 0.4056500047433273 1.0
0.1222623361241616 0.43719478562633274 0.4043555214219131 1.0
0.11963419795497812 0.4331402205791176 0.4030162720124176 1.0
0.11718993160527852 0.42907899673683914 0.4016321835019637 1.0
0.1149310916226903 0.4250114235320173 0.40020320090951467 1.0
0.11285848498526796 0.4209378137381551 0.3987292869981653 1.0
0.11097211105928795 0.4168584834580437 0.3972104220026707 1.0
0.10927111407743056 0.4127737521096994 0.3956466033715703 1.0
0.10775375067277629 0.40868394240982686 0.3940378455232796 1.0
0.10641737447197133 0.4045893803547009 0.3923841796155163 1.0
0.10525843904492577 0.40049039519836116 0.39068565332744615 1.0
0.10427251967666992 0.3963873194280147 0.3889423306539347 1.0
0.10345435353431892 0.3922804887365379 0.3871542917112953 1.0
0.10279789692304228 0.38817024199197797 0.385321632553944 1.0
0.10229639753370451 0.38405692120394413 0.3834444650013626 1.0
0.10194247894594366 0.3799408714867935 0.381522916474797 1.0
0.10172823421046312 0.3758224410195039 0.37955712984311074 1.0
0.10164532511695726 0.37170198100213964 0.3775472632772354 1.0
0.1016850837588198 0.36757984560880963 0.3754934901126569 1.0
0.10183861321042573 0.36345639193702467 0.37339599871939333 1.0
0.10209688449850024 0.35933197995336125 0.3712549923789255 1.0
0.10245082752748 0.3552069724353401 0.3690706891675467 1.0
0.10289141415862979 0.35108173490943595 0.3668433218456169 1.0
0.10340973219632327 0.34695663558513323 0.3645731377522018 1.0
0.103997049562263 0.3428320452849474 0.36226039870459803 1.0
0.10464486840994888 0.33870833737033845 0.3599053809022486 1.0
0.10534496932844459 0.33458588766344305 0.35750837483456094 1.0
0.10608944609789123 0.33046507436456 0.35506968519215426 1.0
0.10687073168877889 0.32634627796532645 0.35258963078106575 1.0
0.10768161634867418 0.32222988115752843 0.35006854443945806 1.0
0.10851525870372003 0.3181162687374965 0.34750677295638127 1.0
0.10936519082968119 0.3140058275060392 0.3449046769921464 1.0
0.11022531823103857 0.3098989461638795 0.3422626309998846 1.0
0.11108991561841156 0.3057960152025587 0.33958102314786803 1.0
0.11195361930484221 0.30169742679078937 0.33686025524218827 1.0
0.11281141695905414 0.29760357465623344 0.33410074264938594 1.0
0.11365863536561976 0.2935148539627046 0.33130291421864844 1.0
0.1144909267533985 0.28943166118278807 0.3284672122031965 1.0
0.11530425416838316 0.28535439396589113 0.32559409218048785 1.0
0.11609487628774681 0.2812834510017391 0.32268402297089055 1.0
0.11685933199990911 0.27721923187934616 0.31973748655447354 1.0
0.11759442501152606 0.2731621369414963 0.3167549779855898 1.0
0.11829720868660842 0.2691125671347839 0.31373700530492626 1.0
0.11896497127519651 0.2650709238552712 0.31068408944871956 1.0
0.11959522164868297 0.26103760878983107 0.30759676415483833 1.0
0.12018567562522911 0.25701302375326085 0.3044755758654575 1.0
0.12073424294113125 0.2529975705212527 0.3013210836260537 1.0
0.12123901490159528 0.24899165065933304 0.2981338589804721 1.0
0.12169825272652346 0.2449956653478857 0.2949144858618301 1.0
0.12211037659288429 0.24101001520338944 0.2916635604790315 1.0
0.12247395536441918 0.2370351000960153 0.28838169119868734 1.0
0.12278769699130965 0.23307131896374472 0.2850694984222575 1.0
0.12305043955646397 0.2291190696231759 0.28172761445823313 1.0
0.12326114294092327 0.2251787485772086 0.27835668338920855 1.0
0.12341888107813881 0.22125075081981144 0.2749573609337045 1.0
0.12352283476527604 0.21733546963808387 0.27153031430261976 1.0
0.12357228499897313 0.21343329641184966 0.26807622205021214 1.0
0.12356660680296525 0.20954462041102961 0.264595773919526 1.0
0.12350526351546035 0.20566982859105698 0.2610896706822015 1.0
0.12338780150504167 0.20180930538661818 0.2575586239726249 1.0
0.12321384528501139 0.1979634325040167 0.2540033561163963 1.0
0.12298309299742963 0.19413258871247602 0.250424599953114 1.0
0.12269531223957517 0.19031714963471122 0.2468230986534956 1.0
0.12235033620706509 0.18651748753712363 0.2431996055308771 1.0
0.12194806012943818 0.18273397111998355 0.23955488384715656 1.0
0.12148843797554673 0.1789669653079879 0.2358897066132674 1.0
0.12097147940762576 0.17521683104159938 0.23220485638429406 1.0
0.12039724696438248 0.17148392506958737 0.2285011250493652 1.0
0.11976585345486254 0.16776859974321717 0.22477931361648257 1.0
0.1190774595462083 0.16407120281254595 0.22104023199247164 1.0
0.11833227152969697 0.16039207722530896 0.21728469875826162 1.0
0.11753053925066892 0.15673156092889848 0.21351354093973507 1.0
0.11667255418908076 0.15308998667595422 0.20972759377440547 1.0
0.1157586476784935 0.1494676818341119 0.2059277004742167 1.0
0.11478918925229889 0.14586496820047085 0.20211471198478054 1.0
0.11376458510691567 0.14228216182136716 0.1982894867414005 1.0
0.11268527667255426 0.1387195728180598 0.1944528904222571 1.0
0.11155173928295403 0.13517750521896066 0.19060579569916578 1.0
0.11036448093624565 0.13165625679906018 0.18674908198634063 1.0
0.10912404113978347 0.12815611892722642 0.18288363518763764 1.0
0.10783098983244971 0.12467737642208218 0.17901034744278552 1.0
0.10648592637851934 0.12122030741718451 0.17513011687313784 1.0
0.10508947862774715 0.11778518323626394 0.1712438473275277 1.0
0.10364230203685115 0.11437226827930472 0.16735244812883807 1.0
0.1021450788480589 0.11098181992027961 0.16345683382194337 1.0
0.10059851732083497 0.10761408841738135 0.15955792392372053 1.0
0.09900335101333488 0.10426931683662721 0.15565664267587057 1.0
