0.170813 0.100272 0.299848 1.0
0.170748 0.106342 0.305576 1.0
0.170609 0.112289 0.311297 1.0
0.170403 0.11821 0.317049 1.0
0.170134 0.124041 0.322824 1.0
0.169811 0.129949 0.328601 1.0
0.169435 0.135723 0.334405 1.0
0.168997 0.141581 0.340213 1.0
0.168498 0.147385 0.346028 1.0
0.167974 0.153166 0.351874 1.0
0.167445 0.159 0.357753 1.0
0.166877 0.164801 0.363613 1.0
0.166257 0.170632 0.369507 1.0
0.165615 0.176451 0.375412 1.0
0.164988 0.182307 0.38135 1.0
0.164375 0.18822 0.38728 1.0
0.163729 0.194112 0.393244 1.0
0.163063 0.199986 0.399218 1.0
0.16241 0.205964 0.405225 1.0
0.161776 0.211935 0.411241 1.0
0.161137 0.21792 0.417286 1.0
0.160495 0.223934 0.423329 1.0
0.159913 0.229986 0.429411 1.0
0.159401 0.236112 0.435511 1.0
0.15895 0.242231 0.44162 1.0
0.158561 0.24842 0.447736 1.0
0.158251 0.254627 0.453885 1.0
0.158049 0.260865 0.460036 1.0
0.157989 0.267147 0.466202 1.0
0.1581 0.27351 0.472379 1.0
0.158406 0.27989 0.478549 1.0
0.15892 0.286307 0.484715 1.0
0.159665 0.292797 0.490895 1.0
0.160748 0.299339 0.497035 1.0
0.16216 0.305921 0.503159 1.0
0.16391 0.312516 0.509272 1.0
0.165993 0.319192 0.515336 1.0
0.168538 0.325884 0.521367 1.0
0.171487 0.332648 0.527351 1.0
0.174901 0.339419 0.533271 1.0
0.178739 0.346199 0.539135 1.0
0.182999 0.353034 0.54493 1.0
0.187764 0.35987 0.55065 1.0
0.192881 0.366728 0.556286 1.0
0.198422 0.373584 0.56186 1.0
0.204385 0.38045 0.56734 1.0
0.210653 0.387302 0.572743 1.0
0.217273 0.394164 0.578054 1.0
0.224158 0.40103 0.583302 1.0
0.23136 0.407862 0.588471 1.0
0.238748 0.414696 0.593581 1.0
0.246367 0.421515 0.598619 1.0
0.254181 0.428339 0.60361 1.0
0.262132 0.435152 0.608546 1.0
0.27024 0.441951 0.613423 1.0
0.278444 0.448742 0.618281 1.0
0.286742 0.455526 0.623102 1.0
0.29515 0.462307 0.627893 1.0
0.303628 0.469101 0.632663 1.0
0.312163 0.475882 0.637417 1.0
0.320788 0.482664 0.642159 1.0
0.329439 0.489447 0.646891 1.0
0.33811 0.496239 0.651618 1.0
0.346851 0.503037 0.656342 1.0
0.355617 0.509847 0.661055 1.0
0.364396 0.516658 0.665779 1.0
0.373217 0.523479 0.670506 1.0
0.382061 0.530301 0.675225 1.0
0.390941 0.53714 0.679949 1.0
0.399821 0.543973 0.684683 1.0
0.408741 0.550822 0.689427 1.0
0.417677 0.55768 0.69416 1.0
0.426626 0.564541 0.698909 1.0
0.435605 0.571413 0.703666 1.0
0.444595 0.578292 0.708426 1.0
0.45359 0.585191 0.713186 1.0
0.462609 0.59209 0.717959 1.0
0.471661 0.598991 0.722729 1.0
0.480705 0.605899 0.727513 1.0
0.489775 0.612823 0.732306 1.0
0.498868 0.619763 0.737095 1.0
0.507973 0.626697 0.741893 1.0
0.517088 0.633649 0.746699 1.0
0.526218 0.640603 0.751514 1.0
0.535355 0.647566 0.756326 1.0
0.544519 0.654537 0.761149 1.0
0.553689 0.661524 0.765979 1.0
0.562886 0.668514 0.770814 1.0
0.572084 0.675509 0.775651 1.0
0.581296 0.682514 0.780498 1.0
0.590525 0.689536 0.785353 1.0
0.599774 0.696557 0.790209 1.0
0.609036 0.703589 0.795074 1.0
0.618302 0.710631 0.799949 1.0
0.627585 0.717684 0.804822 1.0
0.636886 0.724741 0.809705 1.0
0.646192 0.731807 0.81459 1.0
0.655519 0.738885 0.819482 1.0
0.664852 0.745965 0.824383 1.0
0.674206 0.753055 0.829293 1.0
0.683568 0.76016 0.834202 1.0
0.692951 0.767267 0.839111 1.0
0.702332 0.774383 0.844025 1.0
0.711736 0.781512 0.848944 1.0
0.721141 0.788642 0.853854 1.0
0.730566 0.795773 0.858767 1.0
0.74 0.802911 0.863676 1.0
0.749428 0.810051 0.868568 1.0
0.758875 0.817191 0.873433 1.0
0.768316 0.824324 0.878277 1.0
0.777764 0.831455 0.883079 1.0
0.7872 0.838559 0.887829 1.0
0.796616 0.845645 0.892512 1.0
0.806017 0.852703 0.8971 1.0
0.815381 0.859711 0.901565 1.0
0.824692 0.866656 0.905885 1.0
0.833942 0.873524 0.910014 1.0
0.843089 0.880287 0.91391 1.0
0.852117 0.88692 0.917522 1.0
0.860974 0.893377 0.920781 1.0
0.869624 0.899632 0.923647 1.0
0.878009 0.905622 0.926025 1.0
0.886061 0.911294 0.92785 1.0
0.893702 0.916594 0.929054 1.0
0.900863 0.921454 0.929562 1.0
0.90746 0.925812 0.92931 1.0
0.913404 0.929602 0.928248 1.0
0.918623 0.932772 0.926345 1.0
0.923067 0.935283 0.923586 1.0
0.926673 0.937103 0.919971 1.0
0.929429 0.938215 0.915537 1.0
0.93133 0.938632 0.910342 1.0
0.932392 0.938377 0.904431 1.0
0.93266 0.937487 0.897896 1.0
0.932188 0.936014 0.890812 1.0
0.931046 0.934007 0.883261 1.0
0.929296 0.93154 0.875321 1.0
0.927022 0.928665 0.867058 1.0
0.924297 0.925446 0.858541 1.0
0.921186 0.921935 0.849823 1.0
0.917759 0.918178 0.840943 1.0
0.914062 0.914224 0.831943 1.0
0.91015 0.910107 0.822845 1.0
0.906063 0.90586 0.813677 1.0
0.901837 0.901508 0.804466 1.0
0.897507 0.897082 0.795212 1.0
0.893086 0.892588 0.785938 1.0
0.888605 0.888045 0.776645 1.0
0.884072 0.883469 0.767334 1.0
0.879495 0.87886 0.758028 1.0
0.874893 0.87423 0.748712 1.0
0.870261 0.869582 0.739405 1.0
0.865614 0.864915 0.730086 1.0
0.860943 0.860235 0.720766 1.0
0.856252 0.855534 0.711456 1.0
0.851534 0.850804 0.702131 1.0
0.84679 0.846055 0.692818 1.0
0.842017 0.841276 0.683482 1.0
0.837197 0.836452 0.674142 1.0
0.832324 0.831583 0.664785 1.0
0.827389 0.826647 0.655416 1.0
0.822383 0.82164 0.64602 1.0
0.81728 0.816546 0.636606 1.0
0.812078 0.811349 0.627148 1.0
0.806758 0.806033 0.617663 1.0
0.801293 0.800585 0.608152 1.0
0.795679 0.794985 0.598591 1.0
0.7899 0.789225 0.589002 1.0
0.783941 0.783279 0.579401 1.0
0.777783 0.777151 0.569761 1.0
0.771426 0.770818 0.560132 1.0
0.764862 0.764282 0.550498 1.0
0.758093 0.757545 0.540889 1.0
0.751125 0.750609 0.531329 1.0
0.743954 0.743479 0.521826 1.0
0.736605 0.736161 0.512424 1.0
0.729094 0.728687 0.503123 1.0
0.721431 0.721062 0.493968 1.0
0.713649 0.713314 0.484948 1.0
0.705759 0.705457 0.476109 1.0
0.69778 0.697511 0.46744 1.0
0.689747 0.689508 0.458953 1.0
0.681656 0.681442 0.450653 1.0
0.673548 0.673359 0.442544 1.0
0.66542 0.66525 0.434605 1.0
0.657294 0.657143 0.426845 1.0
0.649168 0.649033 0.419245 1.0
0.641048 0.640928 0.411788 1.0
0.632958 0.632848 0.404468 1.0
0.624883 0.624783 0.397274 1.0
0.616836 0.616742 0.390185 1.0
0.608813 0.608725 0.383206 1.0
0.600802 0.600719 0.376299 1.0
0.592833 0.592753 0.369453 1.0
0.584878 0.584799 0.362677 1.0
0.57695 0.576874 0.355964 1.0
0.569037 0.56896 0.349284 1.0
0.561156 0.561078 0.342655 1.0
0.553294 0.553215 0.336042 1.0
0.545463 0.545383 0.329488 1.0
0.53765 0.537568 0.322942 1.0
0.529852 0.529769 0.316424 1.0
0.522068 0.521982 0.309933 1.0
0.514328 0.514241 0.303442 1.0
0.506587 0.506496 0.297009 1.0
0.498882 0.49879 0.290561 1.0
0.491202 0.491106 0.284151 1.0
0.483518 0.483419 0.277769 1.0
0.47588 0.475778 0.271386 1.0
0.468247 0.468142 0.265028 1.0
0.460641 0.460531 0.258705 1.0
0.453069 0.452958 0.252389 1.0
0.445503 0.445388 0.246078 1.0
0.437978 0.437859 0.239808 1.0
0.430459 0.430335 0.233535 1.0
0.422959 0.422831 0.22732 1.0
0.415497 0.415365 0.221113 1.0
0.408053 0.407917 0.21489 1.0
0.400645 0.400503 0.208725 1.0
0.393233 0.393089 0.202566 1.0
0.385855 0.385708 0.196466 1.0
0.378514 0.378364 0.190337 1.0
0.371184 0.371031 0.184261 1.0
0.363889 0.363734 0.178237 1.0
0.356626 0.356471 0.172181 1.0
0.349373 0.349219 0.16619 1.0
0.342153 0.342 0.160207 1.0
0.334967 0.334819 0.154299 1.0
0.327777 0.327637 0.148403 1.0
0.320649 0.320521 0.142577 1.0
0.313525 0.31341 0.136759 1.0
0.30644 0.306348 0.131029 1.0
0.299374 0.299307 0.125311 1.0
0.29233 0.292296 0.11965 1.0
0.285315 0.285321 0.114061 1.0
0.278356 0.278412 0.108536 1.0
0.2714 0.271513 0.103142 1.0
0.264491 0.264674 0.097785 1.0
0.257606 0.257872 0.092474 1.0
0.250762 0.251143 0.087347 1.0
0.243936 0.244416 0.082262 1.0
0.237196 0.237795 0.077192 1.0
0.230424 0.231199 0.072349 1.0
0.223734 0.224629 0.067628 1.0
0.217087 0.218178 0.063025 1.0
0.210464 0.21177 0.058419 1.0
0.203943 0.20539 0.053781 1.0
0.197487 0.199073 0.048969 1.0
0.191145 0.192843 0.043546 1.0
0.184939 0.186651 0.037943 1.0
0.178822 0.180505 0.031907 1.0
0.172805 0.174445 0.026044 1.0
0.166947 0.168396 0.020145 1.0
0.161186 0.162428 0.014202 1.0
0.155539 0.156487 0.008001 1.0
0.150046 0.150558 0.00193 1.0
