0.988235 0.988235 0.968627 1.0
0.9828524509803921 0.9813146078431373 0.9540173921568628 1.0
0.9774699019607843 0.9743942156862745 0.9394077843137255 1.0
0.9720873529411764 0.9674738235294118 0.9247981764705883 1.0
0.9667048039215687 0.960553431372549 0.910188568627451 1.0
0.9613222549019608 0.9536330392156863 0.8955789607843136 1.0
0.9581888676470588 0.9499998529411765 0.8899657352941176 1.0
0.9553053872549019 0.946731911764706 0.8853521078431372 1.0
0.9524219068627451 0.9434639705882353 0.8807384803921569 1.0
0.9495384264705882 0.9401960294117647 0.8761248529411765 1.0
0.9466549460784314 0.9369280882352942 0.8715112254901961 1.0
0.9437714656862745 0.9336601470588236 0.8668975980392157 1.0
0.9408879852941177 0.9303922058823529 0.8622839705882352 1.0
0.9380045049019607 0.9271242647058824 0.8576703431372549 1.0
0.9351210245098039 0.9238563235294118 0.8530567156862745 1.0
0.932237544117647 0.9205883823529413 0.8484430882352941 1.0
0.9293540637254902 0.9173204411764706 0.8438294607843138 1.0
0.9264705833333333 0.9140525 0.8392158333333334 1.0
0.9235871029411765 0.9107845588235295 0.834602205882353 1.0
0.9207036225490196 0.9075166176470588 0.8299885784313725 1.0
0.9178201421568628 0.9042486764705883 0.8253749509803922 1.0
0.9149366617647059 0.9009807352941177 0.8207613235294118 1.0
0.912053181372549 0.897712794117647 0.8161476960784314 1.0
0.9091697009803922 0.8944448529411765 0.811534068627451 1.0
0.9062862205882353 0.8911769117647059 0.8069204411764707 1.0
0.9034027401960785 0.8879089705882354 0.8023068137254903 1.0
0.9007307058823529 0.8848909019607843 0.7983083333333334 1.0
0.8982701176470589 0.882122705882353 0.794925 1.0
0.8958095294117647 0.8793545098039216 0.7915416666666667 1.0
0.8933489411764706 0.8765863137254902 0.7881583333333334 1.0
0.8908883529411765 0.8738181176470589 0.784775 1.0
0.8884277647058824 0.8710499215686275 0.7813916666666667 1.0
0.8859671764705882 0.8682817254901961 0.7780083333333334 1.0
0.8835065882352942 0.8655135294117647 0.7746250000000001 1.0
0.881046 0.8627453333333334 0.7712416666666667 1.0
0.8785854117647058 0.859977137254902 0.7678583333333334 1.0
0.8761248235294118 0.8572089411764706 0.764475 1.0
0.8736642352941176 0.8544407450980392 0.7610916666666667 1.0
0.8712036470588235 0.8516725490196079 0.7577083333333334 1.0
0.8687430588235294 0.8489043529411765 0.754325 1.0
0.8662824705882353 0.8461361568627451 0.7509416666666667 1.0
0.8638218823529412 0.8433679607843138 0.7475583333333334 1.0
0.8613612941176471 0.8405997647058824 0.744175 1.0
0.8589007058823529 0.837831568627451 0.7407916666666667 1.0
0.8564401176470589 0.8350633725490196 0.7374083333333334 1.0
0.8539795294117647 0.8322951764705883 0.734025 1.0
0.8515189411764705 0.8295269803921569 0.7306416666666667 1.0
0.8490583529411765 0.8267587843137255 0.7272583333333333 1.0
0.8465977647058823 0.8239905882352941 0.723875 1.0
0.8441371764705882 0.8212223921568628 0.7204916666666668 1.0
0.8416765882352941 0.8184541960784314 0.7171083333333333 1.0
0.839216 0.815686 0.713725 1.0
0.8372167450980392 0.8133792156862746 0.7108030784313726 1.0
0.8352174901960784 0.811072431372549 0.7078811568627452 1.0
0.8332182352941176 0.8087656470588236 0.7049592352941177 1.0
0.8312189803921568 0.806458862745098 0.7020373137254903 1.0
0.8292197254901961 0.8041520784313726 0.6991153921568628 1.0
0.8272204705882353 0.801845294117647 0.6961934705882353 1.0
0.8252212156862745 0.7995385098039216 0.6932715490196079 1.0
0.8232219607843138 0.797231725490196 0.6903496274509804 1.0
0.8212227058823529 0.7949249411764706 0.687427705882353 1.0
0.8192234509803922 0.7926181568627451 0.6845057843137256 1.0
0.8172241960784313 0.7903113725490196 0.6815838627450981 1.0
0.8152249411764706 0.7880045882352941 0.6786619411764706 1.0
0.8132256862745098 0.7856978039215686 0.6757400196078431 1.0
0.811226431372549 0.7833910196078431 0.6728180980392157 1.0
0.8092271764705883 0.7810842352941176 0.6698961764705883 1.0
0.8072279215686274 0.7787774509803922 0.6669742549019608 1.0
0.8052286666666667 0.7764706666666666 0.6640523333333334 1.0
0.8032294117647059 0.7741638823529411 0.6611304117647059 1.0
0.8012301568627451 0.7718570980392156 0.6582084901960784 1.0
0.7992309019607843 0.7695503137254902 0.655286568627451 1.0
0.7972316470588235 0.7672435294117647 0.6523646470588236 1.0
0.7952323921568627 0.7649367450980392 0.6494427254901961 1.0
0.793233137254902 0.7626299607843137 0.6465208039215686 1.0
0.7912338823529412 0.7603231764705882 0.6435988823529412 1.0
0.7892346274509804 0.7580163921568627 0.6406769607843137 1.0
0.7870816078431373 0.7555558039215686 0.6378319019607843 1.0
0.7847748235294117 0.7529414117647059 0.635063705882353 1.0
0.7824680392156863 0.7503270196078431 0.6322955098039216 1.0
0.7801612549019608 0.7477126274509803 0.6295273137254902 1.0
0.7778544705882353 0.7450982352941176 0.6267591176470588 1.0
0.7755476862745099 0.7424838431372549 0.6239909215686275 1.0
0.7732409019607843 0.7398694509803921 0.6212227254901961 1.0
0.7709341176470588 0.7372550588235294 0.6184545294117647 1.0
0.7686273333333333 0.7346406666666666 0.6156863333333333 1.0
0.7663205490196079 0.732026274509804 0.612918137254902 1.0
0.7640137647058823 0.7294118823529412 0.6101499411764706 1.0
0.7617069803921569 0.7267974901960784 0.6073817450980392 1.0
0.7594001960784313 0.7241830980392157 0.6046135490196078 1.0
0.7570934117647059 0.721568705882353 0.6018453529411765 1.0
0.7547866274509804 0.7189543137254902 0.5990771568627451 1.0
0.7524798431372549 0.7163399215686275 0.5963089607843137 1.0
0.7501730588235294 0.7137255294117647 0.5935407647058824 1.0
0.7478662745098039 0.7111111372549019 0.590772568627451 1.0
0.7455594901960784 0.7084967450980393 0.5880043725490196 1.0
0.7432527058823529 0.7058823529411765 0.5852361764705882 1.0
0.7409459215686274 0.7032679607843138 0.5824679803921569 1.0
0.7386391372549019 0.7006535686274511 0.5796997843137255 1.0
0.7363323529411764 0.6980391764705882 0.5769315882352941 1.0
0.7340255686274509 0.6954247843137256 0.5741633921568627 1.0
0.7317187843137254 0.6928103921568628 0.5713951960784314 1.0
0.729412 0.690196 0.568627 1.0
0.7271051764705881 0.6875816078431373 0.5663202156862746 1.0
0.7247983529411764 0.6849672156862745 0.564013431372549 1.0
0.7224915294117646 0.6823528235294118 0.5617066470588236 1.0
0.720184705882353 0.6797384313725491 0.5593998627450981 1.0
0.7178778823529411 0.6771240392156863 0.5570930784313726 1.0
0.7155710588235293 0.6745096470588235 0.554786294117647 1.0
0.7132642352941176 0.6718952549019608 0.5524795098039216 1.0
0.7109574117647058 0.669280862745098 0.5501727254901961 1.0
0.708650588235294 0.6666664705882354 0.5478659411764706 1.0
0.7063437647058823 0.6640520784313726 0.5455591568627451 1.0
0.7040369411764705 0.6614376862745098 0.5432523725490196 1.0
0.7017301176470588 0.6588232941176471 0.5409455882352942 1.0
0.699423294117647 0.6562089019607843 0.5386388039215686 1.0
0.6971164705882352 0.6535945098039215 0.5363320196078432 1.0
0.6948096470588235 0.6509801176470589 0.5340252352941177 1.0
0.6925028235294117 0.6483657254901961 0.5317184509803922 1.0
0.6901959999999999 0.6457513333333333 0.5294116666666667 1.0
0.6878891764705882 0.6431369411764706 0.5271048823529412 1.0
0.6855823529411764 0.6405225490196078 0.5247980980392157 1.0
0.6832755294117647 0.6379081568627452 0.5224913137254903 1.0
0.6809687058823529 0.6352937647058824 0.5201845294117647 1.0
0.6786618823529411 0.6326793725490196 0.5178777450980392 1.0
0.6763550588235294 0.6300649803921569 0.5155709607843137 1.0
0.6740482352941176 0.6274505882352941 0.5132641764705883 1.0
0.6717414117647058 0.6248361960784313 0.5109573921568628 1.0
0.6695883921568627 0.6224524901960784 0.5088043921568628 1.0
0.6675891764705882 0.6202994705882353 0.5068051764705883 1.0
0.6655899607843137 0.6181464509803921 0.5048059607843137 1.0
0.6635907450980392 0.615993431372549 0.5028067450980392 1.0
0.6615915294117647 0.6138404117647059 0.5008075294117648 1.0
0.6595923137254902 0.6116873921568627 0.4988083137254902 1.0
0.6575930980392156 0.6095343725490197 0.4968090980392157 1.0
0.6555938823529411 0.6073813529411765 0.4948098823529412 1.0
0.6535946666666667 0.6052283333333334 0.4928106666666667 1.0
0.6515954509803922 0.6030753137254902 0.4908114509803922 1.0
0.6495962352941177 0.6009222941176471 0.48881223529411766 1.0
0.6475970196078431 0.5987692745098039 0.4868130196078432 1.0
0.6455978039215686 0.5966162549019608 0.48481380392156864 1.0
0.6435985882352941 0.5944632352941176 0.48281458823529416 1.0
0.6415993725490197 0.5923102156862745 0.4808153725490196 1.0
0.6396001568627451 0.5901571960784314 0.47881615686274515 1.0
0.6376009411764706 0.5880041764705882 0.4768169411764706 1.0
0.6356017254901961 0.5858511568627451 0.4748177254901961 1.0
0.6336025098039216 0.5836981372549019 0.4728185098039216 1.0
0.631603294117647 0.5815451176470589 0.47081929411764706 1.0
0.6296040784313727 0.5793920980392158 0.46882007843137263 1.0
0.6276048627450981 0.5772390784313726 0.46682086274509804 1.0
0.6256056470588236 0.5750860588235294 0.46482164705882356 1.0
0.6236064313725491 0.5729330392156863 0.462822431372549 1.0
0.6216072156862745 0.5707800196078431 0.4608232156862745 1.0
0.619608 0.568627 0.458824 1.0
0.6180701176470589 0.5667815882352941 0.4571323137254902 1.0
0.6165322352941177 0.5649361764705882 0.4554406274509804 1.0
0.6149943529411765 0.5630907647058824 0.4537489411764706 1.0
0.6134564705882354 0.5612453529411765 0.4520572549019608 1.0
0.6119185882352942 0.5593999411764706 0.450365568627451 1.0
0.6103807058823529 0.5575545294117646 0.4486738823529412 1.0
0.6088428235294118 0.5557091176470588 0.44698219607843137 1.0
0.6073049411764706 0.5538637058823529 0.4452905098039216 1.0
0.6057670588235294 0.552018294117647 0.44359882352941177 1.0
0.6042291764705883 0.5501728823529412 0.44190713725490194 1.0
0.6026912941176471 0.5483274705882353 0.4402154509803922 1.0
0.6011534117647059 0.5464820588235294 0.43852376470588234 1.0
0.5996155294117648 0.5446366470588235 0.43683207843137256 1.0
0.5980776470588236 0.5427912352941177 0.43514039215686273 1.0
0.5965397647058824 0.5409458235294118 0.43344870588235296 1.0
0.5950018823529412 0.5391004117647058 0.43175701960784313 1.0
0.593464 0.5372549999999999 0.43006533333333336 1.0
0.5919261176470588 0.535409588235294 0.4283736470588235 1.0
0.5903882352941177 0.5335641764705882 0.42668196078431375 1.0
0.5888503529411765 0.5317187647058823 0.4249902745098039 1.0
0.5873124705882353 0.5298733529411764 0.4232985882352941 1.0
0.5857745882352942 0.5280279411764706 0.4216069019607843 1.0
0.584236705882353 0.5261825294117647 0.4199152156862745 1.0
0.5826988235294118 0.5243371176470588 0.4182235294117647 1.0
0.5811609411764707 0.5224917058823529 0.4165318431372549 1.0
0.5796230588235294 0.5207231568627451 0.41491707843137254 1.0
0.5780851764705883 0.5190314705882353 0.4133792352941177 1.0
0.576547294117647 0.5173397843137254 0.4118413921568627 1.0
0.5750094117647059 0.5156480980392156 0.41030354901960786 1.0
0.5734715294117647 0.5139564117647059 0.40876570588235295 1.0
0.5719336470588235 0.5122647254901961 0.40722786274509803 1.0
0.5703957647058824 0.5105730392156862 0.4056900196078431 1.0
0.5688578823529412 0.5088813529411764 0.4041521764705882 1.0
0.56732 0.5071896666666666 0.40261433333333335 1.0
0.5657821176470589 0.5054979803921569 0.40107649019607844 1.0
0.5642442352941176 0.503806294117647 0.3995386470588235 1.0
0.5627063529411764 0.5021146078431372 0.3980008039215686 1.0
0.5611684705882353 0.5004229215686274 0.3964629607843137 1.0
0.5596305882352941 0.4987312352941176 0.39492511764705884 1.0
0.5580927058823529 0.49703954901960784 0.39338727450980393 1.0
0.5565548235294118 0.495347862745098 0.391849431372549 1.0
0.5550169411764706 0.49365617647058824 0.3903115882352941 1.0
0.5534790588235294 0.49196449019607846 0.38877374509803925 1.0
0.5519411764705883 0.49027280392156863 0.38723590196078433 1.0
0.5504032941176471 0.4885811176470588 0.3856980588235294 1.0
0.5488654117647058 0.48688943137254903 0.3841602156862745 1.0
0.5473275294117647 0.4851977450980392 0.3826223725490196 1.0
0.5457896470588235 0.48350605882352937 0.3810845294117647 1.0
0.5442517647058823 0.4818143725490196 0.3795466862745098 1.0
0.5427138823529412 0.4801226862745098 0.3780088431372549 1.0
0.541176 0.478431 0.376471 1.0
0.5387154117647058 0.4759704117647059 0.3744717450980392 1.0
0.5362548235294118 0.47350982352941173 0.3724724901960784 1.0
0.5337942352941176 0.47104923529411763 0.37047323529411763 1.0
0.5313336470588235 0.4685886470588235 0.36847398039215684 1.0
0.5288730588235294 0.4661280588235294 0.3664747254901961 1.0
0.5264124705882353 0.46366747058823526 0.3644754705882353 1.0
0.5239518823529412 0.46120688235294116 0.3624762156862745 1.0
0.5214912941176472 0.4587462941176471 0.3604769607843138 1.0
0.5190307058823529 0.45628570588235295 0.35847770588235295 1.0
0.5165701176470588 0.4538251176470588 0.35647845098039216 1.0
0.5141095294117647 0.4513645294117647 0.35447919607843137 1.0
0.5116489411764705 0.4489039411764706 0.3524799411764706 1.0
0.5091883529411765 0.4464433529411765 0.3504806862745098 1.0
0.5067277647058823 0.4439827647058823 0.348481431372549 1.0
0.5042671764705883 0.4415221764705882 0.3464821764705882 1.0
0.5018065882352941 0.4390615882352941 0.3444829215686275 1.0
0.499346 0.436601 0.3424836666666667 1.0
0.49688541176470585 0.43414041176470586 0.3404844117647059 1.0
0.49442482352941175 0.43167982352941175 0.3384851568627451 1.0
0.49196423529411765 0.42921923529411765 0.3364859019607843 1.0
0.48950364705882354 0.42675864705882355 0.3344866470588235 1.0
0.4870430588235294 0.4242980588235294 0.33248739215686274 1.0
0.4845824705882353 0.4218374705882353 0.33048813725490195 1.0
0.48212188235294123 0.41937688235294124 0.3284888823529412 1.0
0.4796612941176471 0.4169162941176471 0.3264896274509804 1.0
0.4772776078431373 0.41437882352941174 0.32441349019607846 1.0
0.4749708235294118 0.4117644705882353 0.3222604705882353 1.0
0.4726640392156863 0.40915011764705883 0.32010745098039217 1.0
0.4703572549019608 0.4065357647058824 0.31795443137254903 1.0
0.4680504705882353 0.40392141176470586 0.3158014117647059 1.0
0.4657436862745098 0.4013070588235294 0.31364839215686274 1.0
0.4634369019607843 0.39869270588235295 0.3114953725490196 1.0
0.4611301176470588 0.3960783529411765 0.30934235294117646 1.0
0.4588233333333333 0.393464 0.3071893333333333 1.0
0.4565165490196078 0.3908496470588235 0.30503631372549017 1.0
0.45420976470588237 0.38823529411764707 0.3028832941176471 1.0
0.45190298039215687 0.3856209411764706 0.30073027450980394 1.0
0.4495961960784314 0.3830065882352941 0.2985772549019608 1.0
0.4472894117647059 0.38039223529411764 0.29642423529411766 1.0
0.44498262745098044 0.37777788235294124 0.29427121568627457 1.0
0.4426758431372549 0.37516352941176473 0.29211819607843137 1.0
0.4403690588235294 0.3725491764705882 0.2899651764705882 1.0
0.4380622745098039 0.36993482352941176 0.2878121568627451 1.0
0.4357554901960784 0.3673204705882353 0.28565913725490194 1.0
0.43344870588235296 0.36470611764705885 0.2835061176470588 1.0
0.4311419215686274 0.36209176470588234 0.2813530980392157 1.0
0.42883513725490197 0.3594774117647059 0.27920007843137257 1.0
0.42652835294117647 0.3568630588235294 0.2770470588235294 1.0
0.424221568627451 0.35424870588235297 0.2748940392156863 1.0
0.4219147843137255 0.35163435294117645 0.27274101960784314 1.0
0.419608 0.34902 0.270588 1.0
