0.960784 0.921569 0.815686 1.0
0.956170431372549 0.9157250784313725 0.8083042745098039 1.0
0.951556862745098 0.9098811568627451 0.8009225490196079 1.0
0.946943294117647 0.9040372352941176 0.7935408235294118 1.0
0.9423297254901961 0.8981933137254902 0.7861590980392157 1.0
0.9377161568627451 0.8923493921568627 0.7787773725490197 1.0
0.9331025882352941 0.8865054705882353 0.7713956470588236 1.0
0.9284890196078431 0.8806615490196078 0.7640139215686275 1.0
0.9238754509803921 0.8748176274509804 0.7566321960784314 1.0
0.9192618823529412 0.8689737058823529 0.7492504705882354 1.0
0.9146483137254902 0.8631297843137254 0.7418687450980392 1.0
0.9100347450980393 0.857285862745098 0.7344870196078431 1.0
0.9054211764705883 0.8514419411764707 0.727105294117647 1.0
0.9009613725490196 0.8457518039215687 0.7201080196078432 1.0
0.8969628627450981 0.8405230196078431 0.7142640980392158 1.0
0.8929643529411765 0.8352942352941176 0.7084201764705883 1.0
0.8889658431372549 0.8300654509803922 0.7025762549019609 1.0
0.8849673333333333 0.8248366666666667 0.6967323333333334 1.0
0.8809688235294117 0.8196078823529411 0.690888411764706 1.0
0.8769703137254902 0.8143790980392157 0.6850444901960785 1.0
0.8729718039215686 0.8091503137254902 0.679200568627451 1.0
0.868973294117647 0.8039215294117646 0.6733566470588236 1.0
0.8649747843137254 0.7986927450980392 0.6675127254901961 1.0
0.8609762745098039 0.7934639607843137 0.6616688039215687 1.0
0.8569777647058823 0.7882351764705882 0.6558248823529412 1.0
0.8529792549019607 0.7830063921568627 0.6499809607843138 1.0
0.8492114509803921 0.7780851960784313 0.6445215098039216 1.0
0.8456743529411764 0.773471588235294 0.6394465294117647 1.0
0.8421372549019608 0.7688579803921568 0.6343715490196079 1.0
0.838600156862745 0.7642443725490196 0.629296568627451 1.0
0.8350630588235294 0.7596307647058823 0.6242215882352942 1.0
0.8315259607843137 0.7550171568627451 0.6191466078431372 1.0
0.827988862745098 0.7504035490196078 0.6140716274509804 1.0
0.8244517647058823 0.7457899411764706 0.6089966470588236 1.0
0.8209146666666667 0.7411763333333333 0.6039216666666667 1.0
0.8173775686274509 0.7365627254901961 0.5988466862745099 1.0
0.8138404705882353 0.7319491176470588 0.593771705882353 1.0
0.8103033725490196 0.7273355098039216 0.5886967254901961 1.0
0.8067662745098039 0.7227219019607843 0.5836217450980392 1.0
0.8032291764705882 0.7181082941176471 0.5785467647058824 1.0
0.7996920784313726 0.7134946862745098 0.5734717843137255 1.0
0.7961549803921569 0.7088810784313726 0.5683968039215687 1.0
0.7926178823529412 0.7042674705882352 0.5633218235294117 1.0
0.7890807843137255 0.6996538627450981 0.5582468431372549 1.0
0.7855436862745098 0.6950402549019608 0.553171862745098 1.0
0.7820065882352941 0.6904266470588236 0.5480968823529412 1.0
0.7784694901960785 0.6858130392156863 0.5430219019607843 1.0
0.7749323921568627 0.681199431372549 0.5379469215686274 1.0
0.7713952941176471 0.6765858235294118 0.5328719411764706 1.0
0.7678581960784314 0.6719722156862745 0.5277969607843137 1.0
0.7643210980392157 0.6673586078431373 0.5227219803921568 1.0
0.760784 0.662745 0.517647 1.0
0.7575544705882353 0.6587465294117647 0.5139560980392156 1.0
0.7543249411764706 0.6547480588235295 0.5102651960784313 1.0
0.7510954117647058 0.6507495882352942 0.506574294117647 1.0
0.7478658823529412 0.6467511176470588 0.5028833921568627 1.0
0.7446363529411765 0.6427526470588235 0.4991924901960784 1.0
0.7414068235294118 0.6387541764705883 0.4955015882352941 1.0
0.7381772941176471 0.634755705882353 0.4918106862745098 1.0
0.7349477647058824 0.6307572352941176 0.4881197843137255 1.0
0.7317182352941176 0.6267587647058823 0.4844288823529411 1.0
0.7284887058823529 0.6227602941176471 0.48073798039215687 1.0
0.7252591764705882 0.6187618235294118 0.4770470784313725 1.0
0.7220296470588236 0.6147633529411765 0.4733561764705882 1.0
0.7188001176470589 0.6107648823529411 0.4696652745098039 1.0
0.7155705882352941 0.6067664117647058 0.4659743725490196 1.0
0.7123410588235295 0.6027679411764706 0.4622834705882353 1.0
0.7091115294117647 0.5987694705882353 0.45859256862745096 1.0
0.705882 0.5947709999999999 0.45490166666666665 1.0
0.7026524705882353 0.5907725294117647 0.45121076470588234 1.0
0.6994229411764706 0.5867740588235294 0.44751986274509803 1.0
0.696193411764706 0.5827755882352941 0.4438289607843137 1.0
0.6929638823529412 0.5787771176470587 0.4401380588235294 1.0
0.6897343529411765 0.5747786470588235 0.4364471568627451 1.0
0.6865048235294118 0.5707801764705882 0.4327562549019608 1.0
0.6832752941176471 0.5667817058823529 0.4290653529411764 1.0
0.6800457647058824 0.5627832352941176 0.42537445098039217 1.0
0.6772776078431373 0.5592461372549019 0.42206803921568625 1.0
0.6749708235294117 0.5561704117647058 0.41914611764705884 1.0
0.6726640392156863 0.5530946862745098 0.41622419607843136 1.0
0.6703572549019607 0.5500189607843137 0.4133022745098039 1.0
0.6680504705882353 0.5469432352941176 0.4103803529411765 1.0
0.6657436862745099 0.5438675098039216 0.40745843137254906 1.0
0.6634369019607843 0.5407917843137254 0.4045365098039216 1.0
0.6611301176470589 0.5377160588235294 0.4016145882352941 1.0
0.6588233333333333 0.5346403333333333 0.39869266666666664 1.0
0.6565165490196079 0.5315646078431372 0.3957707450980392 1.0
0.6542097647058823 0.5284888823529411 0.39284882352941175 1.0
0.6519029803921569 0.525413156862745 0.3899269019607843 1.0
0.6495961960784314 0.522337431372549 0.38700498039215686 1.0
0.6472894117647059 0.519261705882353 0.38408305882352944 1.0
0.6449826274509805 0.5161859803921568 0.38116113725490197 1.0
0.6426758431372549 0.5131102549019607 0.3782392156862745 1.0
0.6403690588235295 0.5100345294117646 0.375317294117647 1.0
0.6380622745098039 0.5069588039215686 0.3723953725490196 1.0
0.6357554901960785 0.5038830784313725 0.36947345098039214 1.0
0.633448705882353 0.5008073529411764 0.3665515294117647 1.0
0.6311419215686275 0.4977316274509804 0.36362960784313725 1.0
0.628835137254902 0.49465590196078435 0.36070768627450983 1.0
0.6265283529411765 0.4915801764705882 0.35778576470588236 1.0
0.624221568627451 0.48850445098039214 0.3548638431372549 1.0
0.6219147843137255 0.48542872549019606 0.35194192156862747 1.0
0.619608 0.482353 0.34902 1.0
0.6176087450980393 0.48019998039215683 0.34671317647058825 1.0
0.6156094901960785 0.4780469607843137 0.34440635294117644 1.0
0.6136102352941177 0.47589394117647055 0.3420995294117647 1.0
0.6116109803921569 0.47374092156862746 0.339792705882353 1.0
0.6096117254901962 0.4715879019607843 0.3374858823529412 1.0
0.6076124705882353 0.4694348823529412 0.3351790588235294 1.0
0.6056132156862746 0.46728186274509803 0.33287223529411764 1.0
0.6036139607843137 0.4651288431372549 0.3305654117647059 1.0
0.601614705882353 0.46297582352941175 0.32825858823529414 1.0
0.5996154509803922 0.4608228039215686 0.32595176470588233 1.0
0.5976161960784314 0.4586697843137255 0.3236449411764706 1.0
0.5956169411764707 0.45651676470588237 0.3213381176470589 1.0
0.5936176862745098 0.45436374509803923 0.3190312941176471 1.0
0.591618431372549 0.4522107254901961 0.3167244705882353 1.0
0.5896191764705883 0.45005770588235294 0.3144176470588235 1.0
0.5876199215686275 0.4479046862745098 0.3121108235294118 1.0
0.5856206666666667 0.44575166666666666 0.309804 1.0
0.5836214117647058 0.4435986470588235 0.3074971764705882 1.0
0.5816221568627451 0.4414456274509804 0.30519035294117647 1.0
0.5796229019607844 0.4392926078431373 0.3028835294117648 1.0
0.5776236470588235 0.43713958823529414 0.30057670588235297 1.0
0.5756243921568628 0.434986568627451 0.29826988235294116 1.0
0.5736251372549019 0.43283354901960785 0.2959630588235294 1.0
0.5716258823529412 0.4306805294117647 0.29365623529411766 1.0
0.5696266274509804 0.4285275098039216 0.2913494117647059 1.0
0.567704294117647 0.4262975882352941 0.28919639215686277 1.0
0.5658588823529411 0.4239907647058824 0.28719717647058823 1.0
0.5640134705882353 0.4216839411764706 0.28519796078431375 1.0
0.5621680588235294 0.4193771176470588 0.2831987450980392 1.0
0.5603226470588236 0.4170702941176471 0.2811995294117648 1.0
0.5584772352941176 0.4147634705882353 0.2792003137254902 1.0
0.5566318235294118 0.41245664705882357 0.2772010980392157 1.0
0.5547864117647059 0.41014982352941176 0.2752018823529412 1.0
0.552941 0.407843 0.2732026666666667 1.0
0.5510955882352941 0.40553617647058826 0.27120345098039217 1.0
0.5492501764705882 0.40322935294117646 0.26920423529411763 1.0
0.5474047647058823 0.4009225294117647 0.26720501960784315 1.0
0.5455593529411764 0.39861570588235296 0.2652058039215686 1.0
0.5437139411764705 0.39630888235294115 0.26320658823529414 1.0
0.5418685294117647 0.3940020588235294 0.2612073725490196 1.0
0.5400231176470588 0.39169523529411765 0.2592081568627451 1.0
0.5381777058823529 0.3893884117647059 0.2572089411764706 1.0
0.536332294117647 0.3870815882352941 0.2552097254901961 1.0
0.5344868823529412 0.38477476470588234 0.25321050980392157 1.0
0.5326414705882353 0.3824679411764706 0.2512112941176471 1.0
0.5307960588235294 0.3801611176470589 0.2492120784313726 1.0
0.5289506470588234 0.37785429411764704 0.24721286274509804 1.0
0.5271052352941176 0.3755474705882353 0.24521364705882354 1.0
0.5252598235294117 0.37324064705882354 0.24321443137254903 1.0
0.5234144117647058 0.37093382352941173 0.24121521568627452 1.0
0.521569 0.368627 0.239216 1.0
0.5188008039215686 0.3660126470588235 0.23721674509803922 1.0
0.5160326078431372 0.363398294117647 0.23521749019607843 1.0
0.5132644117647058 0.36078394117647056 0.23321823529411767 1.0
0.5104962156862745 0.3581695882352941 0.23121898039215688 1.0
0.5077280196078431 0.35555523529411764 0.2292197254901961 1.0
0.5049598235294117 0.3529408823529412 0.2272204705882353 1.0
0.5021916274509803 0.3503265294117647 0.2252212156862745 1.0
0.49942343137254896 0.3477121764705882 0.22322196078431375 1.0
0.4966552352941176 0.34509782352941176 0.22122270588235296 1.0
0.4938870392156862 0.34248347058823525 0.21922345098039217 1.0
0.49111884313725496 0.33986911764705885 0.21722419607843144 1.0
0.4883506470588235 0.33725476470588234 0.2152249411764706 1.0
0.4855824509803921 0.3346404117647059 0.21322568627450983 1.0
0.4828142549019607 0.33202605882352937 0.21122643137254904 1.0
0.4800460588235294 0.3294117058823529 0.20922717647058825 1.0
0.47727786274509804 0.32679735294117646 0.20722792156862746 1.0
0.47450966666666666 0.324183 0.20522866666666667 1.0
0.4717414705882353 0.3215686470588235 0.20322941176470588 1.0
0.4689732745098039 0.31895429411764703 0.20123015686274512 1.0
0.46620507843137254 0.3163399411764706 0.19923090196078433 1.0
0.46343688235294117 0.3137255882352941 0.19723164705882354 1.0
0.4606686862745098 0.3111112352941176 0.19523239215686275 1.0
0.4579004901960784 0.30849688235294115 0.193233137254902 1.0
0.45513229411764705 0.3058825294117647 0.1912338823529412 1.0
0.4523640980392157 0.30326817647058824 0.1892346274509804 1.0
0.4497497058823529 0.3010382745098039 0.18761986274509806 1.0
0.44728911764705886 0.2991928235294118 0.18638958823529417 1.0
0.4448285294117647 0.2973473725490196 0.18515931372549022 1.0
0.4423679411764706 0.2955019215686274 0.1839290392156863 1.0
0.43990735294117644 0.2936564705882353 0.18269876470588237 1.0
0.43744676470588234 0.2918110196078431 0.18146849019607844 1.0
0.43498617647058824 0.289965568627451 0.18023821568627452 1.0
0.43252558823529413 0.2881201176470588 0.1790079411764706 1.0
0.430065 0.2862746666666667 0.17777766666666667 1.0
0.42760441176470587 0.2844292156862745 0.17654739215686274 1.0
0.42514382352941177 0.28258376470588237 0.17531711764705885 1.0
0.42268323529411767 0.2807383137254902 0.17408684313725492 1.0
0.4202226470588235 0.27889286274509806 0.172856568627451 1.0
0.4177620588235294 0.2770474117647059 0.17162629411764707 1.0
0.4153014705882353 0.27520196078431375 0.17039601960784315 1.0
0.4128408823529412 0.27335650980392157 0.16916574509803922 1.0
0.41038029411764704 0.27151105882352944 0.1679354705882353 1.0
0.407919705882353 0.2696656078431373 0.16670519607843143 1.0
0.40545911764705883 0.26782015686274513 0.16547492156862745 1.0
0.4029985294117647 0.26597470588235295 0.16424464705882352 1.0
0.40053794117647057 0.2641292549019608 0.16301437254901963 1.0
0.39807735294117647 0.26228380392156864 0.1617840980392157 1.0
0.39561676470588236 0.26043835294117645 0.16055382352941178 1.0
0.39315617647058826 0.2585929019607843 0.15932354901960785 1.0
0.3906955882352941 0.2567474509803922 0.15809327450980393 1.0
0.388235 0.254902 0.156863 1.0
0.3863895490196078 0.25305654901960783 0.15532511764705884 1.0
0.3845440980392157 0.2512110980392157 0.15378723529411764 1.0
0.3826986470588235 0.24936564705882355 0.15224935294117647 1.0
0.3808531960784314 0.2475201960784314 0.1507114705882353 1.0
0.3790077450980392 0.24567474509803922 0.1491735882352941 1.0
0.37716229411764707 0.24382929411764706 0.14763570588235295 1.0
0.3753168431372549 0.2419838431372549 0.14609782352941175 1.0
0.3734713921568628 0.2401383921568628 0.14455994117647064 1.0
0.3716259411764706 0.2382929411764706 0.14302205882352942 1.0
0.3697804901960784 0.23644749019607844 0.14148417647058825 1.0
0.36793503921568627 0.2346020392156863 0.13994629411764706 1.0
0.3660895882352941 0.23275658823529413 0.1384084117647059 1.0
0.36424413725490196 0.23091113725490198 0.1368705294117647 1.0
0.3623986862745098 0.2290656862745098 0.13533264705882353 1.0
0.36055323529411765 0.22722023529411767 0.13379476470588236 1.0
0.35870778431372546 0.22537478431372548 0.13225688235294117 1.0
0.35686233333333334 0.22352933333333336 0.130719 1.0
0.35501688235294115 0.22168388235294118 0.12918111764705884 1.0
0.353171431372549 0.21983843137254902 0.12764323529411764 1.0
0.35132598039215684 0.21799298039215687 0.12610535294117647 1.0
0.34948052941176466 0.2161475294117647 0.12456747058823531 1.0
0.34763507843137254 0.21430207843137256 0.12302958823529411 1.0
0.34578962745098035 0.2124566274509804 0.12149170588235295 1.0
0.3439441764705883 0.2106111764705883 0.11995382352941181 1.0
0.34209872549019604 0.20876572549019606 0.11841594117647058 1.0
0.3399457058823529 0.20684339215686273 0.11687805882352942 1.0
0.3374851176470588 0.20484417647058822 0.11534017647058824 1.0
0.3350245294117647 0.20284496078431372 0.11380229411764706 1.0
0.3325639411764706 0.2008457450980392 0.11226441176470589 1.0
0.33010335294117643 0.1988465294117647 0.11072652941176471 1.0
0.32764276470588233 0.1968473137254902 0.10918864705882353 1.0
0.3251821764705882 0.19484809803921568 0.10765076470588236 1.0
0.3227215882352941 0.19284888235294118 0.10611288235294118 1.0
0.32026099999999996 0.19084966666666667 0.104575 1.0
0.31780041176470586 0.18885045098039216 0.10303711764705882 1.0
0.31533982352941176 0.18685123529411765 0.10149923529411765 1.0
0.31287923529411765 0.18485201960784314 0.09996135294117647 1.0
0.3104186470588235 0.18285280392156864 0.09842347058823529 1.0
0.3079580588235294 0.18085358823529413 0.09688558823529411 1.0
0.30549747058823534 0.17885437254901967 0.09534770588235299 1.0
0.3030368823529412 0.1768551568627451 0.09380982352941176 1.0
0.300576294117647 0.17485594117647058 0.09227194117647058 1.0
0.2981157058823529 0.1728567254901961 0.09073405882352942 1.0
0.2956551176470588 0.17085750980392156 0.08919617647058824 1.0
0.2931945294117647 0.16885829411764708 0.08765829411764706 1.0
0.29073394117647056 0.16685907843137254 0.08612041176470589 1.0
0.28827335294117645 0.16485986274509803 0.08458252941176471 1.0
0.28581276470588235 0.16286064705882353 0.08304464705882353 1.0
0.28335217647058825 0.16086143137254902 0.08150676470588236 1.0
0.2808915882352941 0.1588622156862745 0.07996888235294117 1.0
0.278431 0.156863 0.078431 1.0
