0.988235 0.988235 0.94902 1.0
0.983621431372549 0.983621431372549 0.9416381960784314 1.0
0.979007862745098 0.979007862745098 0.9342563921568627 1.0
0.974394294117647 0.974394294117647 0.9268745882352941 1.0
0.9697807254901961 0.9697807254901961 0.9194927843137255 1.0
0.9651671568627451 0.9651671568627451 0.9121109803921569 1.0
0.9605535882352941 0.9605535882352941 0.9047291764705883 1.0
0.9559400196078431 0.9559400196078431 0.8973473725490196 1.0
0.9513264509803921 0.9513264509803921 0.889965568627451 1.0
0.9467128823529412 0.9467128823529412 0.8825837647058824 1.0
0.9420993137254902 0.9420993137254902 0.8752019607843138 1.0
0.9374857450980392 0.9374857450980392 0.8678201568627452 1.0
0.9328721764705883 0.9328721764705883 0.8604383529411765 1.0
0.9280279215686275 0.9280279215686275 0.8532872352941177 1.0
0.9224916078431372 0.9224916078431372 0.8468281764705883 1.0
0.9169552941176471 0.9169552941176471 0.8403691176470589 1.0
0.9114189803921569 0.9114189803921569 0.8339100588235294 1.0
0.9058826666666667 0.9058826666666667 0.827451 1.0
0.9003463529411765 0.9003463529411765 0.8209919411764707 1.0
0.8948100392156862 0.8948100392156862 0.8145328823529412 1.0
0.8892737254901961 0.8892737254901961 0.8080738235294118 1.0
0.8837374117647059 0.8837374117647059 0.8016147647058824 1.0
0.8782010980392158 0.8782010980392158 0.795155705882353 1.0
0.8726647843137255 0.8726647843137255 0.7886966470588236 1.0
0.8671284705882353 0.8671284705882353 0.7822375882352941 1.0
0.8615921568627452 0.8615921568627452 0.7757785294117647 1.0
0.8565171764705882 0.8562096078431373 0.7699346078431373 1.0
0.8519035294117647 0.8509808235294118 0.7647058235294119 1.0
0.8472898823529412 0.8457520392156863 0.7594770392156863 1.0
0.8426762352941177 0.8405232549019608 0.7542482549019608 1.0
0.8380625882352941 0.8352944705882354 0.7490194705882354 1.0
0.8334489411764706 0.8300656862745098 0.7437906862745098 1.0
0.8288352941176471 0.8248369019607843 0.7385619019607843 1.0
0.8242216470588236 0.8196081176470589 0.7333331176470589 1.0
0.819608 0.8143793333333333 0.7281043333333334 1.0
0.8149943529411765 0.8091505490196078 0.7228755490196078 1.0
0.810380705882353 0.8039217647058824 0.7176467647058824 1.0
0.8057670588235295 0.7986929803921569 0.7124179803921569 1.0
0.8011534117647059 0.7934641960784313 0.7071891960784313 1.0
0.7970011764705883 0.7889274705882353 0.7026524705882353 1.0
0.7930027450980393 0.784621431372549 0.698346431372549 1.0
0.7890043137254903 0.7803153921568627 0.6940403921568628 1.0
0.7850058823529412 0.7760093529411765 0.6897343529411765 1.0
0.7810074509803921 0.7717033137254902 0.6854283137254902 1.0
0.7770090196078432 0.7673972745098039 0.6811222745098039 1.0
0.7730105882352942 0.7630912352941177 0.6768162352941177 1.0
0.7690121568627452 0.7587851960784314 0.6725101960784314 1.0
0.7650137254901961 0.7544791568627451 0.6682041568627451 1.0
0.7610152941176471 0.7501731176470589 0.6638981176470589 1.0
0.757016862745098 0.7458670784313726 0.6595920784313726 1.0
0.7530184313725491 0.7415610392156863 0.6552860392156863 1.0
0.74902 0.737255 0.65098 1.0
0.7453290980392157 0.7332565686274509 0.6472891764705883 1.0
0.7416381960784314 0.729258137254902 0.6435983529411765 1.0
0.737947294117647 0.7252597058823529 0.6399075294117647 1.0
0.7342563921568628 0.7212612745098039 0.6362167058823529 1.0
0.7305654901960784 0.7172628431372549 0.6325258823529412 1.0
0.7268745882352942 0.7132644117647059 0.6288350588235294 1.0
0.7231836862745098 0.7092659803921568 0.6251442352941177 1.0
0.7194927843137254 0.7052675490196079 0.6214534117647058 1.0
0.7158018823529412 0.7012691176470588 0.6177625882352941 1.0
0.7121109803921568 0.6972706862745098 0.6140717647058823 1.0
0.7084200784313726 0.6932722549019608 0.6103809411764706 1.0
0.7047291764705882 0.6892738235294117 0.6066901176470588 1.0
0.7009613725490196 0.6851984901960784 0.6029223725490196 1.0
0.696962862745098 0.6808924509803921 0.598923862745098 1.0
0.6929643529411765 0.6765864117647059 0.5949253529411765 1.0
0.6889658431372548 0.6722803725490196 0.5909268431372549 1.0
0.6849673333333333 0.6679743333333333 0.5869283333333333 1.0
0.6809688235294117 0.663668294117647 0.5829298235294117 1.0
0.6769703137254902 0.6593622549019608 0.5789313137254902 1.0
0.6729718039215686 0.6550562156862745 0.5749328039215686 1.0
0.668973294117647 0.6507501764705882 0.5709342941176471 1.0
0.6649747843137255 0.6464441372549019 0.5669357843137255 1.0
0.660976274509804 0.6421380980392157 0.562937274509804 1.0
0.6569777647058823 0.6378320588235293 0.5589387647058823 1.0
0.6529792549019607 0.633526019607843 0.5549402549019608 1.0
0.6489807843137255 0.6292199803921569 0.5510955490196079 1.0
0.6449823529411765 0.6249139411764706 0.5474046470588235 1.0
0.6409839215686275 0.6206079019607843 0.5437137450980393 1.0
0.6369854901960784 0.616301862745098 0.5400228431372549 1.0
0.6329870588235295 0.6119958235294117 0.5363319411764707 1.0
0.6289886274509804 0.6076897843137256 0.5326410392156864 1.0
0.6249901960784313 0.6033837450980392 0.528950137254902 1.0
0.6209917647058824 0.5990777058823529 0.5252592352941177 1.0
0.6169933333333333 0.5947716666666666 0.5215683333333334 1.0
0.6129949019607843 0.5904656274509803 0.517877431372549 1.0
0.6089964705882353 0.5861595882352941 0.5141865294117648 1.0
0.6049980392156863 0.5818535490196078 0.5104956274509804 1.0
0.6009996078431372 0.5775475098039216 0.5068047254901962 1.0
0.5970011764705883 0.5732414705882353 0.5028831764705883 1.0
0.5930027450980392 0.568935431372549 0.49888474509803926 1.0
0.5890043137254901 0.5646293921568627 0.49488631372549025 1.0
0.5850058823529412 0.5603233529411764 0.49088788235294123 1.0
0.5810074509803921 0.5560173137254901 0.48688945098039216 1.0
0.5770090196078431 0.5517112745098038 0.48289101960784314 1.0
0.573010588235294 0.5474052352941176 0.4788925882352941 1.0
0.5690121568627451 0.5430991960784314 0.4748941568627451 1.0
0.5650137254901961 0.5387931568627451 0.47089572549019615 1.0
0.5610152941176471 0.5344871176470588 0.4668972941176471 1.0
0.557016862745098 0.5301810784313725 0.462898862745098 1.0
0.553018431372549 0.5258750392156862 0.458900431372549 1.0
0.54902 0.521569 0.454902 1.0
0.5459442352941176 0.5178780980392156 0.45213384313725485 1.0
0.5428684705882353 0.5141871960784313 0.4493656862745098 1.0
0.539792705882353 0.510496294117647 0.44659752941176467 1.0
0.5367169411764706 0.5068053921568627 0.4438293725490196 1.0
0.5336411764705882 0.5031144901960783 0.4410612156862745 1.0
0.5305654117647058 0.4994235882352941 0.43829305882352937 1.0
0.5274896470588235 0.4957326862745098 0.4355249019607843 1.0
0.5244138823529412 0.49204178431372547 0.4327567450980392 1.0
0.5213381176470588 0.48835088235294116 0.42998858823529407 1.0
0.5182623529411765 0.48465998039215685 0.427220431372549 1.0
0.5151865882352942 0.48096907843137254 0.4244522745098039 1.0
0.5121108235294118 0.4772781764705883 0.4216841176470588 1.0
0.5090350588235294 0.4736641764705882 0.4188390588235294 1.0
0.5059592941176471 0.4702808823529412 0.41576329411764706 1.0
0.5028835294117647 0.4668975882352941 0.4126875294117647 1.0
0.4998077647058824 0.46351429411764705 0.40961176470588234 1.0
0.496732 0.460131 0.406536 1.0
0.4936562352941177 0.4567477058823529 0.4034602352941176 1.0
0.49058047058823534 0.4533644117647059 0.4003844705882353 1.0
0.487504705882353 0.4499811176470589 0.397308705882353 1.0
0.4844289411764706 0.44659782352941174 0.39423294117647056 1.0
0.48135317647058823 0.4432145294117647 0.39115717647058823 1.0
0.4782774117647059 0.43983123529411766 0.3880814117647059 1.0
0.47520164705882356 0.43644794117647057 0.38500564705882356 1.0
0.4721258823529412 0.4330646470588235 0.3819298823529412 1.0
0.4693577254901961 0.4299888823529412 0.37931549019607846 1.0
0.46689717647058826 0.4272206470588235 0.3771624705882353 1.0
0.4644366274509804 0.4244524117647059 0.3750094509803922 1.0
0.46197607843137256 0.42168417647058826 0.37285643137254904 1.0
0.45951552941176477 0.4189159411764707 0.37070341176470595 1.0
0.45705498039215686 0.41614770588235295 0.36855039215686275 1.0
0.454594431372549 0.4133794705882353 0.3663973725490196 1.0
0.45213388235294116 0.41061123529411764 0.36424435294117646 1.0
0.4496733333333333 0.407843 0.3620913333333333 1.0
0.44721278431372546 0.40507476470588233 0.3599383137254902 1.0
0.44475223529411767 0.4023065294117647 0.3577852941176471 1.0
0.4422916862745098 0.3995382941176471 0.35563227450980395 1.0
0.43983113725490197 0.3967700588235294 0.3534792549019608 1.0
0.43760123529411765 0.3942325882352941 0.35132623529411766 1.0
0.4354482156862745 0.39177203921568626 0.3491732156862745 1.0
0.43329519607843137 0.3893114901960784 0.3470201960784314 1.0
0.4311421764705882 0.38685094117647056 0.34486717647058823 1.0
0.4289891568627451 0.3843903921568627 0.3427141568627451 1.0
0.42683613725490194 0.38192984313725487 0.34056113725490195 1.0
0.4246831176470588 0.379469294117647 0.3384081176470588 1.0
0.42253009803921576 0.3770087450980393 0.33625509803921577 1.0
0.42037707843137256 0.3745481960784314 0.3341020784313726 1.0
0.4182240588235294 0.3720876470588235 0.33194905882352943 1.0
0.4160710392156863 0.3696270980392157 0.3297960392156863 1.0
0.41391801960784314 0.3671665490196078 0.32764301960784314 1.0
0.411765 0.364706 0.32549 1.0
0.4093043725490196 0.36193784313725486 0.32333698039215686 1.0
0.4068437450980392 0.3591696862745098 0.3211839607843137 1.0
0.4043831176470588 0.3564015294117647 0.3190309411764706 1.0
0.40192249019607845 0.3536333725490196 0.31687792156862743 1.0
0.39946186274509804 0.3508652156862745 0.3147249019607843 1.0
0.3970012352941176 0.34809705882352937 0.3125718823529412 1.0
0.39454060784313727 0.3453289019607843 0.31041886274509806 1.0
0.39207998039215686 0.3425607450980392 0.3082658431372549 1.0
0.38961935294117644 0.3397925882352941 0.30611282352941177 1.0
0.3871587254901961 0.337024431372549 0.3039598039215686 1.0
0.3846980980392158 0.334256274509804 0.30180678431372554 1.0
0.3822374705882353 0.3314881176470588 0.29965376470588234 1.0
0.37977686274509803 0.3287968431372549 0.2975007450980392 1.0
0.3773163137254902 0.32633621568627447 0.29534772549019606 1.0
0.37485576470588233 0.3238755882352941 0.2931947058823529 1.0
0.37239521568627454 0.3214149607843137 0.2910416862745098 1.0
0.3699346666666667 0.31895433333333334 0.2888886666666667 1.0
0.36747411764705884 0.3164937058823529 0.28673564705882354 1.0
0.365013568627451 0.3140330784313725 0.2845826274509804 1.0
0.36255301960784314 0.31157245098039216 0.28242960784313725 1.0
0.3600924705882353 0.30911182352941174 0.2802765882352941 1.0
0.35763192156862744 0.3066511960784314 0.27812356862745097 1.0
0.3551713725490196 0.304190568627451 0.2759705490196078 1.0
0.35271082352941174 0.30172994117647056 0.2738175294117647 1.0
0.3502502745098039 0.2992693137254902 0.27166450980392154 1.0
0.34794349019607845 0.2968087254901961 0.26951149019607845 1.0
0.34579047058823537 0.2943481764705883 0.26735847058823536 1.0
0.34363745098039217 0.2918876274509804 0.26520545098039217 1.0
0.341484431372549 0.28942707843137255 0.263052431372549 1.0
0.3393314117647059 0.2869665294117647 0.2608994117647059 1.0
0.33717839215686274 0.28450598039215685 0.25874639215686274 1.0
0.3350253725490196 0.282045431372549 0.2565933725490196 1.0
0.33287235294117645 0.27958488235294116 0.25444035294117645 1.0
0.3307193333333333 0.2771243333333333 0.2522873333333333 1.0
0.32856631372549017 0.27466378431372546 0.25013431372549016 1.0
0.3264132941176471 0.27220323529411766 0.24798129411764705 1.0
0.32426027450980394 0.2697426862745098 0.2458282745098039 1.0
0.3221072549019608 0.26728213725490196 0.2436752549019608 1.0
0.3197235294117647 0.2648215294117647 0.24152223529411765 1.0
0.3172629019607843 0.2623609019607843 0.2393692156862745 1.0
0.3148022745098039 0.2599002745098039 0.23721619607843136 1.0
0.3123416470588235 0.2574396470588235 0.23506317647058822 1.0
0.3098810196078432 0.2549790196078432 0.23291015686274516 1.0
0.30742039215686273 0.2525183921568627 0.23075713725490196 1.0
0.3049597647058824 0.25005776470588237 0.22860411764705882 1.0
0.30249913725490196 0.24759713725490196 0.22645109803921568 1.0
0.30003850980392155 0.24513650980392157 0.22429807843137253 1.0
0.2975778823529412 0.24267588235294119 0.22214505882352942 1.0
0.2951172549019608 0.24021525490196077 0.21999203921568627 1.0
0.2926566274509804 0.2377546274509804 0.21783901960784313 1.0
0.290196 0.235294 0.215686 1.0
0.28773545098039216 0.23283345098039215 0.21353298039215685 1.0
0.2852749019607843 0.2303729019607843 0.21137996078431373 1.0
0.28281435294117646 0.22791235294117648 0.2092269411764706 1.0
0.2803538039215686 0.22545180392156863 0.20707392156862744 1.0
0.2778932549019608 0.22299125490196078 0.2049209019607843 1.0
0.27543270588235297 0.22053070588235293 0.2027678823529412 1.0
0.2729721568627451 0.21807015686274508 0.20061486274509804 1.0
0.2705116078431373 0.21560960784313732 0.19846184313725496 1.0
0.2680510588235294 0.2131490588235294 0.19630882352941176 1.0
0.26559050980392157 0.21068850980392156 0.19415580392156864 1.0
0.2631299607843137 0.20822796078431371 0.1920027843137255 1.0
0.26066941176470587 0.20576741176470587 0.18984976470588236 1.0
0.2582857450980392 0.2033068431372549 0.18777364705882355 1.0
0.25613272549019606 0.2008462156862745 0.18592823529411767 1.0
0.2539797058823529 0.19838558823529412 0.18408282352941177 1.0
0.2518266862745098 0.19592496078431373 0.1822374117647059 1.0
0.24967366666666665 0.19346433333333332 0.180392 1.0
0.24752064705882354 0.19100370588235294 0.17854658823529412 1.0
0.2453676274509804 0.18854307843137255 0.17670117647058825 1.0
0.24321460784313725 0.18608245098039217 0.17485576470588235 1.0
0.2410615882352941 0.18362182352941175 0.17301035294117648 1.0
0.23890856862745097 0.18116119607843137 0.17116494117647058 1.0
0.23675554901960782 0.17870056862745098 0.1693195294117647 1.0
0.23460252941176477 0.17623994117647065 0.16747411764705888 1.0
0.23244950980392157 0.17377931372549021 0.16562870588235293 1.0
0.2301426862745098 0.17147249019607844 0.16362949019607842 1.0
0.2276820588235294 0.1693194705882353 0.16147647058823528 1.0
0.22522143137254902 0.16716645098039218 0.15932345098039213 1.0
0.22276080392156863 0.16501343137254904 0.15717043137254902 1.0
0.22030017647058825 0.1628604117647059 0.15501741176470588 1.0
0.21783954901960784 0.16070739215686275 0.15286439215686273 1.0
0.21537892156862745 0.1585543725490196 0.1507113725490196 1.0
0.21291829411764707 0.15640135294117646 0.14855835294117647 1.0
0.21045766666666668 0.15424833333333335 0.14640533333333333 1.0
0.20799703921568627 0.1520953137254902 0.1442523137254902 1.0
0.20553641176470588 0.14994229411764706 0.14209929411764705 1.0
0.2030757843137255 0.14778927450980392 0.1399462745098039 1.0
0.20061515686274511 0.1456362549019608 0.13779325490196076 1.0
0.19884658823529414 0.14394458823529413 0.13633229411764705 1.0
0.197308705882353 0.142406705882353 0.13510201960784315 1.0
0.19577082352941177 0.14086882352941177 0.1338717450980392 1.0
0.1942329411764706 0.1393309411764706 0.13264147058823528 1.0
0.1926950588235294 0.1377930588235294 0.13141119607843135 1.0
0.19115717647058825 0.13625517647058824 0.13018092156862746 1.0
0.18961929411764705 0.13471729411764705 0.12895064705882353 1.0
0.18808141176470589 0.13317941176470588 0.1277203725490196 1.0
0.18654352941176472 0.1316415294117647 0.12649009803921568 1.0
0.18500564705882352 0.13010364705882352 0.12525982352941176 1.0
0.18346776470588236 0.12856576470588235 0.12402954901960783 1.0
0.18192988235294116 0.12702788235294116 0.12279927450980392 1.0
0.180392 0.12549 0.121569 1.0
