0.701961 0.686275 0.615686 1.0
0.6985777058823529 0.6819689607843137 0.610457294117647 1.0
0.6951944117647059 0.6776629215686274 0.605228588235294 1.0
0.6918111176470588 0.6733568823529411 0.5999998823529411 1.0
0.6884278235294117 0.6690508431372548 0.5947711764705882 1.0
0.6850445294117646 0.6647448039215686 0.5895424705882353 1.0
0.6816612352941176 0.6604387647058824 0.5843137647058823 1.0
0.6782779411764706 0.6561327254901961 0.5790850588235293 1.0
0.6748946470588235 0.6518266862745098 0.5738563529411764 1.0
0.6715113529411765 0.6475206470588235 0.5686276470588235 1.0
0.6681280588235293 0.6432146078431372 0.5633989411764705 1.0
0.6647447647058823 0.6389085686274509 0.5581702352941176 1.0
0.6613614705882352 0.6346025294117646 0.5529415294117647 1.0
0.6576705882352941 0.6299120196078432 0.5475590196078431 1.0
0.6530569411764705 0.6240680980392157 0.5417150980392157 1.0
0.648443294117647 0.6182241764705882 0.5358711764705882 1.0
0.6438296470588235 0.6123802549019608 0.5300272549019608 1.0
0.639216 0.6065363333333333 0.5241833333333333 1.0
0.6346023529411764 0.6006924117647059 0.5183394117647059 1.0
0.6299887058823529 0.5948484901960784 0.5124954901960784 1.0
0.6253750588235294 0.589004568627451 0.506651568627451 1.0
0.6207614117647059 0.5831606470588235 0.5008076470588235 1.0
0.6161477647058823 0.5773167254901961 0.49496372549019607 1.0
0.6115341176470588 0.5714728039215686 0.4891198039215686 1.0
0.6069204705882353 0.5656288823529412 0.48327588235294117 1.0
0.6023068235294118 0.5597849607843137 0.4774319607843137 1.0
0.5988465882352941 0.5550944509803921 0.47228007843137254 1.0
0.5965397647058823 0.5515573529411765 0.46782023529411765 1.0
0.5942329411764705 0.5480202549019608 0.46336039215686275 1.0
0.5919261176470588 0.5444831568627451 0.4589005490196078 1.0
0.589619294117647 0.5409460588235294 0.4544407058823529 1.0
0.5873124705882353 0.5374089607843138 0.449980862745098 1.0
0.5850056470588235 0.533871862745098 0.4455210196078431 1.0
0.5826988235294117 0.5303347647058824 0.44106117647058823 1.0
0.580392 0.5267976666666667 0.43660133333333334 1.0
0.5780851764705882 0.523260568627451 0.4321414901960784 1.0
0.5757783529411764 0.5197234705882353 0.4276816470588235 1.0
0.5734715294117647 0.5161863725490197 0.42322180392156866 1.0
0.5711647058823529 0.5126492745098039 0.4187619607843137 1.0
0.5688578823529412 0.5091121764705883 0.4143021176470588 1.0
0.5665510588235294 0.5055750784313725 0.4098422745098039 1.0
0.5642442352941176 0.5020379803921569 0.40538243137254903 1.0
0.5619374117647059 0.49850088235294115 0.4009225882352941 1.0
0.5596305882352941 0.4949637843137255 0.3964627450980392 1.0
0.5573237647058823 0.4914266862745098 0.3920029019607843 1.0
0.5550169411764706 0.48788958823529416 0.38754305882352946 1.0
0.5527101176470588 0.4843524901960784 0.3830832156862745 1.0
0.5504032941176471 0.48081539215686275 0.37862337254901957 1.0
0.5480964705882353 0.47727829411764705 0.3741635294117647 1.0
0.5457896470588235 0.4737411960784314 0.36970368627450984 1.0
0.5434828235294118 0.4702040980392157 0.3652438431372549 1.0
0.541176 0.466667 0.360784 1.0
0.5391767843137255 0.46405260784313723 0.3589385490196078 1.0
0.537177568627451 0.4614382156862745 0.3570930980392157 1.0
0.5351783529411764 0.45882382352941176 0.3552476470588235 1.0
0.533179137254902 0.45620943137254905 0.3534021960784314 1.0
0.5311799215686275 0.4535950392156863 0.3515567450980392 1.0
0.529180705882353 0.45098064705882357 0.34971129411764706 1.0
0.5271814901960784 0.4483662549019608 0.3478658431372549 1.0
0.5251822745098039 0.44575186274509804 0.34602039215686275 1.0
0.5231830588235294 0.44313747058823527 0.3441749411764706 1.0
0.521183843137255 0.44052307843137256 0.34232949019607845 1.0
0.5191846274509804 0.4379086862745098 0.34048403921568626 1.0
0.5171854117647059 0.4352942941176471 0.3386385882352941 1.0
0.5151861960784314 0.4326799019607843 0.33679313725490195 1.0
0.5131869803921568 0.43006550980392155 0.33494768627450977 1.0
0.5111877647058823 0.4274511176470589 0.33310223529411764 1.0
0.5091885490196079 0.4248367254901961 0.33125678431372546 1.0
0.5071893333333334 0.42222233333333337 0.32941133333333333 1.0
0.5051901176470588 0.4196079411764706 0.32756588235294115 1.0
0.5031909019607843 0.41699354901960783 0.325720431372549 1.0
0.5011916862745098 0.4143791568627451 0.32387498039215684 1.0
0.4991924705882353 0.41176476470588236 0.32202952941176466 1.0
0.4971932549019608 0.40915037254901965 0.32018407843137253 1.0
0.49519403921568633 0.40653598039215694 0.3183386274509804 1.0
0.4931948235294118 0.4039215882352941 0.3164931764705882 1.0
0.49119560784313726 0.4013071960784314 0.31464772549019604 1.0
0.4890426078431373 0.39876970588235294 0.31272539215686274 1.0
0.4867358235294118 0.39630911764705884 0.3107261764705882 1.0
0.4844290392156863 0.39384852941176474 0.3087269607843137 1.0
0.4821222549019608 0.39138794117647063 0.3067277450980392 1.0
0.4798154705882353 0.3889273529411765 0.3047285294117647 1.0
0.4775086862745099 0.3864667647058824 0.3027293137254902 1.0
0.4752019019607843 0.38400617647058827 0.3007300980392157 1.0
0.4728951176470588 0.38154558823529416 0.29873088235294115 1.0
0.47058833333333333 0.379085 0.29673166666666667 1.0
0.46828154901960783 0.3766244117647059 0.29473245098039214 1.0
0.4659747647058824 0.3741638235294118 0.29273323529411766 1.0
0.4636679803921569 0.3717032352941177 0.2907340196078431 1.0
0.4613611960784314 0.36924264705882354 0.28873480392156864 1.0
0.4590544117647059 0.3667820588235295 0.28673558823529416 1.0
0.4567476274509804 0.36432147058823533 0.2847363725490196 1.0
0.4544408431372549 0.3618608823529412 0.2827371568627451 1.0
0.4521340588235294 0.35940029411764707 0.28073794117647055 1.0
0.4498272745098039 0.35693970588235296 0.27873872549019607 1.0
0.4475204901960784 0.35447911764705886 0.2767395098039216 1.0
0.445213705882353 0.35201852941176476 0.27474029411764705 1.0
0.44290692156862743 0.3495579411764706 0.2727410784313725 1.0
0.440600137254902 0.34709735294117655 0.27074186274509804 1.0
0.4382933529411765 0.3446367647058824 0.26874264705882356 1.0
0.435986568627451 0.3421761764705883 0.266743431372549 1.0
0.4336797843137255 0.33971558823529413 0.2647442156862745 1.0
0.431373 0.337255 0.262745 1.0
0.4289123725490196 0.3347944117647059 0.2610533529411765 1.0
0.42645174509803924 0.33233382352941176 0.25936170588235297 1.0
0.4239911176470588 0.32987323529411766 0.2576700588235294 1.0
0.42153049019607847 0.32741264705882356 0.2559784117647059 1.0
0.41906986274509805 0.32495205882352945 0.25428676470588235 1.0
0.41660923529411764 0.3224914705882353 0.25259511764705883 1.0
0.41414860784313723 0.3200308823529412 0.2509034705882353 1.0
0.41168798039215687 0.3175702941176471 0.24921182352941176 1.0
0.40922735294117646 0.31510970588235293 0.24752017647058824 1.0
0.4067667254901961 0.3126491176470588 0.2458285294117647 1.0
0.4043060980392157 0.3101885294117647 0.24413688235294118 1.0
0.40184547058823533 0.3077279411764706 0.24244523529411768 1.0
0.3993848431372549 0.30526735294117646 0.24075358823529414 1.0
0.3969242156862745 0.30280676470588236 0.2390619411764706 1.0
0.3944635882352941 0.30034617647058826 0.23737029411764707 1.0
0.39200296078431374 0.2978855882352941 0.23567864705882352 1.0
0.3895423333333333 0.295425 0.233987 1.0
0.3870817058823529 0.2929644117647059 0.23229535294117648 1.0
0.38462107843137255 0.29050382352941173 0.23060370588235293 1.0
0.3821604509803922 0.2880432352941177 0.22891205882352944 1.0
0.3796998235294118 0.2855826470588235 0.2272204117647059 1.0
0.37723919607843137 0.28312205882352937 0.22552876470588235 1.0
0.37477856862745096 0.28066147058823526 0.22383711764705883 1.0
0.37231794117647055 0.27820088235294116 0.2221454705882353 1.0
0.3698573137254902 0.27574029411764706 0.22045382352941176 1.0
0.3673198235294117 0.27343349019607843 0.2186852745098039 1.0
0.36470547058823527 0.2712804705882353 0.21683982352941175 1.0
0.3620911176470588 0.26912745098039215 0.2149943725490196 1.0
0.35947676470588236 0.266974431372549 0.21314892156862744 1.0
0.35686241176470596 0.2648214117647059 0.21130347058823534 1.0
0.3542480588235294 0.2626683921568627 0.20945801960784313 1.0
0.35163370588235293 0.2605153725490196 0.20761256862745098 1.0
0.3490193529411765 0.25836235294117643 0.20576711764705882 1.0
0.34640499999999996 0.2562093333333333 0.20392166666666667 1.0
0.3437906470588235 0.2540563137254902 0.2020762156862745 1.0
0.34117629411764705 0.25190329411764706 0.20023076470588236 1.0
0.3385619411764706 0.24975027450980392 0.1983853137254902 1.0
0.3359475882352941 0.24759725490196077 0.19653986274509805 1.0
0.3333332352941176 0.24544423529411763 0.1946944117647059 1.0
0.33071888235294117 0.2432912156862745 0.19284896078431374 1.0
0.3281045294117647 0.24113819607843137 0.19100350980392158 1.0
0.3254901764705882 0.23898517647058823 0.18915805882352943 1.0
0.32287582352941174 0.23683215686274509 0.18731260784313725 1.0
0.3202614705882353 0.23467913725490197 0.18546715686274512 1.0
0.31764711764705883 0.23252611764705883 0.18362170588235294 1.0
0.31503276470588243 0.23037309803921574 0.18177625490196084 1.0
0.31241841176470586 0.22822007843137254 0.17993080392156863 1.0
0.3098040588235294 0.2260670588235294 0.17808535294117647 1.0
0.30718970588235295 0.22391403921568628 0.17623990196078432 1.0
0.30457535294117644 0.22176101960784314 0.17439445098039216 1.0
0.301961 0.219608 0.172549 1.0
0.2999617450980392 0.21791635294117648 0.1713186862745098 1.0
0.2979624901960784 0.21622470588235293 0.17008837254901962 1.0
0.2959632352941176 0.2145330588235294 0.16885805882352942 1.0
0.2939639803921568 0.2128414117647059 0.1676277450980392 1.0
0.29196472549019603 0.21114976470588234 0.16639743137254903 1.0
0.2899654705882353 0.20945811764705882 0.16516711764705883 1.0
0.2879662156862745 0.20776647058823527 0.16393680392156862 1.0
0.2859669607843137 0.20607482352941175 0.16270649019607844 1.0
0.2839677058823529 0.20438317647058823 0.16147617647058823 1.0
0.28196845098039214 0.20269152941176471 0.16024586274509806 1.0
0.2799691960784314 0.20099988235294122 0.15901554901960788 1.0
0.27796994117647056 0.19930823529411765 0.15778523529411764 1.0
0.27597068627450977 0.1976165882352941 0.15655492156862746 1.0
0.273971431372549 0.19592494117647058 0.15532460784313726 1.0
0.2719721764705882 0.19423329411764706 0.15409429411764705 1.0
0.26997292156862746 0.1925416470588235 0.15286398039215687 1.0
0.26797366666666667 0.19085 0.15163366666666667 1.0
0.2659744117647059 0.18915835294117647 0.15040335294117646 1.0
0.2639751568627451 0.18746670588235292 0.14917303921568628 1.0
0.2619759019607843 0.1857750588235294 0.14794272549019608 1.0
0.2599766470588235 0.18408341176470588 0.1467124117647059 1.0
0.2579773921568627 0.18239176470588234 0.1454820980392157 1.0
0.2559781372549019 0.18070011764705882 0.14425178431372548 1.0
0.25397888235294114 0.17900847058823527 0.14302147058823528 1.0
0.25197962745098035 0.17731682352941175 0.1417911568627451 1.0
0.2499803921568627 0.1757020588235294 0.14063774509803922 1.0
0.2479811764705883 0.17416417647058827 0.13956123529411768 1.0
0.2459819607843137 0.17262629411764704 0.13848472549019608 1.0
0.2439827450980392 0.17108841176470588 0.1374082156862745 1.0
0.24198352941176468 0.16955052941176468 0.13633170588235294 1.0
0.23998431372549017 0.16801264705882352 0.13525519607843137 1.0
0.23798509803921566 0.16647476470588235 0.1341786862745098 1.0
0.23598588235294116 0.16493688235294116 0.13310217647058822 1.0
0.23398666666666665 0.163399 0.13202566666666665 1.0
0.23198745098039214 0.16186111764705882 0.1309491568627451 1.0
0.22998823529411763 0.16032323529411763 0.12987264705882354 1.0
0.22798901960784312 0.15878535294117646 0.12879613725490197 1.0
0.22598980392156862 0.1572474705882353 0.1277196274509804 1.0
0.2239905882352941 0.1557095882352941 0.12664311764705882 1.0
0.2219913725490196 0.15417170588235293 0.12556660784313725 1.0
0.2199921568627451 0.15263382352941177 0.1244900980392157 1.0
0.21799294117647058 0.15109594117647057 0.12341358823529412 1.0
0.21599372549019613 0.14955805882352943 0.12233707843137258 1.0
0.21399450980392157 0.14802017647058824 0.121260568627451 1.0
0.21199529411764706 0.14648229411764704 0.12018405882352942 1.0
0.20999607843137255 0.14494441176470588 0.11910754901960785 1.0
0.20799686274509804 0.14340652941176468 0.11803103921568628 1.0
0.20599764705882354 0.14186864705882352 0.11695452941176471 1.0
0.20399843137254903 0.14033076470588235 0.11587801960784315 1.0
0.20199921568627452 0.13879288235294115 0.11480150980392158 1.0
0.2 0.137255 0.113725 1.0
0.1980007843137255 0.13556335294117647 0.11218715686274511 1.0
0.196001568627451 0.13387170588235292 0.11064931372549021 1.0
0.1940023529411765 0.1321800588235294 0.1091114705882353 1.0
0.19200313725490198 0.13048841176470588 0.1075736274509804 1.0
0.19000392156862747 0.12879676470588233 0.1060357843137255 1.0
0.18800470588235296 0.1271051176470588 0.1044979411764706 1.0
0.18600549019607845 0.1254134705882353 0.10296009803921569 1.0
0.184006274509804 0.1237218235294118 0.10142225490196083 1.0
0.1820070588235294 0.12203017647058823 0.09988441176470589 1.0
0.1800078431372549 0.12033852941176469 0.09834656862745099 1.0
0.1780086274509804 0.11864688235294116 0.09680872549019609 1.0
0.1760094117647059 0.11695523529411764 0.09527088235294118 1.0
0.17401019607843138 0.11526358823529412 0.09373303921568628 1.0
0.17201098039215687 0.11357194117647057 0.09219519607843138 1.0
0.17001176470588236 0.11188029411764705 0.09065735294117648 1.0
0.16801254901960785 0.11018864705882352 0.08911950980392158 1.0
0.16601333333333335 0.108497 0.08758166666666667 1.0
0.16401411764705884 0.10680535294117646 0.08604382352941177 1.0
0.16201490196078433 0.10511370588235294 0.08450598039215687 1.0
0.16001568627450982 0.1034220588235294 0.08296813725490197 1.0
0.1580164705882353 0.10173041176470587 0.08143029411764707 1.0
0.1560172549019608 0.10003876470588234 0.07989245098039216 1.0
0.1540180392156863 0.09834711764705881 0.07835460784313726 1.0
0.15201882352941185 0.09665547058823534 0.0768167647058824 1.0
0.15001960784313728 0.09496382352941177 0.07527892156862745 1.0
0.14809727450980392 0.09334905882352941 0.0738948431372549 1.0
0.14625182352941177 0.09181117647058823 0.07266452941176471 1.0
0.1444063725490196 0.09027329411764705 0.07143421568627452 1.0
0.14256092156862746 0.08873541176470588 0.07020390196078433 1.0
0.1407154705882353 0.0871975294117647 0.06897358823529412 1.0
0.13887001960784315 0.08565964705882352 0.06774327450980393 1.0
0.137024568627451 0.08412176470588235 0.06651296078431373 1.0
0.13517911764705884 0.08258388235294117 0.06528264705882353 1.0
0.13333366666666668 0.08104599999999999 0.06405233333333334 1.0
0.1314882156862745 0.07950811764705881 0.06282201960784314 1.0
0.12964276470588237 0.07797023529411765 0.061591705882352944 1.0
0.1277973137254902 0.07643235294117647 0.06036139215686275 1.0
0.12595186274509804 0.07489447058823528 0.05913107843137255 1.0
0.12410641176470588 0.07335658823529412 0.05790076470588236 1.0
0.12226096078431378 0.07181870588235298 0.056670450980392195 1.0
0.12041550980392157 0.07028082352941176 0.05544013725490196 1.0
0.11857005882352942 0.06874294117647059 0.05420982352941177 1.0
0.11672460784313726 0.06720505882352941 0.052979509803921576 1.0
0.11487915686274511 0.06566717647058823 0.05174919607843138 1.0
0.11303370588235295 0.06412929411764706 0.05051888235294118 1.0
0.11118825490196078 0.06259141176470588 0.049288568627450985 1.0
0.10934280392156863 0.0610535294117647 0.048058254901960785 1.0
0.10749735294117646 0.05951564705882353 0.04682794117647059 1.0
0.1056519019607843 0.057977764705882354 0.045597627450980394 1.0
0.10380645098039215 0.05643988235294117 0.0443673137254902 1.0
0.101961 0.054902 0.043137 1.0
