0.10588235294117647 0.17254901960784313 0.3843137254901961 1.0
0.10588235294117647 0.17956170703575547 0.3948327566320646 1.0
0.10897347174163782 0.1865743944636678 0.4053517877739331 1.0
0.10980392156862745 0.19358708189158016 0.41587081891580163 1.0
0.11206459054209919 0.2005997693194925 0.42638985005767016 1.0
0.11372549019607843 0.20576701268742792 0.4350634371395617 1.0
0.11372549019607843 0.21070357554786623 0.4435063437139562 1.0
0.11474048442906574 0.21771626297577856 0.45402537485582467 1.0
0.11764705882352941 0.2247289504036909 0.4645444059976932 1.0
0.11764705882352941 0.23174163783160323 0.4750634371395617 1.0
0.11764705882352941 0.2387543252595156 0.4855824682814302 1.0
0.12092272202998847 0.24576701268742793 0.49610149942329873 1.0
0.12156862745098039 0.25277970011534023 0.5066205305651672 1.0
0.12401384083044982 0.2597923875432526 0.5171395617070358 1.0
0.12549019607843137 0.2647750865051903 0.5256286043829297 1.0
0.12549019607843137 0.2698961937716263 0.5342560553633218 1.0
0.12668973471741637 0.27690888119953866 0.5447750865051904 1.0
0.12941176470588237 0.283921568627451 0.5552941176470588 1.0
0.12941176470588237 0.2909342560553633 0.5658131487889273 1.0
0.12941176470588237 0.29794694348327566 0.5763321799307958 1.0
0.1328719723183391 0.30495963091118805 0.5868512110726644 1.0
0.13333333333333333 0.31197231833910033 0.5973702422145328 1.0
0.13596309111880048 0.3189850057670127 0.6078892733564014 1.0
0.13725490196078433 0.32378316032295273 0.6161937716262976 1.0
0.13725490196078433 0.32908881199538637 0.6250057670126874 1.0
0.13863898500576702 0.33886966551326414 0.639677047289504 1.0
0.14311418685121108 0.3519261822376009 0.6568396770472895 1.0
0.1501268742791234 0.36244521337946944 0.6638523644752018 1.0
0.15713956170703577 0.372964244521338 0.6708650519031142 1.0
0.1641522491349481 0.3834832756632065 0.6778777393310266 1.0
0.1743944636678201 0.39723183391003464 0.6848904267589389 1.0
0.18209919261822377 0.40844290657439447 0.6919031141868512 1.0
0.1891118800461361 0.41896193771626294 0.6989158016147635 1.0
0.19612456747404838 0.42948096885813136 0.7059284890426758 1.0
0.2031372549019608 0.44 0.7129411764705883 1.0
0.21014994232987314 0.45051903114186853 0.7199538638985006 1.0
0.21716262975778547 0.461038062283737 0.7269665513264129 1.0
0.22417531718569775 0.4715570934256054 0.7339792387543251 1.0
0.23118800461361017 0.48207612456747406 0.7409919261822376 1.0
0.24161476355247985 0.49600922722029994 0.7514186851211073 1.0
0.2491349480968858 0.5070357554786621 0.7589388696655133 1.0
0.2561476355247981 0.5175547866205304 0.7659515570934256 1.0
0.26316032295271047 0.528073817762399 0.7729642445213379 1.0
0.27017301038062286 0.5385928489042676 0.7799769319492503 1.0
0.2771856978085352 0.5491118800461361 0.7869896193771626 1.0
0.28419838523644747 0.5596309111880046 0.7940023068050749 1.0
0.29121107266435986 0.570149942329873 0.8010149942329874 1.0
0.29831603229527104 0.5807612456747405 0.8080276816608997 1.0
0.3088350634371396 0.5947866205305652 0.8150403690888121 1.0
0.31617070357554783 0.6056286043829295 0.8220530565167242 1.0
0.3231833910034602 0.6161476355247981 0.8290657439446367 1.0
0.3349019607843137 0.6337254901960785 0.8407843137254902 1.0
0.34698961937716266 0.6470126874279124 0.8489965397923875 1.0
0.35750865051903113 0.6555478662053056 0.8540253748558246 1.0
0.36802768166089966 0.6649596309111879 0.8599307958477509 1.0
0.37854671280276814 0.6719723183391003 0.8634371395617071 1.0
0.3890657439446367 0.6789850057670127 0.8669434832756633 1.0
0.3995847750865052 0.685997693194925 0.8704498269896194 1.0
0.4101038062283737 0.6963783160322953 0.8773241061130335 1.0
0.4176701268742791 0.7039446366782007 0.8813840830449827 1.0
0.42722029988465976 0.7109573241061131 0.8848904267589388 1.0
0.43773933102652823 0.7179700115340254 0.8905190311418685 1.0
0.4482583621683968 0.7266897347174164 0.8958246828143023 1.0
0.4587773933102653 0.735916955017301 0.8993310265282584 1.0
0.46929642445213376 0.7429296424452134 0.9037139561707036 1.0
0.47981545559400224 0.7499423298731257 0.9102652825836216 1.0
0.4903344867358707 0.7570011534025374 0.9137716262975778 1.0
0.5008535178777394 0.767520184544406 0.917277970011534 1.0
0.5113725490196078 0.7749019607843137 0.9207843137254902 1.0
0.5218915801614764 0.7819146482122261 0.9270126874279123 1.0
0.5324106113033449 0.7889273356401384 0.9317185697808535 1.0
0.5429296424452135 0.7978316032295272 0.9352249134948097 1.0
0.5519723183391004 0.8068742791234141 0.9402076124567474 1.0
0.5600461361014994 0.8138869665513264 0.946159169550173 1.0
0.5705651672433677 0.8208996539792386 0.9496655132641291 1.0
0.5810841983852366 0.8281430219146483 0.9531718569780854 1.0
0.591603229527105 0.8386620530565168 0.9566782006920416 1.0
0.612087658592849 0.8525028835063437 0.9668281430219147 1.0
0.6214994232987313 0.8578085351787773 0.9686274509803922 1.0
0.6310034602076126 0.8613148788927336 0.9686274509803922 1.0
0.639446366782007 0.8648212226066898 0.9686274509803922 1.0
0.6481199538638985 0.8683275663206459 0.9686274509803922 1.0
0.6573933102652825 0.8705882352941177 0.9686274509803922 1.0
0.6652364475201845 0.8714186851211073 0.9694579008073818 1.0
0.6753402537485583 0.8749250288350635 0.9725490196078431 1.0
0.6823529411764706 0.8784313725490196 0.9725490196078431 1.0
0.689365628604383 0.8819377162629758 0.9725490196078431 1.0
0.6994694348327567 0.885444059976932 0.9725490196078431 1.0
0.7073125720876586 0.8889504036908881 0.9725490196078431 1.0
0.7165859284890428 0.8924567474048443 0.9725490196078431 1.0
0.7252595155709342 0.8959630911188005 0.9725490196078431 1.0
0.7322722029988465 0.8980392156862745 0.9725490196078431 1.0
0.7402998846597463 0.8990542099192619 0.9725490196078431 1.0
0.7502191464821223 0.9025605536332181 0.9725490196078431 1.0
0.7574163783160323 0.9060668973471742 0.9725490196078431 1.0
0.767935409457901 0.9095732410611304 0.9725490196078431 1.0
0.7751787773933103 0.9130795847750866 0.9725490196078431 1.0
0.7850519031141869 0.9165859284890426 0.9754094579008074 1.0
0.7931257208765858 0.9200922722029987 0.9764705882352941 1.0
0.8001384083044983 0.923598615916955 0.9764705882352941 1.0
0.8087658592848904 0.9254901960784314 0.9764705882352941 1.0
0.818085351787774 0.9266897347174164 0.9764705882352941 1.0
0.827450980392157 0.9309803921568629 0.9764705882352941 1.0
0.8438754325259515 0.9376239907727797 0.9764705882352941 1.0
0.8508881199538639 0.9411303344867359 0.9764705882352941 1.0
0.8544405997693195 0.9411764705882353 0.9799307958477509 1.0
0.8609919261822376 0.9442214532871972 0.9803921568627451 1.0
0.86800461361015 0.9477277970011534 0.9803921568627451 1.0
0.87280276816609 0.9490196078431372 0.9803921568627451 1.0
0.8781084198385236 0.9508189158016147 0.9821914648212225 1.0
0.885121107266436 0.9543252595155709 0.984313725490196 1.0
0.8911649365628604 0.9568627450980393 0.984313725490196 1.0
0.8952249134948098 0.9574163783160323 0.984313725490196 1.0
0.9022376009227221 0.9609227220299885 0.9844521337946943 1.0
0.9092502883506344 0.9644290657439446 0.9879584775086505 1.0
0.9130334486735872 0.9647058823529412 0.9882352941176471 1.0
0.9193540945790081 0.967520184544406 0.9882352941176471 1.0
0.9263667820069205 0.9710265282583622 0.9882352941176471 1.0
0.9313956170703576 0.9725490196078431 0.9902191464821223 1.0
0.9364705882352942 0.9741176470588235 0.9921568627450981 1.0
0.9434832756632066 0.9776239907727797 0.9921568627450981 1.0
0.949757785467128 0.9803921568627451 0.9921568627450981 1.0
0.95358708189158 0.980715109573241 0.992479815455594 1.0
0.9605997693194926 0.9842214532871972 0.9959861591695502 1.0
0.9676124567474049 0.9877277970011535 0.996078431372549 1.0
0.9716262975778547 0.9882352941176471 0.996078431372549 1.0
0.9777162629757786 0.9908189158016149 0.996078431372549 1.0
0.9912341407151096 0.9943252595155709 0.9895732410611303 1.0
1.0 0.9943252595155709 0.9773010380622837 1.0
1.0 0.9921568627450981 0.9632756632064592 1.0
1.0 0.9912341407151096 0.9483275663206461 1.0
0.9994925028835062 0.9877277970011533 0.9313033448673583 1.0
0.996078431372549 0.9842214532871972 0.9172779700115342 1.0
0.996078431372549 0.980715109573241 0.9032525951557093 1.0
0.996078431372549 0.9772087658592848 0.8892272202998847 1.0
0.996078431372549 0.9737024221453286 0.8752018454440599 1.0
0.996078431372549 0.9725490196078431 0.8611764705882352 1.0
0.996078431372549 0.9706113033448673 0.8452133794694349 1.0
0.996078431372549 0.9671049596309113 0.829204152249135 1.0
0.996078431372549 0.963598615916955 0.81517877739331 1.0
0.9953863898500576 0.9600922722029988 0.8011534025374852 1.0
0.9921568627450981 0.9565859284890427 0.7871280276816607 1.0
0.9921568627450981 0.9530795847750865 0.7731026528258361 1.0
0.9921568627450981 0.9529411764705882 0.7590772779700116 1.0
0.9921568627450981 0.949988465974625 0.7420991926182237 1.0
0.9921568627450981 0.946482122260669 0.7271049596309112 1.0
0.9921568627450981 0.9429757785467128 0.7130795847750866 1.0
0.9921568627450981 0.9394694348327567 0.699054209919262 1.0
0.9921568627450981 0.9359630911188006 0.6850288350634376 1.0
0.9912802768166089 0.9333333333333333 0.6710034602076121 1.0
0.9882352941176471 0.9328719723183391 0.6565167243367932 1.0
0.9882352941176471 0.9293194925028835 0.6388465974625142 1.0
0.9882352941176471 0.9223068050749711 0.610795847750865 1.0
0.9882352941176471 0.9152941176470587 0.5952941176470586 1.0
0.9882352941176471 0.9055594002306804 0.578546712802768 1.0
0.9882352941176471 0.8973471741637832 0.5633217993079584 1.0
0.9882352941176471 0.8884429065743944 0.5492964244521338 1.0
0.9882352941176471 0.8794002306805073 0.5337946943483273 1.0
0.989296424452134 0.8713264129181082 0.517324106113033 1.0
0.9921568627450981 0.8614532871972317 0.5026528258362165 1.0
0.9921568627450981 0.8542099192618222 0.48535178777393295 1.0
0.9921568627450981 0.8436908881199539 0.47132641291810845 1.0
0.9921568627450981 0.8364936562860438 0.45730103806228356 1.0
0.9921568627450981 0.8265743944636678 0.4403690888119952 1.0
0.9921568627450981 0.8185467128027684 0.4253287197231838 1.0
0.9921568627450981 0.8115340253748559 0.41130334486735887 1.0
0.9921568627450981 0.8028604382929642 0.3956170703575547 1.0
0.9921568627450981 0.7935870818915799 0.379331026528258 1.0
0.9921568627450981 0.785743944636678 0.36447520184544374 1.0
0.9921568627450981 0.7756401384083045 0.34735870818915787 1.0
0.9921568627450981 0.7686274509803922 0.3333333333333333 1.0
0.9921568627450981 0.7581084198385235 0.3193079584775084 1.0
0.9952479815455595 0.7506805074971165 0.30219146482122244 1.0
0.996078431372549 0.7409919261822376 0.2873356401384083 1.0
0.996078431372549 0.7327335640138408 0.2733102652825835 1.0
0.996078431372549 0.7238754325259513 0.2574394463667816 1.0
0.996078431372549 0.714786620530565 0.24133794694348287 1.0
0.996078431372549 0.7047289504036905 0.2222376009227214 1.0
0.996078431372549 0.6883967704728949 0.19607843137254902 1.0
0.9958938869665513 0.6778777393310266 0.19589388696655133 1.0
0.9923875432525953 0.6673587081891581 0.1923875432525952 1.0
0.9921568627450981 0.6568396770472894 0.19215686274509805 1.0
0.9921568627450981 0.646320645905421 0.19215686274509805 1.0
0.9897116493656287 0.6358016147635526 0.18971164936562865 1.0
0.9882352941176471 0.6273125720876584 0.18823529411764706 1.0
0.9866205305651672 0.6186851211072661 0.18662053056516714 1.0
0.984313725490196 0.6081660899653978 0.1843137254901961 1.0
0.984313725490196 0.5976470588235293 0.1843137254901961 1.0
0.9839446366782006 0.5871280276816608 0.18394463667820068 1.0
0.9804382929642445 0.5766089965397921 0.18043829296424443 1.0
0.9803921568627451 0.5660899653979238 0.1803921568627451 1.0
0.9803921568627451 0.5555709342560554 0.1803921568627451 1.0
0.9777623990772779 0.5450519031141867 0.17776239907727792 1.0
0.9764705882352941 0.5345328719723182 0.17647058823529413 1.0
0.9746712802768165 0.5240138408304497 0.17467128027681655 1.0
0.9725490196078431 0.5134948096885811 0.17254901960784313 1.0
0.9725490196078431 0.5029757785467129 0.17254901960784313 1.0
0.9719953863898501 0.49301038062283736 0.17199538638985004 1.0
0.9686274509803922 0.4858592848904268 0.16862745098039217 1.0
0.9686274509803922 0.4753402537485581 0.16862745098039217 1.0
0.9686274509803922 0.46482122260668973 0.16862745098039217 1.0
0.9658131487889273 0.4543021914648213 0.16581314878892736 1.0
0.9647058823529412 0.4437831603229527 0.16470588235294117 1.0
0.9627220299884659 0.4273125720876582 0.1627220299884659 1.0
0.9592156862745097 0.4109803921568625 0.1607843137254902 1.0
0.954555940023068 0.4004613610149941 0.1607843137254902 1.0
0.9482814302191465 0.38994232987312566 0.1607843137254902 1.0
0.9444521337946944 0.37942329873125724 0.1607843137254902 1.0
0.9374394463667819 0.3689042675893886 0.1607843137254902 1.0
0.933840830449827 0.35497116493656283 0.1607843137254902 1.0
0.9303344867358708 0.3439446366782005 0.1607843137254902 1.0
0.9242445213379468 0.33342560553633205 0.1607843137254902 1.0
0.9194002306805075 0.32290657439446374 0.1607843137254902 1.0
0.9141407151095731 0.3123875432525949 0.1607843137254902 1.0
0.9084659746251441 0.3018685121107265 0.1607843137254902 1.0
0.9040369088811995 0.2913494809688581 0.1607843137254902 1.0
0.8975317185697809 0.2808304498269896 0.1607843137254902 1.0
0.8940253748558247 0.27021914648212203 0.1606920415224913 1.0
0.8905190311418685 0.2561937716262975 0.15718569780853517 1.0
0.8838292964244522 0.24535178777393313 0.1568627450980392 1.0
0.8795847750865051 0.23483275663206452 0.1568627450980392 1.0
0.8737254901960783 0.22431372549019585 0.1568627450980392 1.0
0.8686505190311418 0.21379469434832732 0.1568627450980392 1.0
0.8651441753171857 0.2032756632064589 0.1568627450980392 1.0
0.8605305651672434 0.19275663206459048 0.1568627450980392 1.0
0.8542099192618223 0.182237600922722 0.1568627450980392 1.0
0.8504267589388695 0.17144175317185675 0.1568627450980392 1.0
0.8434140715109573 0.1574163783160322 0.1568627450980392 1.0
0.8397693194925029 0.1467589388696656 0.1568627450980392 1.0
0.8303575547866203 0.1273817762399074 0.1568627450980392 1.0
0.8198385236447517 0.12156862745098039 0.15432525951557086 1.0
0.8114417531718568 0.11944636678200683 0.15294117647058825 1.0
0.8027220299884658 0.11764705882352941 0.15123414071510952 1.0
0.7922029988465974 0.11635524798154553 0.14901960784313725 1.0
0.7816839677047289 0.11372549019607843 0.1481430219146482 1.0
0.7716262975778546 0.11372549019607843 0.14463667820069198 1.0
0.7645674740484428 0.11367935409457898 0.1411764705882353 1.0
0.7540484429065744 0.11017301038062284 0.1411764705882353 1.0
0.7435294117647058 0.10980392156862745 0.13803921568627447 1.0
0.7357324106113031 0.10708189158016138 0.13453287197231825 1.0
0.7264129181084196 0.10588235294117647 0.13333333333333333 1.0
0.7158938869665512 0.10399077277970005 0.1314417531718569 1.0
0.7068512110726644 0.10196078431372549 0.12941176470588237 1.0
0.6987773933102652 0.10196078431372549 0.1283506343713956 1.0
0.6882583621683969 0.1013148788927336 0.12484429065743949 1.0
0.6777393310265282 0.09803921568627451 0.12156862745098039 1.0
0.6672202998846595 0.09803921568627451 0.12156862745098039 1.0
0.6600230680507496 0.09471741637831596 0.11824682814302184 1.0
0.6501038062283734 0.09411764705882353 0.11474048442906563 1.0
0.6395847750865049 0.09411764705882353 0.11372549019607843 1.0
0.6311418685121106 0.09204152249134942 0.11164936562860432 1.0
0.622468281430219 0.09019607843137255 0.10980392156862745 1.0
0.6119492502883506 0.0889504036908881 0.108558246828143 1.0
0.6014302191464819 0.08627450980392157 0.10505190311418679 1.0
0.5900807381776239 0.08585928489042673 0.10154555940023065 1.0
0.5725490196078431 0.08235294117647059 0.09803921568627451 1.0
