0.08225559928700268 0.11492440797272951 0.26479016778008574 1.0
0.0840052250695638 0.12312329697089992 0.2689609110865496 1.0
0.08575066584057084 0.13116438555181847 0.2731858034649912 1.0
0.08748548635006097 0.13907170269634647 0.2774585777836321 1.0
0.08920347605409938 0.14686476970133733 0.2817740375192827 1.0
0.09089868864490834 0.1545596741641342 0.28612786088763803 1.0
0.09256527135782916 0.16216989976784674 0.2905163524637193 1.0
0.09419469678569685 0.16970769935391197 0.2949352146743938 1.0
0.09578056998452263 0.1771829937836382 0.2993814659767585 1.0
0.09731981667964296 0.18460348997002407 0.30385361262208027 1.0
0.09880654660226455 0.19197669550194296 0.30834918519834537 1.0
0.10023501494687218 0.19930920335908203 0.31286587887189854 1.0
0.10159275802613128 0.2066085271284308 0.3173992705458214 1.0
0.10287833249400813 0.21387873200202462 0.3219487171262188 1.0
0.10408700898758871 0.22112426281643222 0.32651234566375287 1.0
0.10521228213193597 0.22834954449144917 0.3310876684491537 1.0
0.10623969219841285 0.23556030697292774 0.33566994569172853 1.0
0.1071714481123054 0.2427582189282018 0.34025917194093946 1.0
0.10800247879278917 0.24994634389446194 0.3448530225259212 1.0
0.10871519808653357 0.2571299549311684 0.3494459034531411 1.0
0.10931324916570134 0.2643097431894295 0.3540376498384017 1.0
0.10979042634687643 0.27148823657566606 0.3586253365534649 1.0
0.11013071606638404 0.2786695117891647 0.3632036902884188 1.0
0.11034071913156604 0.2858532911291301 0.36777260579227933 1.0
0.11040326517097805 0.29304342060580457 0.37232637825936415 1.0
0.110319534498643 0.30024032744629703 0.37686331820977365 1.0
0.11008130068472377 0.3074459393658016 0.38137949575020175 1.0
0.10968199879239508 0.31466172642913626 0.3858712355705275 1.0
0.10911885907843757 0.3218884538594922 0.39033547370862864 1.0
0.10838500382577251 0.32912740214168956 0.3947681530965947 1.0
0.10747533644294097 0.3363794736995206 0.3991654012783324 1.0
0.10639265615550746 0.3436443906987675 0.4035246616093351 1.0
0.10511930095163163 0.35092461827894234 0.4078392419401703 1.0
0.10367052829346322 0.35821813777066486 0.41210843452652374 1.0
0.10203366053749499 0.3655266278672804 0.41632595460435207 1.0
0.10020909057935531 0.3728500347294536 0.42048762195730655 1.0
0.0982081321232112 0.3801870995307817 0.4245907973796719 1.0
0.09603342130079691 0.3875377479133643 0.4286307141218833 1.0
0.09367933229678464 0.3949028743526281 0.4326005023547492 1.0
0.09117048258933684 0.4022803013381166 0.4364979264594859 1.0
0.08852373097854987 0.40966909472464885 0.4403183547610683 1.0
0.08576170674613784 0.41706816054136914 0.4440569615688626 1.0
0.08291544757909891 0.4244761358853786 0.4477088968524857 1.0
0.08002661508343575 0.4318913675811574 0.45126931653749824 1.0
0.0771500982263116 0.4393118896272553 0.45473342156220653 1.0
0.07435690342254939 0.4467353999449981 0.4580965070340901 1.0
0.07173705860438209 0.4541592371129329 0.46135402284409777 1.0
0.06940198555156094 0.4615803579659375 0.4645016470566748 1.0
0.06748542692270107 0.46899531715652976 0.4675353732706046 1.0
0.06614029377587877 0.476400345965717 0.4704513233677624 1.0
0.06552027778973109 0.4837922264699241 0.47324299797136626 1.0
0.06581202835267624 0.4911652529553315 0.47591043838438385 1.0
0.06717770181852893 0.49851422618694696 0.4784518334212326 1.0
0.06973430889759835 0.5058347913538036 0.48086124556559695 1.0
0.0735928348633972 0.513119397163752 0.4831440194543162 1.0
0.07877826454224815 0.5203628452912976 0.48529576455865836 1.0
0.08529270347117403 0.527557314983692 0.48732318037067285 1.0
0.0930824510216089 0.5346958222608965 0.48922998474404417 1.0
0.10206615155322595 0.5417710961067783 0.49102191617156915 1.0
0.11214794138067784 0.5487753439976881 0.4927102565097061 1.0
0.12322149196322123 0.5557012057130014 0.49430735283418176 1.0
0.1351793098442462 0.5625416377822807 0.4958289182869267 1.0
0.1479161398448063 0.5692902324081687 0.4972936205207401 1.0
0.16133058286371074 0.575941488604216 0.4987230848754477 1.0
0.1753256876692264 0.5824910924282819 0.5001414572075986 1.0
0.1898092679753176 0.5889361473128865 0.5015747593053019 1.0
0.20469412053425318 0.5952753347755488 0.5030502031764404 1.0
0.21989840623432916 0.6015089905251022 0.5045953705361923 1.0
0.23534640730755757 0.6076390663287686 0.5062372336538045 1.0
0.2509690234580317 0.6136690130350028 0.508001455462621 1.0
0.26670393787579966 0.6196036194345486 0.5099119159048844 1.0
0.28249656882404284 0.6254487177645407 0.5119898684127202 1.0
0.2982999681309282 0.6312109212398802 0.5142537872571094 1.0
0.3140744391254991 0.6368973796897026 0.5167193647942867 1.0
0.329787199059567 0.6425155327157949 0.5193995187932098 1.0
0.3454118196827852 0.6480729013088312 0.5223045482513375 1.0
0.360927563962424 0.6535769188764372 0.5254423668679755 1.0
0.3763186732399366 0.6590348027486642 0.528818780633342 1.0
0.39157301140791945 0.6644535760923366 0.532437992964945 1.0
0.4066816705519192 0.6698399855063795 0.5363027336857658 1.0
0.42163999938227675 0.675200165798346 0.5404140060091464 1.0
0.4364450734629256 0.6805399655288075 0.5447720022732745 1.0
0.45109577832158976 0.6858648571545813 0.5493761103110252 1.0
0.46558983580434343 0.6911805331078363 0.5542256046056858 1.0
0.4799313803389065 0.6964912149899526 0.5593179635006271 1.0
0.4941202362761311 0.7018019300139728 0.5646513992752608 1.0
0.5081596152065212 0.7071168256759207 0.5702231178628333 1.0
0.5220524964029736 0.712439923282474 0.5760302293524278 1.0
0.5358029064039997 0.7177748302088246 0.5820694880307444 1.0
0.5494115871900811 0.7231258514937773 0.5883377863384495 1.0
0.5628865444321022 0.7284951939467186 0.5948312822545889 1.0
0.5762272730788999 0.7338872210019888 0.6015465140888395 1.0
0.5894384594031277 0.7393047268898775 0.608479578333 1.0
0.6025256432840854 0.7447500710340476 0.6156265933130762 1.0
0.6154919668996253 0.7502261557425117 0.6229836071434767 1.0
0.6283396497211903 0.7557360573690735 0.6305464081902803 1.0
0.6410712569918845 0.7612826445691214 0.6383106037019544 1.0
0.6536922061958954 0.7668677339041479 0.6462721176276125 1.0
0.666205692909348 0.7724937233631165 0.6544265931233765 1.0
0.6786149134877969 0.7781629024672311 0.6627695978820517 1.0
0.690923063363369 0.7838774567286636 0.6712966388096742 1.0
0.7031333362286155 0.7896394717689954 0.680003176461346 1.0
0.7152489236574753 0.7954509372237907 0.6888846391054859 1.0
0.7272730148159392 0.8013137505533132 0.6979364361826499 1.0
0.7392087960209732 0.8072297208663534 0.7071539708226214 1.0
0.7510578476413627 0.8132012136155371 0.7165318585179576 1.0
0.7628230776844827 0.8192300180144289 0.7260651891691922 1.0
0.7745090036084873 0.8253171902948918 0.7357499238372236 1.0
0.786118814093873 0.8314642303068641 0.7455814614234285 1.0
0.797655302965331 0.8376727381043849 0.7555549605179982 1.0
0.8091179148107861 0.8439457284429673 0.7656631487557718 1.0
0.8205125476680596 0.8502833911987724 0.7759029576127159 1.0
0.8318433050694143 0.8566865967320583 0.7862703163635494 1.0
0.8431085945625512 0.8631587785358271 0.7967563596360644 1.0
0.85431476200083 0.8696997465226665 0.8073583462384545 1.0
0.8654653544151097 0.8763105471098614 0.8180710927662461 1.0
0.8765597694539495 0.8829942331707201 0.8288848674036949 1.0
0.8876071712202898 0.8897491992682963 0.8397986248918217 1.0
0.8986072565705858 0.8965785010699578 0.8508007836876992 1.0
0.9095705187259304 0.9034799451473727 0.86188974775266 1.0
0.9205006027412883 0.9104548955955598 0.8730545883040156 1.0
0.9314125751622389 0.9174989338390134 0.8842963003487552 1.0
0.9423169880681164 0.924609665893427 0.8956125066039656 1.0
0.9532321617635447 0.931778961448509 0.9070256570003798 1.0
0.9641572093234883 0.9390032732045055 0.9185878636867152 1.0
0.9750299632935601 0.9462996625576243 0.9303932361561739 1.0
0.9856926014160364 0.9537284382596883 0.9424989632315647 1.0
0.9960241164073002 0.9613594854417734 0.9547319679501318 1.0
0.9929465713958281 0.962495047492635 0.9559434003782296 1.0
0.9879753322494367 0.9527413049569491 0.942976126121031 1.0
0.9831730056703963 0.9430026423301274 0.9298855778851661 1.0
0.9785300630390107 0.9332746254060177 0.9167269677008394 1.0
0.9740370071358031 0.9235554826689516 0.9035305347541083 1.0
0.9696873783584534 0.9138435297123753 0.8903139260056614 1.0
0.9654705513075988 0.9041388379347223 0.8770954595261992 1.0
0.961379271756676 0.8944407340601016 0.8638874867949153 1.0
0.9574093627706498 0.8847477323548133 0.8506977462504841 1.0
0.953553953048505 0.8750592970616456 0.8375363153770161 1.0
0.9498099448974922 0.8653737293544497 0.8244087124000883 1.0
0.9461696368652127 0.8556909106680404 0.8113252056148872 1.0
0.9426274823107312 0.8460100833099913 0.7982934945547431 1.0
0.9391814031708908 0.8363293226790545 0.7853175267180772 1.0
0.9358291514810045 0.8266467053893982 0.7724015779733057 1.0
0.9325597962274684 0.8169634618065561 0.7595588667076636 1.0
0.9293730414502741 0.8072770597070236 0.7467916161366018 1.0
0.9262675032148144 0.797585252938998 0.7341035021423712 1.0
0.9232310826780414 0.7878898853693878 0.7215088802422941 1.0
0.9202669066494313 0.778187048319635 0.7090071532468012 1.0
0.9173675339667049 0.7684768287069562 0.6966083791270554 1.0
0.9145256225599138 0.7587594185469312 0.6843224083884539 1.0
0.9117446154850777 0.7490305703079717 0.6721493775876696 1.0
0.9090093225943254 0.7392937652846149 0.6601066752862057 1.0
0.90632624322093 0.7295433927350199 0.6481923384194881 1.0
0.9036801677313246 0.7197831388031627 0.6364238598248827 1.0
0.9010734709028646 0.7100090852010184 0.6248036449309976 1.0
0.8984977289947248 0.7002221017835124 0.6133435824284196 1.0
0.8959448175190381 0.6904230488507196 0.6020553467014453 1.0
0.8934169374824112 0.680607976275453 0.5909427211818639 1.0
0.8909007065001139 0.670780360312407 0.5800218824162359 1.0
0.8883901310872971 0.6609403341412813 0.5693032410928268 1.0
0.8858857564182475 0.6510847408814786 0.5587929781857633 1.0
0.8833758335658833 0.6412167153619233 0.5485060926536052 1.0
0.8808526560767699 0.6313375546451687 0.5384546284697205 1.0
0.8783096143626095 0.6214481400959552 0.5286499027341696 1.0
0.87573965777077 0.611549743703706 0.5191034986398301 1.0
0.8731353716009645 0.6016440218264679 0.5098271083433153 1.0
0.8704898517127564 0.5917325318769301 0.5008320109921233 1.0
0.8677933746643062 0.5818187417523606 0.4921304720878583 1.0
0.8650373218768856 0.5719058009120521 0.4837336078232043 1.0
0.8622131882915863 0.5619971231675625 0.4756517987453218 1.0
0.8593125235209843 0.5520964414910624 0.4678945932227276 1.0
0.8563275187113601 0.5422074374902611 0.46047043907759344 1.0
0.8532489208785696 0.5323351637885095 0.45338697854057125 1.0
0.8500682260532614 0.5224846473771275 0.446650243240626 1.0
0.8467773847625143 0.5126610824354778 0.4402646357834214 1.0
0.8433688051200482 0.5028698296284929 0.43423282546251 1.0
0.8398354539387647 0.49311634061503606 0.4285556538133931 1.0
0.8361717411817884 0.48340544366812965 0.4232322772488491 1.0
0.8323715654936779 0.47374284394375277 0.41825983342217765 1.0
0.8284293313178805 0.4641343679179618 0.41363338471041056 1.0
0.8243409819432772 0.454585072398046 0.4093463312919965 1.0
0.820103783941641 0.44509929799239834 0.4053907471538567 1.0
0.8157148858804536 0.43568188661907276 0.40175672449072053 1.0
0.8111724332803932 0.4263371802012337 0.39843302219025256 1.0
0.8064757599987353 0.41706874571999064 0.3954075618811594 1.0
0.8016248401884283 0.4078798016804561 0.3926673285955977 1.0
0.796620070088821 0.3987733880313178 0.3901983273313189 1.0
0.7914627081035047 0.389751854771431 0.38798633265931215 1.0
0.7861544889152464 0.3808171804305053 0.3860167727351599 1.0
0.7806975908286129 0.37197094787737933 0.38427494679475227 1.0
0.7750946065295489 0.36321431244304153 0.38274627331488625 1.0
0.7693483146718877 0.35454822193728225 0.3814161101405534 1.0
0.7634618612562839 0.34597313668737645 0.38027039813608277 1.0
0.7574385093863534 0.33748928821286506 0.3792953985858555 1.0
0.7512815292584121 0.3290968025926441 0.3784775538136042 1.0
0.7449942954937557 0.3207955301709982 0.37780394918743454 1.0
0.7385802092917187 0.3125851108448209 0.3772623351671447 1.0
0.7320425453908825 0.3044651919795219 0.37684072522802714 1.0
0.725384477727238 0.29643538696010907 0.37652754100259994 1.0
0.718609129382888 0.28849515208212656 0.376312058774961 1.0
0.7117194232921723 0.2806440524599581 0.37618378660460183 1.0
0.7047181064770208 0.2728817278683793 0.37613260239838336 1.0
0.697607755331227 0.26520787122524986 0.3761489188822343 1.0
0.6903907309807904 0.257622340798274 0.3762234123875396 1.0
0.6830691788707401 0.2501251766996479 0.3763470503165723 1.0
0.6756450253495924 0.24271660006329052 0.37651123762913086 1.0
0.6681199478897737 0.23539718741310967 0.37670721194319357 1.0
0.6604953975858753 0.22816780841032921 0.3769264186249997 1.0
0.6527725749900093 0.2210296130195321 0.3771608935743959 1.0
0.6449524365361379 0.21398430765140453 0.37740202084338853 1.0
0.6370357121703142 0.2070340844349906 0.3776410481065271 1.0
0.6290228522476589 0.20018160129392246 0.3778697638088156 1.0
0.6209140610654276 0.19343019688512564 0.37807952314659277 1.0
0.61270939731 0.18678399125463768 0.3782604862411555 1.0
0.6044085796632029 0.18024778594384833 0.37840364462830206 1.0
0.5960111033877118 0.17382730144861094 0.3784993545513076 1.0
0.5875164726812397 0.16752922276680177 0.3785360763027649 1.0
0.5789237042080277 0.16136125382334923 0.37850362778929986 1.0
0.5702318749424475 0.15533219660863865 0.3783897941981084 1.0
0.5614400869234114 0.1494518981119738 0.3781811015017665 1.0
0.5525468078192707 0.14373164813956274 0.37786562067558516 1.0
0.5435513399336623 0.1381834020992216 0.37742709564697474 1.0
0.5344523476869228 0.1328205745591714 0.3768510547573415 1.0
0.5252490590860583 0.12765716429482268 0.3761206057371028 1.0
0.5159409166890614 0.12270776989616491 0.37521816349310305 1.0
0.5065275359314099 0.11798739530680782 0.3741258481756745 1.0
0.4970094862606701 0.11351025072735252 0.3728240165399555 1.0
0.4873875147452158 0.10929008952909393 0.37129368325302053 1.0
0.47766368469295983 0.10533828543222132 0.3695146443307523 1.0
0.4678406823644112 0.10166396968682123 0.36746759622512615 1.0
0.4579224062376822 0.09827257010471381 0.36513366867221403 1.0
0.44791422723007374 0.09516467328823315 0.3624948693152751 1.0
0.4378219366632668 0.09233702804926527 0.3595359980499558 1.0
0.4276541498280851 0.0897783387380786 0.35624248162140887 1.0
0.41741838594545977 0.08747530606546035 0.3526049060085804 1.0
0.4071255915345245 0.08540529631634713 0.3486150298774421 1.0
0.39678562861051075 0.08354411809833145 0.3442697962542597 1.0
0.3864089188166675 0.08186386801088474 0.33956959861457686 1.0
0.37600931778476326 0.08032840910027331 0.33451732087599406 1.0
0.36559564864385996 0.07890908799581267 0.32912138293196674 1.0
0.3551788180644855 0.07757286904404381 0.3233921177605426 1.0
0.3447703916185555 0.07628540593691716 0.317342512323049 1.0
0.33438077095836555 0.07501482989469084 0.3109880757049466 1.0
0.3240169794441694 0.07373607132912786 0.30434578059749784 1.0
0.31368672712458384 0.07242375664999272 0.29743347922881785 1.0
0.3033965978597532 0.07105554456285855 0.29026956850534724 1.0
0.2931519745904861 0.06961223499270855 0.28287251078335374 1.0
0.28295702406771844 0.06807769192330058 0.27526041562782594 1.0
0.27281471849600947 0.0664386473811126 0.26745069376663216 1.0
0.2627280103949527 0.06468251153063607 0.259460399856185 1.0
0.25270084603491816 0.06279554193575385 0.2513069113026256 1.0
0.24273001485041681 0.060776407664084875 0.2430029358209253 1.0
0.23281431206633255 0.0586203458273212 0.2345611923137641 1.0
0.22295657962411305 0.056315820560484724 0.2259966336722645 1.0
0.2131544164558207 0.053859797438667215 0.21732009162979546 1.0
0.20340024633740028 0.051257152851788605 0.20853720637712653 1.0
