0.0659773860137986 0.12386004993819841 0.24948115997128678 1.0
0.07133348383690202 0.12940591530721332 0.2616879493264587 1.0
0.07660673341849929 0.1348904893736507 0.2740174560666073 1.0
0.0817994274540545 0.14031582700318282 0.2864785303502868 1.0
0.08691256390227207 0.14568385562244648 0.299079624104828 1.0
0.091945849456743 0.15099639967028494 0.31182903433530734 1.0
0.09689768035102533 0.15625524960844564 0.3247348837430399 1.0
0.10176509927131142 0.16146228188954 0.33780484328346777 1.0
0.10654368502125464 0.1666195947228325 0.3510458424779078 1.0
0.11122738227874471 0.17172967930878827 0.36446368007339913 1.0
0.11580826396822547 0.176795637675214 0.3780625084467088 1.0
0.12027621506822311 0.18182146068998759 0.391844158742426 1.0
0.12461803588430653 0.18681194807307863 0.4058097470770324 1.0
0.12881796922732563 0.1917741666236538 0.4199528089677069 1.0
0.13284746167340614 0.19671014477253182 0.4343030550143372 1.0
0.1366743439874563 0.20162803638799787 0.44886602088645233 1.0
0.1402697405988469 0.20654861794844884 0.4635891685570929 1.0
0.14356096773264818 0.2114763818446298 0.478537311875745 1.0
0.14648259834397143 0.216442928217813 0.4936502476018932 1.0
0.14892682827528708 0.22148325072489022 0.5088979401282253 1.0
0.1507371684006213 0.22665102381394062 0.5242194514187758 1.0
0.15169024464338968 0.23203322012375102 0.5394760757902346 1.0
0.15145111834379918 0.23776598383145736 0.5544183670812611 1.0
0.1496393912338223 0.24406024903081674 0.5684878359335852 1.0
0.14604824108798567 0.2511468443507377 0.5807899638818473 1.0
0.1410880680922908 0.2590812338131468 0.5904832679842994 1.0
0.13561683950783499 0.26763197489508356 0.5975298478667913 1.0
0.13031495289201075 0.2764826225526602 0.6025539065478572 1.0
0.12544420527563635 0.2854247638675977 0.6062200394039132 1.0
0.12108708228711607 0.2943473134108121 0.6089973874915462 1.0
0.11726955312360463 0.30319419851657475 0.6111929317890049 1.0
0.11397500368125806 0.3119443350694657 0.6129982148893173 1.0
0.1112033339222758 0.3205870499778303 0.6145458765315288 1.0
0.10893176778315941 0.3291245257255577 0.6159177537781719 1.0
0.10715592000292397 0.33755884061770974 0.6171772941191597 1.0
0.10586716970139975 0.3458949746708841 0.6183691364290873 1.0
0.10505368354231322 0.3541392816209684 0.6195251374197684 1.0
0.10470093689183221 0.3622986225760413 0.6206683641336452 1.0
0.10479203776526695 0.3703798878160347 0.6218157496695793 1.0
0.10530801986043804 0.37838974383886204 0.6229798723475735 1.0
0.10622818119665142 0.3863345096586634 0.6241701582562017 1.0
0.10753048862122233 0.3942201061090065 0.6253937020808856 1.0
0.10919243932370425 0.40205196342876665 0.6266561002744107 1.0
0.11119435829318233 0.40983445886450226 0.6279637668678786 1.0
0.11350717011876768 0.41757351644184654 0.6293157457845685 1.0
0.11610813425321549 0.42527353608449425 0.6307138516517573 1.0
0.11897579344687095 0.4329385201862068 0.6321593952231349 1.0
0.12209073866864278 0.4405720021069967 0.6336536533861742 1.0
0.1254313309649555 0.4481780149683325 0.6351944890602603 1.0
0.12898069477284357 0.45575969985483566 0.6367814482944477 1.0
0.1327234757860508 0.46332001765532016 0.6384133438519223 1.0
0.1366456467378641 0.47086182713565605 0.640087995109045 1.0
0.1407363866489944 0.47838749710084677 0.6418037880436874 1.0
0.14498681242623795 0.48589918683741584 0.6435586564915602 1.0
0.14938836906694727 0.49339922591062435 0.6453485009817425 1.0
0.15393709489015237 0.5008891468977829 0.6471711565459389 1.0
0.1586310186870569 0.5083702562707105 0.6490241132866138 1.0
0.16346975590083335 0.5158437292973329 0.6509040588133291 1.0
0.16845338196555676 0.5233109084707434 0.65280539971405 1.0
0.17358644506020568 0.5307723069682713 0.6547246162450198 1.0
0.1788762907561012 0.5382279816345407 0.6566586389937684 1.0
0.18433158502780345 0.5456779129165307 0.6586029565822658 1.0
0.18996346020753724 0.5531217149793111 0.66055275479442 1.0
0.19578567152242937 0.560558588412334 0.6625029478068648 1.0
0.20181477544010137 0.5679872634932768 0.6644482228910481 1.0
0.20807032345905047 0.5754059330683939 0.6663831032354098 1.0
0.21457505997572135 0.5828121744134654 0.6683020346671101 1.0
0.2213551058828181 0.5902028600545594 0.6701995032624419 1.0
0.2284401001554763 0.5975740586014726 0.6720701919980657 1.0
0.23586325955209414 0.6049209283683517 0.6739091854839274 1.0
0.24366130174577025 0.612237609146501 0.6757122320606384 1.0
0.25187428239051635 0.6195172376016091 0.6774748721938464 1.0
0.26054625477511945 0.6267521782632935 0.6791884196717023 1.0
0.2697223435718488 0.6339321155616697 0.6808595744198757 1.0
0.27945070616983514 0.6410466489698474 0.6824833307813435 1.0
0.2897757469508874 0.6480833951730044 0.6840678233733251 1.0
0.30074005799169323 0.655029306917274 0.6856190218551721 1.0
0.31237335441218606 0.6618707779645556 0.6871551174084108 1.0
0.3246928744041569 0.668594862010803 0.6886964056934861 1.0
0.3376938826508426 0.6751904077764691 0.6902718663086207 1.0
0.3513431731100804 0.6816498400421903 0.6919186687380647 1.0
0.3655801687205503 0.6879704487336566 0.6936766690123587 1.0
0.38031810724813964 0.694155369611868 0.6955864461833489 1.0
0.39545204219912505 0.7002135636342459 0.697684714191277 1.0
0.41087026374958224 0.7061587591151469 0.7000003274804923 1.0
0.4264655231641654 0.712007745117343 0.702552151180152 1.0
0.4421398465703323 0.7177791208521479 0.705350693922053 1.0
0.4578146594059832 0.7234909599907043 0.7083963367484934 1.0
0.47343263661501817 0.7291594675698767 0.711681439705537 1.0
0.4889439768381088 0.7348006608373828 0.7151980168827651 1.0
0.504323502284591 0.7404266676960519 0.7189306426046804 1.0
0.519544979092167 0.7460500590687459 0.722867858440711 1.0
0.5346060674832424 0.751678573345111 0.7269915790721249 1.0
0.5494957879225167 0.7573215396332559 0.731290033135229 1.0
0.5642109194020762 0.7629864393831224 0.7357506868491602 1.0
0.5787587814755801 0.768678029665397 0.7403590500036059 1.0
0.5931425302347186 0.774401618224452 0.7451039076698013 1.0
0.6073669352798531 0.7801617959410424 0.7499747930144113 1.0
0.6214377548680753 0.7859625803548145 0.7549619729043923 1.0
0.6353612633567854 0.7918075411521186 0.7600564003443241 1.0
0.6491439022023682 0.7976999076516296 0.765249643430433 1.0
0.6627920290432822 0.8036426595228505 0.7705337970836615 1.0
0.6763117435090651 0.8096386025511533 0.7759013809423981 1.0
0.6897087726671521 0.8156904314188402 0.781345224343032 1.0
0.702986875844065 0.8218012177763014 0.7868589064788616 1.0
0.716150997055373 0.8279735582194871 0.7924354516480101 1.0
0.7292074678781655 0.8342095198658106 0.7980670439230836 1.0
0.7421603052750909 0.8405117369322829 0.8037462137390754 1.0
0.7550130363837785 0.8468829352690028 0.8094649579596866 1.0
0.7677675072929551 0.8533263291295689 0.8152150078983438 1.0
0.7804286736233476 0.8598442197218039 0.8209855429355756 1.0
0.7930004580879766 0.8664392645043827 0.826764504951461 1.0
0.8054863928021784 0.8731143298243123 0.8325380072551294 1.0
0.8178907398223461 0.8798721832639378 0.8382894924646915 1.0
0.8302206912403525 0.8867148359525702 0.8439982562174995 1.0
0.8424848125723045 0.8936440089934187 0.8496400053646017 1.0
0.854695202964893 0.9006604181462476 0.8551858897548898 1.0
0.8668690155089663 0.9077631867273938 0.8606022529774388 1.0
0.8790288109548029 0.9149495215441604 0.8658518895612481 1.0
0.8912037171238261 0.9222140541034465 0.8708956089555121 1.0
0.9034296112545311 0.9295484449065543 0.8756947245366876 1.0
0.9157446696169489 0.9369424010843143 0.8802171523557963 1.0
0.9281863497011796 0.9443845010788505 0.8844406204607417 1.0
0.9407858888544293 0.9518641083339402 0.8883550738976759 1.0
0.9535630439791514 0.9593735642774037 0.8919621845427534 1.0
0.9665201109850536 0.9669107063880006 0.895275358774096 1.0
0.9796445978012245 0.9744788660117252 0.8983115376042009 1.0
0.9929112670185372 0.9820866799218417 0.901087021613304 1.0
0.9982730268101483 0.9889694755219708 0.7999442108029597 1.0
0.9929058495229108 0.9794050788863891 0.7833358183298924 1.0
0.987592365075451 0.969889946486896 0.7667012303433515 1.0
0.982318586169944 0.9604279232142536 0.7500397756248866 1.0
0.9770703124308782 0.9510228651056021 0.733353243611024 1.0
0.9718363735011738 0.941677993075562 0.7166374530919547 1.0
0.9666050731163692 0.9323966706544653 0.6998902891874017 1.0
0.961364301912024 0.9231824093351182 0.6831112052412209 1.0
0.9561028958285774 0.9140386058656861 0.6662974104712343 1.0
0.9508083325016449 0.9049690475036481 0.6494496943095005 1.0
0.9454684730702294 0.8959775633177465 0.6325676269372065 1.0
0.9400723723947072 0.8870678867552502 0.6156465124418978 1.0
0.9346058159566497 0.87824457836573 0.59869054704656 1.0
0.9290551327574594 0.869512251876844 0.5817016896385238 1.0
0.9234068745349681 0.8608756692898577 0.5646798737839683 1.0
0.9176476570857734 0.8523398122996758 0.5476225921964324 1.0
0.9117605768171194 0.8439105011633244 0.530538690069013 1.0
0.9057294292646674 0.8355936187061435 0.5134332703875157 1.0
0.8995373837127171 0.8273953488390179 0.49631230572693535 1.0
0.8931668363157146 0.8193221729762613 0.4791835354420606 1.0
0.886599474681032 0.8113808082855289 0.46205685670322866 1.0
0.8798164304287337 0.8035781062706647 0.444944693554177 1.0
0.872798534814182 0.7959209062504765 0.4278623067743916 1.0
0.8655266863011726 0.7884158414439076 0.4108280013801816 1.0
0.8579823289810251 0.7810691001909568 0.39386318675267645 1.0
0.8501480272468268 0.7738861511160153 0.3769922487265211 1.0
0.8420081064664117 0.7668714480881305 0.36024220500431114 1.0
0.8335493139687488 0.7600281374658561 0.3436421351583663 1.0
0.8247614427074491 0.7533577948036686 0.327222402524785 1.0
0.8156375420410802 0.7468604353583209 0.3110118836109616 1.0
0.806174927418268 0.7405338916134766 0.29504177528664455 1.0
0.7963754502467559 0.7343738490654924 0.2793426139268554 1.0
0.7862447338994297 0.7283743784989338 0.2639399482282492 1.0
0.775792071957761 0.7225279433054641 0.2488556354727658 1.0
0.7650303771013176 0.7168254431630054 0.23410844808865536 1.0
0.7539750343483268 0.7112568233586714 0.2197122054610399 1.0
0.7426430871174343 0.7058114545759138 0.2056759553201529 1.0
0.7310534670287897 0.7004780204273291 0.19200601829034636 1.0
0.7192246582296187 0.6952456018353061 0.17870367484939792 1.0
0.707174958515005 0.6901035084730168 0.16576774010798517 1.0
0.6949222884410386 0.685041349959673 0.15319575674809122 1.0
0.6824842814557106 0.6800490021740336 0.14098514968107412 1.0
0.669877022887455 0.6751171258808204 0.12913325140837711 1.0
0.6571143400419639 0.6702374099136926 0.11763849983484198 1.0
0.6442094908284235 0.6654018578857598 0.10650332627470177 1.0
0.6311744273095842 0.6606030780260319 0.095735224824045 1.0
0.61801983635961 0.6558342467606345 0.08534902790789917 1.0
0.6047555638904745 0.6510889365918349 0.07536985103926261 1.0
0.5913898596168664 0.6463613699396044 0.0658369123237807 1.0
0.5779296744802824 0.6416462789177482 0.05680890010486411 1.0
0.5643815107462558 0.6369385923155289 0.048370172221095104 1.0
0.5507511097017993 0.6322335378219294 0.04063109062878036 1.0
0.5370435678897189 0.6275265912622651 0.03399826777259875 1.0
0.5232634540892092 0.6228134291123465 0.02889162770899197 1.0
0.5094149267503034 0.6180898846857883 0.025233973641611753 1.0
0.49550185212827474 0.6133519082262945 0.022927499430145167 1.0
0.48152761263710114 0.6085956169577118 0.021884592343838462 1.0
0.46749590402718577 0.6038170693908025 0.02202575196199581 1.0
0.4534104802174604 0.5990123514750381 0.0232790017571949 1.0
0.4392752666457843 0.5941775573957772 0.025578913108519185 1.0
0.42509452733462477 0.5893087619843902 0.028865589484116203 1.0
0.41087300137772914 0.5844020085373907 0.03308373191521535 1.0
0.3966160426045597 0.5794533026963221 0.03818173057085194 1.0
0.3823293010751576 0.5744587111207358 0.04394805072129903 1.0
0.36801932320623515 0.5694142562314316 0.04996782753758579 1.0
0.3536949929415159 0.5643156734350929 0.05612893743527533 1.0
0.3393656203896878 0.5591588786318282 0.06235756094274707 1.0
0.32504181839369933 0.5539398325638829 0.06859885832682489 1.0
0.310735418192626 0.5486546144439581 0.07481180702467757 1.0
0.2964591129532259 0.5432995335070246 0.08096589157307844 1.0
0.2822293354118089 0.5378707352767682 0.08703358821945917 1.0
0.2680631693101796 0.5323648013351243 0.09299375412108926 1.0
0.25397931974239996 0.5267786444926343 0.09882859370375925 1.0
0.23999778182435083 0.5211096093711738 0.10452328781412311 1.0
0.2261416601476158 0.515355312084038 0.11006259715437375 1.0
0.21243542568413726 0.5095139343276296 0.1154333255089758 1.0
0.19890535087357372 0.50358421083933 0.12062356644128225 1.0
0.18558025198686237 0.4975654032668734 0.12562169671208517 1.0
0.17249118267905414 0.4914573735230235 0.13041728735455005 1.0
0.15967198817544537 0.48526056392878836 0.135000983853915 1.0
0.14716017134966872 0.4789759616417099 0.13936423073389398 1.0
0.13499842783239788 0.47260505566144567 0.14349795691235026 1.0
0.12323409386442936 0.466149863157404 0.14739609875250995 1.0
0.11192206464526683 0.4596127986989773 0.15105327797702775 1.0
0.10112669600681448 0.45299662637980914 0.1544646692589755 1.0
0.09092370227703118 0.4463044122993942 0.15762614731373925 1.0
0.08140182958873418 0.43953951714931044 0.16053325234961005 1.0
0.07266387753167232 0.4327053745376122 0.16318528009794545 1.0
0.06482627783058431 0.4258055568219375 0.16558087820413583 1.0
0.05801402675507238 0.41884370317280967 0.1677192174955808 1.0
0.05235027915956171 0.4118234726221553 0.16960002976790003 1.0
0.047939533376343525 0.4047485074383744 0.17122352366067742 1.0
0.044846418980686226 0.39762240363104134 0.1725903016462425 1.0
0.043075344036773044 0.3904487413924379 0.17370089013951834 1.0
0.042562150201398696 0.38323095644428057 0.174556602482984 1.0
0.043179544683562894 0.3759723414694283 0.17515917684572277 1.0
0.044754796654087575 0.3686761402311958 0.17551005048393625 1.0
0.04709552935339575 0.36134549700126023 0.1756107327768162 1.0
0.050012285908612245 0.35398345946135246 0.1754627713878164 1.0
0.0533336118476115 0.3465929842566787 0.17506772933115203 1.0
0.05691317314028156 0.3391769443356537 0.17442717313254513 1.0
0.06063095633376834 0.33173813717962924 0.1735426720731329 1.0
0.06439108555589056 0.3242792929871453 0.17241580828151862 1.0
0.0681182237065723 0.3168030818312439 0.17104819716107975 1.0
0.07175374899424672 0.3093121187621845 0.16944151727938583 1.0
0.07525054904463072 0.301809167254793 0.16759700498705749 1.0
0.0785741934769711 0.29429669631413125 0.16551679901167485 1.0
0.08169810964964451 0.28677712558915697 0.16320316042935584 1.0
0.08460146166583515 0.279252863708572 0.1606584250555511 1.0
0.0872683443787032 0.2717262314473357 0.157885219001093 1.0
0.0896868012528411 0.2641994345632674 0.15488649874807703 1.0
0.09184811202104472 0.25667452913905875 0.15166557804338743 1.0
0.0937395485966932 0.24915446938406138 0.14822449525533704 1.0
0.09536082610392219 0.24164045325371528 0.14456832161802535 1.0
0.09671156792765055 0.23413368536913629 0.14070181088613312 1.0
0.09779165155319484 0.22663529687918696 0.13662956460694933 1.0
0.09858918018548599 0.21914858784401023 0.13235389054502325 1.0
0.09911872945106745 0.21167193317576458 0.12788220082178514 1.0
0.09938202608300481 0.20420582225342485 0.12321894328621841 1.0
0.09937197195988694 0.19675242050586933 0.11836728887530519 1.0
0.09911022889650681 0.18930776190874668 0.11333393143451247 1.0
0.09858398538131138 0.18187477780144992 0.10812097417861091 1.0
0.09781920616108218 0.17444770023053727 0.10273378773084955 1.0
0.09680379693953686 0.16702876341416195 0.09717429406594691 1.0
0.09556600543567503 0.15961052262012485 0.09144566047836146 1.0
0.0940950676604726 0.15219409214105972 0.085549530617608 1.0
0.09241357113156572 0.14477199587904924 0.07948691438285388 1.0
0.09053276383981979 0.13733860758438335 0.07325761429945674 1.0
