1.0 1.0 0.9999046116818321 1.0
0.9996233096697106 0.9961647431005404 0.9868128706804286 1.0
0.9992362533786251 0.9922551761043413 0.974014158654685 1.0
0.9988438339208324 0.9883090164788836 0.9614856181492105 1.0
0.9984460716380054 0.984328436994817 0.9492132397695342 1.0
0.998042990552824 0.980315426636941 0.9371839976292633 1.0
0.9976346179594976 0.9762718088860683 0.925385762418173 1.0
0.9972209840617464 0.9721992578385535 0.9138072236556268 1.0
0.996802121651922 0.968099312455425 0.9024378200042996 1.0
0.9963780658259086 0.9639733891888346 0.8912676766752541 1.0
0.9959488537291882 0.9598227931966851 0.8802875490874252 1.0
0.9955145243301583 0.9556487283255296 0.8694887720565143 1.0
0.995075118217296 0.9514523060160024 0.858863213883611 1.0
0.9946306774172712 0.9472345532633127 0.8484032347951276 1.0
0.9941812452314748 0.9429964197469995 0.8381016492553343 1.0
0.9937268660887807 0.9387387842285853 0.82795169173249 1.0
0.993267585412651 0.9344624603025876 0.8179469855510334 1.0
0.9928034495009169 0.9301682015750827 0.808081514506725 1.0
0.9923345054168026 0.925856706334417 0.7983495969600195 1.0
0.991860800889922 0.9215286217704175 0.7887458621562844 1.0
0.9913823842261441 0.9171845477913925 0.7792652285504624 1.0
0.9908993042253457 0.9128250404821106 0.7699028839390122 1.0
0.9904116101061978 0.9084506152406888 0.760654267223999 1.0
0.9899193514372243 0.9040617496277802 0.7515150516535279 1.0
0.9894225780734599 0.8996588859574842 0.7424811293996177 1.0
0.9889213400981168 0.8952424336559905 0.7335485973494851 1.0
0.9884156877687241 0.8908127714109597 0.7247137439993072 1.0
0.9879056714672713 0.8863702491320476 0.715973037351093 1.0
0.987391341653938 0.8819151897406788 0.7073231137234682 1.0
0.9868727488240286 0.8774478908051894 0.6987607673962701 1.0
0.9863499434677779 0.8729686260356844 0.6902829410168179 1.0
0.9858229760327252 0.8684776466514129 0.6818867167028675 1.0
0.9852918968883818 0.8639751826321 0.6735693077836142 1.0
0.9847567562929488 0.8594614438634588 0.6653280511257267 1.0
0.9842176043618628 0.8549366211860481 0.6571603999964598 1.0
0.983674491037969 0.8504008873556826 0.6490639174204111 1.0
0.9831274660631363 0.845854397922776 0.6410362699905181 1.0
0.9825765789511532 0.8412972920372229 0.6330752220975041 1.0
0.9820218789617517 0.8367296931847898 0.625178630545277 1.0
0.9814634150756157 0.8321517098603574 0.617344439522682 1.0
0.9809012359702559 0.827563436182843 0.6095706759046545 1.0
0.9803353899966295 0.8229649524561472 0.6018554448582122 1.0
0.9797659251563969 0.8183563256800295 0.5941969257308978 1.0
0.97919288907972 0.8137376100144467 0.5865933682011709 1.0
0.978616329003504 0.8091088472005223 0.5790430886721084 1.0
0.9780362917500082 0.8044700669410118 0.5715444668912902 1.0
0.9774528237057282 0.7998212872428297 0.5640959427812872 1.0
0.9768659708004989 0.7951625147239593 0.5566960134664293 1.0
0.9762757784867232 0.7904937448868139 0.5493432304828255 1.0
0.9756822917186806 0.7858149623599112 0.5420361971596505 1.0
0.9750855549318386 0.7811261411095224 0.5347735661607992 1.0
0.9744856120221191 0.7764272446227736 0.5275540371769109 1.0
0.9738825063250561 0.7717182260635096 0.5203763547586527 1.0
0.973276280594788 0.7669990284020757 0.5132393062829698 1.0
0.9726669769828443 0.7622695845200271 0.5061417200447255 1.0
0.9720546370166622 0.7575298172906397 0.4990824634668994 1.0
0.9714393015777952 0.7527796396359708 0.49206044142312927 1.0
0.9708210108797591 0.7480189545610961 0.485074594667029 1.0
0.970199804445477 0.7432476551660384 0.47812389836329333 1.0
0.9695757210842638 0.738465624635791 0.4712073607161605 1.0
0.9689487988683264 0.7336727362087376 0.46432402169135895 1.0
0.9683190751087151 0.7288688531236646 0.4574729518281678 1.0
0.9676865863306939 0.7240538285454693 0.45065325113877447 1.0
0.967051368248485 0.7192275054695643 0.44386404809257746 1.0
0.9664134557393401 0.714389716604883 0.43710449868362933 1.0
0.9657728828168982 0.7095402842352998 0.43037378557993294 1.0
0.9651296826037853 0.704679020059176 0.4236711173537974 1.0
0.9644838873034128 0.699805725006646 0.4169957277930477 1.0
0.9638355281709269 0.6949201890341612 0.4103468752934255 1.0
0.9631846354832708 0.6900221908957019 0.4037238423331452 1.0
0.9625312385083044 0.6851114978899661 0.3971259350311868 1.0
0.9618753654729443 0.680187865582725 0.39055248279162985 1.0
0.961217043530275 0.6752510375034294 0.38400283803704766 1.0
0.9605562987255737 0.6703007448150178 0.377476376034864 1.0
0.9598931559612182 0.6653367059557556 0.37097249482142713 1.0
0.9592276389604036 0.6603586262517899 0.3644906152296026 1.0
0.9585597702296439 0.6553661974989625 0.35803018102681644 1.0
0.9578895710199778 0.6503590975122561 0.3515906591717403 1.0
0.9572170612868466 0.645336989641085 0.34517154019926366 1.0
0.956542259648577 0.6402995222484581 0.33877233874501234 1.0
0.955865183343409 0.6352463281518247 0.3323925942225422 1.0
0.9551858481850272 0.6301770240232131 0.32603187166844166 1.0
0.9545042685165067 0.6250912097460256 0.3196897627730431 1.0
0.9535285089713631 0.6200997987211503 0.31431106573270445 1.0
0.9511264100000777 0.6156436236284407 0.31355335447716726 1.0
0.9487272730126887 0.6111841429605769 0.31278483062145657 1.0
0.9463314662558265 0.6067210229904827 0.3120056005046365 1.0
0.9439393648792344 0.602253917125159 0.3112157694982535 1.0
0.9415513512955591 0.5977824652098953 0.31041544204133714 1.0
0.939167815556635 0.5933062927876354 0.3096047216752445 1.0
0.93678915574728 0.5888250103100214 0.3087837110783441 1.0
0.9344157783976927 0.5843382122963322 0.30795251210063207 1.0
0.9320480989156288 0.579845476436176 0.307111225798319 1.0
0.9296865420395896 0.5753463626314229 0.3062599524684578 1.0
0.9273315423143753 0.5708404119724368 0.30539879168365536 1.0
0.9249835445904229 0.5663271456431856 0.30452784232694435 1.0
0.9226430045484674 0.5618060637493 0.3036472026268885 1.0
0.9203103892511696 0.5572766440625612 0.3027569701929611 1.0
0.9179861777234789 0.5527383406746551 0.30185724205130293 1.0
0.9156708615636229 0.5481905825523097 0.300948114680903 1.0
0.913364945586766 0.5436327719851253 0.30002968405031144 1.0
0.9110689485035273 0.5390642829165141 0.2991020456549465 1.0
0.9087834036357146 0.5344844591471525 0.2981652945550942 1.0
0.9065088596718266 0.5298926123992251 0.2972195254146986 1.0
0.9042458814650477 0.5252880202284694 0.2962648325410364 1.0
0.9019950508767055 0.5206699237695974 0.2953013099253898 1.0
0.8997569676683788 0.5160375252990734 0.2943290512848316 1.0
0.8975322504461002 0.5113899855973939 0.29334815010525267 1.0
0.8953215376603954 0.5067264210909695 0.29235869968574657 1.0
0.8931254886661842 0.5020459007513709 0.2913607931845249 1.0
0.89094478484693 0.4973474427270497 0.2903545236664902 1.0
0.8887801308077733 0.49263001067963247 0.28933998415265544 1.0
0.8866322556427995 0.4878925097934326 0.2883172676715773 1.0
0.8845019142820347 0.4831337824228971 0.2872864673130094 1.0
0.8823898889242471 0.4783526033381776 0.28624767628398623 1.0
0.8802969905621699 0.47354767452383967 0.28520098796757315 1.0
0.8782240606073548 0.4687176194797324 0.2841464959845291 1.0
0.8761719726225115 0.4638609769661394 0.28308429425817905 1.0
0.8741416341699159 0.45897619412733964 0.28201447708276706 1.0
0.8721339887852535 0.45406161891839997 0.28093713919565777 1.0
0.8701500180871488 0.44911549174920146 0.2798523758537182 1.0
0.86819074403361 0.4441359362470541 0.2787602829143114 1.0
0.8662572313376834 0.4391209490244029 0.27766095692130877 1.0
0.8643505900558249 0.43406838832068834 0.2765544951966271 1.0
0.8624719783638174 0.4289759613668059 0.2754409959378224 1.0
0.8606226055365496 0.4238412102961979 0.27432055832231783 1.0
0.858803735149624 0.41866149639755257 0.2731932826189249 1.0
0.8570166885226087 0.41343398246939367 0.2720592703073898 1.0
0.8552628484258049 0.40815561299521735 0.27091862420674423 1.0
0.8535436630747102 0.40282309180767967 0.2697714486133688 1.0
0.8518606504389585 0.39743285684962815 0.2686178494497541 1.0
0.8502154028953997 0.39198105156588803 0.2674579344250627 1.0
0.8486095922582796 0.3864634923693789 0.26629181320871975 1.0
0.8470449752231344 0.3808756315140042 0.26511959761841936 1.0
0.8455233992651954 0.3752125145693094 0.2639414018240854 1.0
0.8440468090377702 0.3694687315207747 0.2627573425695129 1.0
0.842617253321414 0.36363836030520225 0.2615675394136453 1.0
0.8412368925807108 0.3577149013200802 0.26037211499367374 1.0
0.8399080071923599 0.35169120110181606 0.25917119531242283 1.0
0.8386330064160764 0.3455593629268877 0.25796491005283495 1.0
0.8374144381887061 0.33931064152012796 0.2567533929226897 1.0
0.8362549998321784 0.3329353183110591 0.25553678203316615 1.0
0.835157549777573 0.3264225526999398 0.2543152203153211 1.0
0.8341251204210094 0.3197602034913974 0.2530888559791258 1.0
0.8331609322425023 0.31293461289744307 0.2518578430203715 1.0
0.8322684093367508 0.3059303431169444 0.2506223417815241 1.0
0.8314511965254232 0.29872985218818887 0.24938251957347635 1.0
0.8307131782444269 0.2913130911668027 0.24813855136622637 1.0
0.8300584994274153 0.2836569980586416 0.24689062055770933 1.0
0.8294915886391866 0.27573485432327266 0.24563891983144592 1.0
0.829017183750513 0.267515455527878 0.2443836521153937 1.0
0.8286403604903304 0.25896202618166647 0.2431250316563569 1.0
0.8283665642634628 0.25003077534296286 0.2418632852267118 1.0
0.8282016456836607 0.24066893623808244 0.24059865348302784 1.0
0.8212469359092623 0.23963758142128488 0.24760623915615876 1.0
0.8143083015259919 0.23860995911768085 0.2540706372895893 1.0
0.8074001029867971 0.23756803245914754 0.2600299138297667 1.0
0.8005220873337592 0.23651202791388143 0.2655314788477008 1.0
0.7936740082906292 0.2354421671115668 0.27061570263508034 1.0
0.7868556260664215 0.2343586670190056 0.27531731692435124 1.0
0.7800667071663748 0.23326174010815343 0.2796664751538525 1.0
0.7733070242099821 0.23215159451695339 0.283689568142222 1.0
0.7665763557557882 0.23102843420333952 0.2874098609022224 1.0
0.7598744861326844 0.2298924590927618 0.2908479964057933 1.0
0.7532012052774274 0.2287438652195602 0.2940223988501847 1.0
0.7465563085781427 0.22758284486249486 0.29694959995562703 1.0
0.7399395967235577 0.2264095866747302 0.2996445055726132 1.0
0.7333508755577494 0.22522427580854237 0.3021206154670781 1.0
0.7267899559401805 0.2240270940350117 0.30439020599226535 1.0
0.7202566536108246 0.22281821985894512 0.3064644830596537 1.0
0.7137507890601766 0.22159782862925803 0.3083537111300571 1.0
0.7072721874039659 0.22036609264503504 0.3100673226852736 1.0
0.7008206782623899 0.21912318125747132 0.31161401169025743 1.0
0.6943960956437042 0.21786926096789527 0.31300181383184966 1.0
0.6879982778319982 0.21660449552205024 0.31423817576334806 1.0
0.681627067279009 0.21532904600081082 0.31533001515211817 1.0
0.6752823104998269 0.21404307090749886 0.31628377298934585 1.0
0.6689638579723471 0.21274672625195173 0.31710545935433104 1.0
0.6626715640403407 0.21144016563149215 0.317800693613833 1.0
0.6564052868200138 0.21012354030893476 0.3183747398674368 1.0
0.650164888109938 0.20879699928776452 0.31883253831336783 1.0
0.6439502333042356 0.20746068938460716 0.31917873309856504 1.0
0.637761191308912 0.20611475529911155 0.31941769712663315 1.0
0.6315976344612295 0.20475933968135251 0.3195535542234172 1.0
0.6254594384520294 0.20339458319686038 0.31959019899905144 1.0
0.6193464822509048 0.20202062458937553 0.31953131469494467 1.0
0.6132586480341387 0.20063760074142128 0.31938038926223 1.0
0.6071958211153247 0.1992456467327819 0.3191407298831875 1.0
0.6011578898785919 0.19784489589696952 0.3188154761177462 1.0
0.5951447457143572 0.19643547987576 0.31840761183241206 1.0
0.5891562829575412 0.19501752867186467 0.3179199760480058 1.0
0.5831923988281811 0.1935911706998138 0.3173552728248316 1.0
0.5772529933743771 0.19215653283510947 0.3167160802887217 1.0
0.5713379694175215 0.19071374046171197 0.31600485888846225 1.0
0.5654472324997567 0.18926291751791147 0.315223958963984 1.0
0.559580690833615 0.18780418654063716 0.3143756276951442 1.0
0.5537382552537989 0.1863376687082512 0.31346201549267977 1.0
0.5479198391710631 0.18486348388186663 0.31248518188575575 1.0
0.5421253585281678 0.1833817506452298 0.3114471009543486 1.0
0.5363547317578706 0.1818925863431974 0.3103496663493045 1.0
0.5306078797429369 0.18039610711884038 0.30919469593820603 1.0
0.5248847257781558 0.17889242794919222 0.30798393611106034 1.0
0.5191851955343372 0.1773816626796661 0.30671906577622066 1.0
0.5135092170242992 0.17586392405714749 0.305401700073783 1.0
0.5078567205708346 0.1743393237617741 0.30403339383088857 1.0
0.5022276387766735 0.17280797243740006 0.30261564478092723 1.0
0.49662190649645127 0.17126997972073862 0.30114989656643104 1.0
0.49103946081070965 0.16972545426916869 0.29963754154353095 1.0
0.48548024100196513 0.1681745037871836 0.2980799234041372 1.0
0.47994418853288795 0.16661723505144718 0.2964783396304637 1.0
0.474431247026651 0.16505375393441626 0.2948340437951812 1.0
0.4689413622495154 0.16348416542647157 0.2931482477192601 1.0
0.4634744820957421 0.16190857365648884 0.29142212349848545 1.0
0.4580305565749336 0.16032708191076533 0.2896568054086599 1.0
0.45260953780192853 0.15873979265019453 0.2878533916986539 1.0
0.44721137998939703 0.157146807525566 0.2860129462796706 1.0
0.4418360394433191 0.15554822739083726 0.28413650031842097 1.0
0.43648347456154685 0.1539441523141966 0.28222505374126217 1.0
0.431153645835704 0.15233468158670294 0.2802795766558141 1.0
0.4258465158567161 0.1507199137282406 0.2783010106960637 1.0
0.4205620493243175 0.14909994649048464 0.276290270296521 1.0
0.4153002130609471 0.14747487685650706 0.27424824390060865 1.0
0.4100609760305289 0.14584480103658298 0.27217579510811635 1.0
0.40484430936272114 0.14420981445967027 0.2700737637662474 1.0
0.39965018638333977 0.1425700117599245 0.26794296700853437 1.0
0.39447858265179914 0.14092548675748562 0.26578420024568655 1.0
0.3893294760065952 0.13927633243259963 0.26359823811225225 1.0
0.3842028466200685 0.13762264089194884 0.26138583537287113 1.0
0.37909867706396294 0.135964503325797 0.25914772779180767 1.0
0.3740169523876394 0.1343020099542445 0.2568846329694484 1.0
0.3689576602112397 0.13263524996047343 0.25459725114949894 1.0
0.3639207908366625 0.1309643114083422 0.2522862660007493 1.0
0.3589063373799397 0.12928928114100868 0.24995234537752503 1.0
0.353914295929548 0.12761024465637383 0.24759614206330244 1.0
0.34894466573645316 0.12592728595396277 0.24521829450252358 1.0
0.3439974494433522 0.12424048734629403 0.24281942752642277 1.0
0.3390726533628502 0.12254992922566865 0.24040015307978857 1.0
0.3341702878174166 0.12085568977439598 0.2379610709571427 1.0
0.32929036755827557 0.11915784460243056 0.23550276955902438 1.0
0.32443291228650745 0.11745646629066459 0.23302582668223626 1.0
0.31959794730841545 0.11575162380987611 0.23053081036246936 1.0
0.3147855043701293 0.11404338177321238 0.228018279794457 1.0
0.30999562273580655 0.11233179946188557 0.22548878636491604 1.0
0.3052283506036528 0.1106169295356969 0.22294287484906078 1.0
0.3004837470013352 0.10889881629550163 0.22038108484605246 1.0
0.2957618843799469 0.10717749329176673 0.21780395256883722 1.0
0.2910628522578125 0.10545297994906858 0.21521201317186406 1.0
0.28638676250081146 0.10372527665480819 0.21260580392081807 1.0
0.28173375726864536 0.10199435734351073 0.2099858687343673 1.0
0.27710402154595093 0.10026015777006175 0.20735276507949224 1.0
0.27249780411831825 0.09852255583556643 0.20470707518240794 1.0
0.26791545556853913 0.09678133588291044 0.20204942588623104 1.0
0.2633575051209168 0.09503611637552187 0.1993805281085153 1.0
0.2588248443229816 0.09328617679768852 0.19670126978285013 1.0
0.25431931754497844 0.09152990049957213 0.19401301065723042 1.0
0.24984889414833378 0.08975988720591188 0.19132011870605015 1.0
