0.964706 0.988235 0.941176 1.0
0.9619378431372548 0.9871584901960784 0.9373313333333333 1.0
0.9591696862745097 0.9860819803921569 0.9334866666666667 1.0
0.9564015294117647 0.9850054705882353 0.929642 1.0
0.9536333725490196 0.9839289607843137 0.9257973333333334 1.0
0.9508652156862745 0.9828524509803921 0.9219526666666666 1.0
0.9480970588235293 0.9817759411764706 0.918108 1.0
0.9453289019607842 0.980699431372549 0.9142633333333333 1.0
0.9425607450980392 0.9796229215686274 0.9104186666666667 1.0
0.9397925882352941 0.9785464117647058 0.906574 1.0
0.937024431372549 0.9774699019607843 0.9027293333333334 1.0
0.9342562745098039 0.9763933921568627 0.8988846666666667 1.0
0.9314881176470587 0.9753168823529411 0.8950400000000001 1.0
0.9287199607843137 0.9742403725490196 0.8911953333333333 1.0
0.9259518039215686 0.973163862745098 0.8873506666666667 1.0
0.9231836470588235 0.9720873529411764 0.883506 1.0
0.9204154901960784 0.9710108431372548 0.8796613333333334 1.0
0.9176473333333333 0.9699343333333333 0.8758166666666667 1.0
0.9148791764705881 0.9688578235294117 0.871972 1.0
0.9121110196078431 0.9677813137254901 0.8681273333333334 1.0
0.909342862745098 0.9667048039215687 0.8642826666666666 1.0
0.9065747058823529 0.9656282941176471 0.860438 1.0
0.9038065490196078 0.9645517843137255 0.8565933333333333 1.0
0.9010383921568628 0.9634752745098039 0.8527486666666667 1.0
0.8982702352941176 0.9623987647058824 0.848904 1.0
0.8955020784313725 0.9613222549019608 0.8450593333333334 1.0
0.8921956470588235 0.9600150784313726 0.8413684509803921 1.0
0.8883509411764705 0.9584772352941177 0.8378313529411765 1.0
0.8845062352941176 0.9569393921568627 0.8342942549019609 1.0
0.8806615294117647 0.9554015490196078 0.8307571568627451 1.0
0.8768168235294117 0.9538637058823529 0.8272200588235294 1.0
0.8729721176470588 0.952325862745098 0.8236829607843137 1.0
0.8691274117647059 0.9507880196078431 0.820145862745098 1.0
0.8652827058823529 0.9492501764705882 0.8166087647058824 1.0
0.8614379999999999 0.9477123333333333 0.8130716666666666 1.0
0.8575932941176471 0.9461744901960784 0.809534568627451 1.0
0.8537485882352941 0.9446366470588236 0.8059974705882353 1.0
0.8499038823529411 0.9430988039215686 0.8024603725490196 1.0
0.8460591764705881 0.9415609607843137 0.7989232745098039 1.0
0.8422144705882353 0.9400231176470588 0.7953861764705882 1.0
0.8383697647058823 0.9384852745098039 0.7918490784313725 1.0
0.8345250588235293 0.936947431372549 0.7883119803921569 1.0
0.8306803529411764 0.9354095882352941 0.7847748823529411 1.0
0.8268356470588235 0.9338717450980392 0.7812377843137255 1.0
0.8229909411764705 0.9323339019607843 0.7777006862745098 1.0
0.8191462352941177 0.9307960588235293 0.7741635882352942 1.0
0.8153015294117647 0.9292582156862745 0.7706264901960784 1.0
0.8114568235294117 0.9277203725490196 0.7670893921568627 1.0
0.8076121176470588 0.9261825294117647 0.763552294117647 1.0
0.8037674117647059 0.9246446862745098 0.7600151960784314 1.0
0.7999227058823529 0.9231068431372549 0.7564780980392156 1.0
0.796078 0.921569 0.752941 1.0
0.7942325882352941 0.9203386862745098 0.751710725490196 1.0
0.7923871764705882 0.9191083725490196 0.7504804509803922 1.0
0.7905417647058823 0.9178780588235294 0.7492501764705882 1.0
0.7886963529411765 0.9166477450980391 0.7480199019607843 1.0
0.7868509411764706 0.9154174313725489 0.7467896274509803 1.0
0.7850055294117647 0.9141871176470588 0.7455593529411765 1.0
0.7831601176470588 0.9129568039215686 0.7443290784313725 1.0
0.781314705882353 0.9117264901960784 0.7430988039215686 1.0
0.779469294117647 0.9104961764705882 0.7418685294117647 1.0
0.7776238823529412 0.909265862745098 0.7406382549019608 1.0
0.7757784705882352 0.9080355490196078 0.7394079803921568 1.0
0.7739330588235294 0.9068052352941176 0.738177705882353 1.0
0.7720876470588235 0.9055749215686274 0.736947431372549 1.0
0.7702422352941176 0.9043446078431372 0.7357171568627451 1.0
0.7683968235294117 0.9031142941176471 0.7344868823529412 1.0
0.7665514117647059 0.9018839803921569 0.7332566078431373 1.0
0.764706 0.9006536666666667 0.7320263333333333 1.0
0.7628605882352941 0.8994233529411765 0.7307960588235294 1.0
0.7610151764705883 0.8981930392156863 0.7295657843137255 1.0
0.7591697647058824 0.8969627254901961 0.7283355098039216 1.0
0.7573243529411765 0.8957324117647059 0.7271052352941176 1.0
0.7554789411764706 0.8945020980392157 0.7258749607843137 1.0
0.7536335294117648 0.8932717843137254 0.7246446862745098 1.0
0.7517881176470589 0.8920414705882352 0.7234144117647059 1.0
0.749942705882353 0.890811156862745 0.7221841372549019 1.0
0.7479434901960784 0.8894270588235293 0.7207231568627451 1.0
0.7457904705882353 0.8878891764705882 0.7190314705882354 1.0
0.7436374509803921 0.886351294117647 0.7173397843137255 1.0
0.741484431372549 0.8848134117647058 0.7156480980392157 1.0
0.7393314117647058 0.8832755294117647 0.7139564117647059 1.0
0.7371783921568628 0.8817376470588235 0.7122647254901961 1.0
0.7350253725490197 0.8801997647058823 0.7105730392156863 1.0
0.7328723529411765 0.8786618823529412 0.7088813529411765 1.0
0.7307193333333334 0.877124 0.7071896666666667 1.0
0.7285663137254902 0.8755861176470588 0.7054979803921568 1.0
0.7264132941176471 0.8740482352941176 0.7038062941176471 1.0
0.7242602745098039 0.8725103529411764 0.7021146078431373 1.0
0.7221072549019608 0.8709724705882352 0.7004229215686275 1.0
0.7199542352941177 0.8694345882352941 0.6987312352941177 1.0
0.7178012156862745 0.8678967058823529 0.6970395490196079 1.0
0.7156481960784314 0.8663588235294117 0.6953478627450981 1.0
0.7134951764705882 0.8648209411764706 0.6936561764705882 1.0
0.7113421568627452 0.8632830588235294 0.6919644901960784 1.0
0.709189137254902 0.8617451764705882 0.6902728039215686 1.0
0.7070361176470589 0.8602072941176471 0.6885811176470589 1.0
0.7048830980392157 0.8586694117647058 0.686889431372549 1.0
0.7027300784313726 0.8571315294117647 0.6851977450980392 1.0
0.7005770588235294 0.8555936470588235 0.6835060588235294 1.0
0.6984240392156863 0.8540557647058823 0.6818143725490197 1.0
0.6962710196078431 0.8525178823529411 0.6801226862745098 1.0
0.694118 0.85098 0.678431 1.0
0.6922725490196079 0.849749725490196 0.677200725490196 1.0
0.6904270980392156 0.8485194509803922 0.6759704509803922 1.0
0.6885816470588235 0.8472891764705882 0.6747401764705883 1.0
0.6867361960784314 0.8460589019607843 0.6735099019607843 1.0
0.6848907450980393 0.8448286274509803 0.6722796274509804 1.0
0.683045294117647 0.8435983529411765 0.6710493529411765 1.0
0.6811998431372549 0.8423680784313725 0.6698190784313726 1.0
0.6793543921568628 0.8411378039215686 0.6685888039215686 1.0
0.6775089411764706 0.8399075294117647 0.6673585294117648 1.0
0.6756634901960784 0.8386772549019608 0.6661282549019608 1.0
0.6738180392156863 0.8374469803921568 0.6648979803921569 1.0
0.6719725882352942 0.836216705882353 0.663667705882353 1.0
0.670127137254902 0.834986431372549 0.6624374313725491 1.0
0.6682816862745098 0.8337561568627451 0.6612071568627451 1.0
0.6664362352941177 0.8325258823529411 0.6599768823529412 1.0
0.6645907843137255 0.8312956078431373 0.6587466078431373 1.0
0.6627453333333334 0.8300653333333333 0.6575163333333334 1.0
0.6608998823529412 0.8288350588235294 0.6562860588235294 1.0
0.659054431372549 0.8276047843137255 0.6550557843137256 1.0
0.6572089803921569 0.8263745098039216 0.6538255098039216 1.0
0.6553635294117648 0.8251442352941176 0.6525952352941177 1.0
0.6535180784313726 0.8239139607843137 0.6513649607843137 1.0
0.6516726274509804 0.8226836862745098 0.6501346862745099 1.0
0.6498271764705883 0.8214534117647059 0.6489044117647059 1.0
0.6479817254901962 0.8202231372549019 0.647674137254902 1.0
0.6462900588235294 0.8188390588235294 0.6465976274509805 1.0
0.6447521764705882 0.8173011764705882 0.6456748823529412 1.0
0.6432142941176471 0.815763294117647 0.644752137254902 1.0
0.6416764117647059 0.8142254117647059 0.6438293921568627 1.0
0.6401385294117647 0.8126875294117647 0.6429066470588236 1.0
0.6386006470588236 0.8111496470588235 0.6419839019607844 1.0
0.6370627647058824 0.8096117647058824 0.6410611568627451 1.0
0.6355248823529412 0.8080738823529412 0.6401384117647059 1.0
0.6339870000000001 0.806536 0.6392156666666667 1.0
0.6324491176470589 0.8049981176470589 0.6382929215686275 1.0
0.6309112352941176 0.8034602352941176 0.6373701764705882 1.0
0.6293733529411765 0.8019223529411764 0.636447431372549 1.0
0.6278354705882353 0.8003844705882353 0.6355246862745099 1.0
0.6262975882352941 0.7988465882352941 0.6346019411764706 1.0
0.624759705882353 0.7973087058823529 0.6336791960784314 1.0
0.6232218235294118 0.7957708235294118 0.6327564509803921 1.0
0.6216839411764706 0.7942329411764706 0.631833705882353 1.0
0.6201460588235295 0.7926950588235294 0.6309109607843137 1.0
0.6186081764705883 0.7911571764705883 0.6299882156862745 1.0
0.6170702941176471 0.7896192941176471 0.6290654705882353 1.0
0.615532411764706 0.7880814117647059 0.6281427254901961 1.0
0.6139945294117647 0.7865435294117646 0.6272199803921569 1.0
0.6124566470588235 0.7850056470588235 0.6262972352941176 1.0
0.6109187647058824 0.7834677647058823 0.6253744901960785 1.0
0.6093808823529412 0.7819298823529411 0.6244517450980392 1.0
0.607843 0.780392 0.623529 1.0
0.6059975490196079 0.7788541176470588 0.622298725490196 1.0
0.6041520980392157 0.7773162352941176 0.6210684509803922 1.0
0.6023066470588235 0.7757783529411765 0.6198381764705883 1.0
0.6004611960784314 0.7742404705882353 0.6186079019607843 1.0
0.5986157450980393 0.7727025882352941 0.6173776274509803 1.0
0.596770294117647 0.7711647058823529 0.6161473529411765 1.0
0.5949248431372549 0.7696268235294117 0.6149170784313726 1.0
0.5930793921568628 0.7680889411764705 0.6136868039215686 1.0
0.5912339411764705 0.7665510588235294 0.6124565294117648 1.0
0.5893884901960784 0.7650131764705882 0.6112262549019608 1.0
0.5875430392156863 0.763475294117647 0.609995980392157 1.0
0.585697588235294 0.7619374117647059 0.608765705882353 1.0
0.5838521372549019 0.7603995294117647 0.6075354313725491 1.0
0.5820066862745098 0.7588616470588235 0.6063051568627451 1.0
0.5801612352941177 0.7573237647058824 0.6050748823529412 1.0
0.5783157843137254 0.7557858823529411 0.6038446078431373 1.0
0.5764703333333333 0.7542479999999999 0.6026143333333334 1.0
0.5746248823529412 0.7527101176470588 0.6013840588235294 1.0
0.5727794313725489 0.7511722352941176 0.6001537843137256 1.0
0.5709339803921568 0.7496343529411764 0.5989235098039216 1.0
0.5690885294117647 0.7480964705882353 0.5976932352941177 1.0
0.5672430784313724 0.7465585882352941 0.5964629607843137 1.0
0.5653976274509803 0.7450207058823529 0.5952326862745099 1.0
0.5635521764705882 0.7434828235294118 0.5940024117647059 1.0
0.5617067254901961 0.7419449411764706 0.592772137254902 1.0
0.5599381764705882 0.7404070784313725 0.5916187450980392 1.0
0.5582465294117647 0.7388692352941176 0.5905422352941178 1.0
0.5565548823529411 0.7373313921568627 0.5894657254901962 1.0
0.5548632352941176 0.7357935490196078 0.5883892156862746 1.0
0.5531715882352941 0.7342557058823529 0.587312705882353 1.0
0.5514799411764706 0.732717862745098 0.5862361960784315 1.0
0.5497882941176471 0.7311800196078431 0.5851596862745099 1.0
0.5480966470588234 0.7296421764705882 0.5840831764705883 1.0
0.5464049999999999 0.7281043333333332 0.5830066666666667 1.0
0.5447133529411764 0.7265664901960783 0.5819301568627452 1.0
0.5430217058823529 0.7250286470588235 0.5808536470588236 1.0
0.5413300588235294 0.7234908039215686 0.579777137254902 1.0
0.5396384117647058 0.7219529607843137 0.5787006274509804 1.0
0.5379467647058823 0.7204151176470588 0.5776241176470589 1.0
0.5362551176470588 0.7188772745098039 0.5765476078431373 1.0
0.5345634705882353 0.717339431372549 0.5754710980392157 1.0
0.5328718235294118 0.715801588235294 0.5743945882352942 1.0
0.5311801764705882 0.7142637450980392 0.5733180784313726 1.0
0.5294885294117647 0.7127259019607842 0.572241568627451 1.0
0.5277968823529411 0.7111880588235293 0.5711650588235294 1.0
0.5261052352941176 0.7096502156862745 0.5700885490196079 1.0
0.524413588235294 0.7081123725490196 0.5690120392156863 1.0
0.5227219411764705 0.7065745294117647 0.5679355294117647 1.0
0.521030294117647 0.7050366862745098 0.5668590196078431 1.0
0.5193386470588235 0.7034988431372549 0.5657825098039216 1.0
0.517647 0.701961 0.564706 1.0
0.5156477843137255 0.7002693529411764 0.5634756862745098 1.0
0.5136485686274509 0.6985777058823529 0.5622453725490196 1.0
0.5116493529411764 0.6968860588235294 0.5610150588235294 1.0
0.5096501372549019 0.6951944117647059 0.5597847450980392 1.0
0.5076509215686275 0.6935027647058823 0.558554431372549 1.0
0.5056517058823529 0.6918111176470588 0.5573241176470588 1.0
0.5036524901960784 0.6901194705882352 0.5560938039215686 1.0
0.5016532745098039 0.6884278235294118 0.5548634901960785 1.0
0.49965405882352937 0.6867361764705882 0.5536331764705883 1.0
0.4976548431372549 0.6850445294117646 0.5524028627450981 1.0
0.49565562745098035 0.6833528823529411 0.5511725490196079 1.0
0.49365641176470587 0.6816612352941176 0.5499422352941177 1.0
0.49165719607843134 0.6799695882352941 0.5487119215686275 1.0
0.48965798039215686 0.6782779411764706 0.5474816078431373 1.0
0.4876587647058823 0.676586294117647 0.5462512941176471 1.0
0.48565954901960784 0.6748946470588235 0.5450209803921569 1.0
0.4836603333333333 0.673203 0.5437906666666666 1.0
0.4816611176470588 0.6715113529411765 0.5425603529411764 1.0
0.4796619019607843 0.669819705882353 0.5413300392156862 1.0
0.4776626862745098 0.6681280588235293 0.540099725490196 1.0
0.47566347058823527 0.6664364117647058 0.5388694117647058 1.0
0.4736642549019608 0.6647447647058823 0.5376390980392156 1.0
0.47166503921568625 0.6630531176470588 0.5364087843137254 1.0
0.46966582352941183 0.6613614705882354 0.5351784705882353 1.0
0.46766660784313724 0.6596698235294117 0.533948156862745 1.0
0.4655135882352941 0.6574399019607843 0.5323333921568627 1.0
0.46320676470588235 0.6546717058823529 0.5303341764705882 1.0
0.4608999411764706 0.6519035098039215 0.5283349607843136 1.0
0.45859311764705885 0.6491353137254902 0.5263357450980392 1.0
0.45628629411764704 0.6463671176470588 0.5243365294117647 1.0
0.4539794705882353 0.6435989215686274 0.5223373137254902 1.0
0.45167264705882354 0.640830725490196 0.5203380980392156 1.0
0.4493658235294118 0.6380625294117647 0.5183388823529411 1.0
0.447059 0.6352943333333333 0.5163396666666666 1.0
0.44475217647058823 0.6325261372549019 0.5143404509803922 1.0
0.4424453529411765 0.6297579411764705 0.5123412352941176 1.0
0.44013852941176473 0.6269897450980392 0.5103420196078431 1.0
0.43783170588235293 0.6242215490196078 0.5083428039215686 1.0
0.4355248823529412 0.6214533529411764 0.5063435882352941 1.0
0.4332180588235295 0.6186851568627452 0.5043443725490196 1.0
0.4309112352941177 0.6159169607843137 0.5023451568627451 1.0
0.4286044117647059 0.6131487647058823 0.5003459411764706 1.0
0.4262975882352941 0.6103805686274509 0.49834672549019604 1.0
0.4239907647058824 0.6076123725490196 0.49634750980392156 1.0
0.4216839411764706 0.6048441764705882 0.494348294117647 1.0
0.4193771176470588 0.6020759803921568 0.49234907843137254 1.0
0.41707029411764707 0.5993077843137254 0.490349862745098 1.0
0.4147634705882353 0.5965395882352941 0.4883506470588235 1.0
0.41245664705882357 0.5937713921568627 0.486351431372549 1.0
0.41014982352941176 0.5910031960784313 0.4843522156862745 1.0
0.407843 0.588235 0.482353 1.0
