0.929412 0.980392 0.945098 1.0
0.9055749411764706 0.9742406274509804 0.9274125098039215 1.0
0.8817378823529411 0.9680892549019608 0.9097270196078432 1.0
0.8579008235294118 0.9619378823529412 0.8920415294117647 1.0
0.8340637647058824 0.9557865098039215 0.8743560392156863 1.0
0.8102267058823529 0.9496351372549019 0.8566705490196079 1.0
0.7949248823529411 0.9457904705882353 0.8493656470588236 1.0
0.7805714183006536 0.9422021045751634 0.8432141437908497 1.0
0.766217954248366 0.9386137385620915 0.8370626405228758 1.0
0.7518644901960784 0.9350253725490196 0.830911137254902 1.0
0.7375110261437908 0.9314370065359476 0.8247596339869281 1.0
0.7231575620915032 0.9278486405228757 0.8186081307189542 1.0
0.7088040980392156 0.9242602745098039 0.8124566274509804 1.0
0.6961166666666666 0.9207231568627451 0.8067664901960784 1.0
0.6884273333333333 0.9173397843137254 0.8024604509803921 1.0
0.680738 0.9139564117647059 0.7981544117647058 1.0
0.6730486666666666 0.9105730392156862 0.7938483725490196 1.0
0.6653593333333333 0.9071896666666667 0.7895423333333333 1.0
0.65767 0.903806294117647 0.7852362941176471 1.0
0.6499806666666667 0.9004229215686275 0.7809302549019608 1.0
0.6422913333333333 0.8970395490196078 0.7766242156862745 1.0
0.634602 0.8936561764705881 0.7723181764705882 1.0
0.6269126666666667 0.8902728039215686 0.7680121372549019 1.0
0.6192233333333333 0.8868894313725489 0.7637060980392156 1.0
0.611534 0.8835060588235294 0.7594000588235293 1.0
0.6038446666666666 0.8801226862745097 0.7550940196078431 1.0
0.5955401960784313 0.876893156862745 0.7494039019607843 1.0
0.5866205882352941 0.8738174705882352 0.7423297058823529 1.0
0.5777009803921569 0.8707417843137254 0.7352555098039215 1.0
0.5687813725490196 0.8676660980392157 0.7281813137254902 1.0
0.5598617647058823 0.8645904117647059 0.7211071176470588 1.0
0.5509421568627451 0.861514725490196 0.7140329215686274 1.0
0.5420225490196079 0.8584390392156862 0.7069587254901961 1.0
0.5331029411764706 0.8553633529411765 0.6998845294117647 1.0
0.5241833333333333 0.8522876666666667 0.6928103333333333 1.0
0.5152637254901961 0.8492119803921568 0.685736137254902 1.0
0.5063441176470589 0.846136294117647 0.6786619411764706 1.0
0.4974245098039216 0.8430606078431372 0.6715877450980393 1.0
0.48850490196078433 0.8399849215686274 0.6645135490196079 1.0
0.4818920588235294 0.8357557647058823 0.6569780000000001 1.0
0.47604813725490197 0.8311421176470588 0.6492886666666667 1.0
0.4702042156862746 0.8265284705882353 0.6415993333333334 1.0
0.46436029411764707 0.8219148235294117 0.6339100000000001 1.0
0.4585163725490196 0.8173011764705882 0.6262206666666666 1.0
0.45267245098039216 0.8126875294117647 0.6185313333333333 1.0
0.44682852941176476 0.8080738823529412 0.6108420000000001 1.0
0.44098460784313726 0.8034602352941176 0.6031526666666667 1.0
0.4351406862745098 0.7988465882352941 0.5954633333333333 1.0
0.42929676470588235 0.7942329411764706 0.587774 1.0
0.42345284313725495 0.7896192941176471 0.5800846666666668 1.0
0.41760892156862744 0.7850056470588235 0.5723953333333334 1.0
0.411765 0.780392 0.564706 1.0
0.4083816274509804 0.7773162352941176 0.5582469411764707 1.0
0.4049982549019608 0.7742404705882353 0.5517878823529413 1.0
0.4016148823529412 0.7711647058823529 0.5453288235294118 1.0
0.3982315098039216 0.7680889411764705 0.5388697647058823 1.0
0.394848137254902 0.7650131764705882 0.532410705882353 1.0
0.3914647647058824 0.7619374117647059 0.5259516470588236 1.0
0.3880813921568627 0.7588616470588235 0.5194925882352941 1.0
0.3846980196078431 0.7557858823529411 0.5130335294117647 1.0
0.3813146470588235 0.7527101176470588 0.5065744705882352 1.0
0.3779312745098039 0.7496343529411764 0.500115411764706 1.0
0.3745479019607843 0.7465585882352941 0.49365635294117644 1.0
0.3711645294117647 0.7434828235294118 0.487197294117647 1.0
0.3678580784313725 0.7401763921568627 0.48058445098039215 1.0
0.3647823921568627 0.7361779607843136 0.47351025490196075 1.0
0.361706705882353 0.7321795294117647 0.4664360588235295 1.0
0.3586310196078431 0.7281810980392156 0.459361862745098 1.0
0.35555533333333333 0.7241826666666666 0.45228766666666664 1.0
0.3524796470588235 0.7201842352941177 0.4452134705882353 1.0
0.3494039607843137 0.7161858039215686 0.4381392745098039 1.0
0.3463282745098039 0.7121873725490196 0.43106507843137254 1.0
0.3432525882352941 0.7081889411764706 0.42399088235294113 1.0
0.3401769019607843 0.7041905098039216 0.4169166862745098 1.0
0.33710121568627455 0.7001920784313727 0.4098424901960785 1.0
0.33402552941176467 0.6961936470588236 0.40276829411764703 1.0
0.3309498431372549 0.6921952156862745 0.3956940980392157 1.0
0.32879682352941175 0.6889657254901961 0.3886199019607843 1.0
0.3275664705882353 0.6865051764705883 0.3815457058823529 1.0
0.32633611764705883 0.6840446274509804 0.3744715098039215 1.0
0.3251057647058823 0.6815840784313726 0.36739731372549017 1.0
0.32387541176470586 0.6791235294117647 0.3603231176470588 1.0
0.3226450588235294 0.6766629803921569 0.3532489215686275 1.0
0.32141470588235294 0.674202431372549 0.34617472549019607 1.0
0.3201843529411765 0.6717418823529412 0.33910052941176466 1.0
0.31895399999999996 0.6692813333333333 0.3320263333333333 1.0
0.3177236470588235 0.6668207843137255 0.3249521372549019 1.0
0.31649329411764704 0.6643602352941176 0.31787794117647056 1.0
0.3152629411764706 0.6618996862745098 0.3108037450980392 1.0
0.3140325882352941 0.6594391372549019 0.3037295490196078 1.0
0.313725 0.6572092352941177 0.2996541764705883 1.0
0.313725 0.6550562156862745 0.29657841176470584 1.0
0.313725 0.6529031960784314 0.2935026470588235 1.0
0.313725 0.6507501764705882 0.2904268823529412 1.0
0.313725 0.6485971568627451 0.2873511176470588 1.0
0.313725 0.6464441372549019 0.28427535294117645 1.0
0.313725 0.6442911176470588 0.2811995882352941 1.0
0.313725 0.6421380980392156 0.2781238235294118 1.0
0.313725 0.6399850784313725 0.27504805882352945 1.0
0.313725 0.6378320588235293 0.27197229411764706 1.0
0.313725 0.6356790392156862 0.26889652941176473 1.0
0.313725 0.633526019607843 0.26582076470588234 1.0
0.313725 0.631373 0.262745 1.0
0.30972656862745096 0.6273744901960784 0.25751621568627453 1.0
0.30572813725490194 0.6233759803921568 0.25228743137254905 1.0
0.3017297058823529 0.6193774705882352 0.24705864705882352 1.0
0.29773127450980397 0.6153789607843138 0.24182986274509813 1.0
0.2937328431372549 0.6113804509803922 0.23660107843137257 1.0
0.2897344117647059 0.6073819411764706 0.23137229411764706 1.0
0.28573598039215686 0.603383431372549 0.22614350980392156 1.0
0.28173754901960785 0.5993849215686274 0.22091472549019608 1.0
0.27773911764705883 0.5953864117647059 0.21568594117647058 1.0
0.2737406862745098 0.5913879019607843 0.2104571568627451 1.0
0.2697422549019608 0.5873893921568627 0.2052283725490196 1.0
0.26574382352941184 0.5833908823529412 0.19999958823529418 1.0
0.26174539215686277 0.5797768627450981 0.19546286274509805 1.0
0.25774696078431375 0.5773163137254902 0.1930023137254902 1.0
0.25374852941176473 0.5748557647058824 0.19054176470588235 1.0
0.2497500980392157 0.5723952156862745 0.1880812156862745 1.0
0.24575166666666667 0.5699346666666667 0.18562066666666666 1.0
0.24175323529411766 0.5674741176470588 0.18316011764705883 1.0
0.23775480392156864 0.565013568627451 0.18069956862745098 1.0
0.23375637254901968 0.5625530196078432 0.17823901960784316 1.0
0.22975794117647058 0.5600924705882353 0.17577847058823529 1.0
0.22575950980392157 0.5576319215686274 0.17331792156862744 1.0
0.22176107843137255 0.5551713725490196 0.17085737254901961 1.0
0.21776264705882353 0.5527108235294117 0.16839682352941177 1.0
0.21376421568627452 0.5502502745098039 0.16593627450980392 1.0
0.20961198039215687 0.5479434901960784 0.1639370588235294 1.0
0.2053059411764706 0.5457904705882353 0.16239917647058824 1.0
0.20099990196078432 0.5436374509803921 0.16086129411764705 1.0
0.19669386274509804 0.541484431372549 0.15932341176470588 1.0
0.1923878235294119 0.5393314117647059 0.15778552941176474 1.0
0.1880817843137255 0.5371783921568627 0.15624764705882352 1.0
0.18377574509803923 0.5350253725490196 0.15470976470588235 1.0
0.17946970588235295 0.5328723529411764 0.15317188235294119 1.0
0.17516366666666666 0.5307193333333333 0.151634 1.0
0.1708576274509804 0.5285663137254901 0.15009611764705882 1.0
0.16655158823529412 0.526413294117647 0.14855823529411766 1.0
0.16224554901960786 0.5242602745098038 0.14702035294117646 1.0
0.15793950980392157 0.5221072549019607 0.1454824705882353 1.0
0.15524823529411766 0.5204155882352941 0.1464820588235294 1.0
0.15309521568627452 0.5188777058823529 0.1483274705882353 1.0
0.15094219607843137 0.5173398235294118 0.15017288235294118 1.0
0.14878917647058823 0.5158019411764706 0.15201829411764706 1.0
0.1466361568627451 0.5142640588235293 0.15386370588235293 1.0
0.14448313725490197 0.5127261764705882 0.15570911764705883 1.0
0.14233011764705883 0.511188294117647 0.1575545294117647 1.0
0.14017709803921574 0.5096504117647059 0.15939994117647055 1.0
0.13802407843137254 0.5081125294117647 0.16124535294117648 1.0
0.1358710588235294 0.5065746470588235 0.16309076470588235 1.0
0.13371803921568629 0.5050367647058823 0.16493617647058822 1.0
0.13156501960784314 0.5034988823529412 0.16678158823529413 1.0
0.129412 0.501961 0.168627 1.0
0.12848925490196078 0.4995003725490196 0.17016488235294117 1.0
0.12756650980392156 0.4970397450980392 0.17170276470588236 1.0
0.12664376470588234 0.4945791176470588 0.17324064705882353 1.0
0.12572101960784313 0.49211849019607845 0.17477852941176472 1.0
0.12479827450980392 0.48965786274509804 0.1763164117647059 1.0
0.1238755294117647 0.4871972352941176 0.17785429411764705 1.0
0.12295278431372549 0.48473660784313727 0.17939217647058825 1.0
0.12203003921568628 0.48227598039215686 0.18093005882352942 1.0
0.12110729411764706 0.4798153529411765 0.1824679411764706 1.0
0.12018454901960784 0.4773547254901961 0.18400582352941178 1.0
0.11926180392156865 0.4748940980392158 0.18554370588235292 1.0
0.11833905882352941 0.4724334705882353 0.18708158823529414 1.0
0.11733943137254903 0.46981907843137255 0.18831190196078432 1.0
0.1161091568627451 0.4667433921568627 0.1886195098039216 1.0
0.11487888235294118 0.46366770588235295 0.18892711764705883 1.0
0.11364860784313725 0.46059201960784313 0.1892347254901961 1.0
0.11241833333333333 0.45751633333333336 0.18954233333333334 1.0
0.11118805882352942 0.45444064705882353 0.18984994117647058 1.0
0.10995778431372549 0.4513649607843137 0.19015754901960785 1.0
0.10872750980392157 0.44828927450980394 0.1904651568627451 1.0
0.10749723529411764 0.4452135882352941 0.19077276470588236 1.0
0.10626696078431372 0.44213790196078434 0.1910803725490196 1.0
0.1050366862745098 0.4390622156862745 0.19138798039215685 1.0
0.10380641176470588 0.4359865294117647 0.19169558823529412 1.0
0.10257613725490196 0.4329108431372549 0.19200319607843136 1.0
0.10119205882352941 0.4293737450980392 0.192157 1.0
0.09965417647058827 0.42537523529411775 0.192157 1.0
0.09811629411764705 0.4213767254901961 0.192157 1.0
0.09657841176470588 0.41737821568627453 0.192157 1.0
0.0950405294117647 0.41337970588235295 0.192157 1.0
0.09350264705882352 0.4093811960784314 0.192157 1.0
0.09196476470588236 0.4053826862745098 0.192157 1.0
0.09042688235294118 0.4013841764705882 0.192157 1.0
0.088889 0.3973856666666667 0.192157 1.0
0.08735111764705882 0.3933871568627451 0.192157 1.0
0.08581323529411765 0.38938864705882353 0.192157 1.0
0.08427535294117647 0.38539013725490195 0.192157 1.0
0.08273747058823529 0.38139162745098043 0.192157 1.0
0.08166094117647059 0.37808517647058826 0.19377176470588234 1.0
0.08073819607843137 0.37500941176470587 0.19592478431372548 1.0
0.07981545098039215 0.37193364705882354 0.19807780392156862 1.0
0.07889270588235293 0.3688578823529412 0.20023082352941177 1.0
0.07796996078431374 0.3657821176470589 0.20238384313725483 1.0
0.07704721568627451 0.3627063529411765 0.20453686274509802 1.0
0.0761244705882353 0.3596305882352941 0.20668988235294117 1.0
0.07520172549019608 0.35655482352941176 0.2088429019607843 1.0
0.07427898039215686 0.3534790588235294 0.21099592156862745 1.0
0.07335623529411764 0.35040329411764704 0.2131489411764706 1.0
0.07243349019607843 0.3473275294117647 0.2153019607843137 1.0
0.07151074509803922 0.3442517647058823 0.21745498039215685 1.0
0.070588 0.341176 0.219608 1.0
0.06966533333333333 0.33810031372549015 0.22268376470588236 1.0
0.06874266666666666 0.3350246274509804 0.2257595294117647 1.0
0.06782 0.33194894117647056 0.22883529411764705 1.0
0.06689733333333334 0.3288732549019608 0.23191105882352941 1.0
0.06597466666666667 0.32579756862745096 0.23498682352941175 1.0
0.065052 0.32272188235294114 0.2380625882352941 1.0
0.06412933333333333 0.31964619607843137 0.24113835294117647 1.0
0.06320666666666669 0.31657050980392165 0.24421411764705875 1.0
0.062284 0.3134948235294117 0.24728988235294116 1.0
0.06136133333333334 0.31041913725490194 0.2503656470588235 1.0
0.06043866666666667 0.3073434509803921 0.25344141176470586 1.0
0.059516 0.30426776470588235 0.25651717647058825 1.0
0.0585933137254902 0.3013458431372549 0.25905466666666666 1.0
0.05767056862745098 0.29888521568627446 0.25997733333333334 1.0
0.05674782352941177 0.2964245882352941 0.2609 1.0
0.05582507843137255 0.2939639607843137 0.26182266666666665 1.0
0.05490233333333333 0.29150333333333334 0.26274533333333333 1.0
0.05397958823529412 0.2890427058823529 0.263668 1.0
0.0530568431372549 0.2865820784313725 0.26459066666666664 1.0
0.05213409803921568 0.28412145098039215 0.2655133333333333 1.0
0.05121135294117647 0.28166082352941174 0.266436 1.0
0.050288607843137254 0.2792001960784314 0.2673586666666667 1.0
0.049365862745098035 0.27673956862745097 0.2682813333333333 1.0
0.048443117647058845 0.27427894117647067 0.26920399999999994 1.0
0.047520372549019606 0.2718183137254902 0.2701266666666667 1.0
0.046751431372549015 0.2687425490196078 0.2693577254901961 1.0
0.04613629411764705 0.2650516470588235 0.26689717647058825 1.0
0.0455211568627451 0.2613607450980392 0.2644366274509804 1.0
0.044906019607843135 0.2576698431372549 0.26197607843137255 1.0
0.04429088235294117 0.2539789411764706 0.2595155294117647 1.0
0.04367574509803922 0.25028803921568626 0.25705498039215685 1.0
0.043060607843137255 0.24659713725490195 0.254594431372549 1.0
0.04244547058823529 0.24290623529411765 0.2521338823529412 1.0
0.04183033333333333 0.23921533333333334 0.24967333333333333 1.0
0.041215196078431375 0.23552443137254903 0.2472127843137255 1.0
0.04060005882352941 0.23183352941176472 0.24475223529411766 1.0
0.03998492156862745 0.2281426274509804 0.2422916862745098 1.0
0.039369784313725495 0.2244517254901961 0.23983113725490196 1.0
0.038831490196078434 0.21853096078431372 0.23537129411764707 1.0
0.03831881045751635 0.21186690849673223 0.2302450196078433 1.0
0.03780613071895425 0.20520285620915035 0.22511874509803925 1.0
0.037293450980392155 0.19853880392156864 0.21999247058823532 1.0
0.03678077124183007 0.19187475163398696 0.2148661960784314 1.0
0.03626809150326798 0.18521069934640527 0.20973992156862747 1.0
0.03575541176470588 0.17854664705882356 0.20461364705882357 1.0
0.03521711764705883 0.17162627450980397 0.1990003921568628 1.0
0.03444829411764706 0.16239901960784317 0.18900431372549026 1.0
0.0336794705882353 0.1531717647058824 0.1790082352941177 1.0
0.03291064705882353 0.1439445098039216 0.16901215686274512 1.0
0.032141823529411764 0.1347172549019608 0.15901607843137258 1.0
0.031373 0.12549 0.14902 1.0
