0.854902 0.901961 0.811765 1.0
0.8505959607843138 0.8987314705882353 0.8062286470588235 1.0
0.8462899215686275 0.8955019411764706 0.800692294117647 1.0
0.8419838823529412 0.8922724117647058 0.7951559411764706 1.0
0.8376778431372549 0.8890428823529412 0.7896195882352941 1.0
0.8333718039215686 0.8858133529411765 0.7840832352941176 1.0
0.8290657647058824 0.8825838235294118 0.7785468823529411 1.0
0.8247597254901962 0.8793542941176471 0.7730105294117646 1.0
0.8204536862745099 0.8761247647058823 0.7674741764705881 1.0
0.8161476470588236 0.8728952352941176 0.7619378235294118 1.0
0.8118416078431373 0.8696657058823529 0.7564014705882353 1.0
0.807535568627451 0.8664361764705882 0.7508651176470588 1.0
0.8032295294117647 0.8632066470588236 0.7453287647058823 1.0
0.7989234901960784 0.8599771176470589 0.7397924117647058 1.0
0.7946174509803922 0.8567475882352941 0.7342560588235294 1.0
0.7903114117647059 0.8535180588235294 0.7287197058823529 1.0
0.7860053725490196 0.8502885294117647 0.7231833529411764 1.0
0.7816993333333333 0.847059 0.7176469999999999 1.0
0.7773932941176471 0.8438294705882353 0.7121106470588234 1.0
0.7730872549019608 0.8405999411764706 0.7065742941176469 1.0
0.7687812156862746 0.8373704117647058 0.7010379411764706 1.0
0.7644751764705883 0.8341408823529411 0.6955015882352941 1.0
0.760169137254902 0.8309113529411765 0.6899652352941176 1.0
0.7558630980392157 0.8276818235294118 0.6844288823529411 1.0
0.7515570588235294 0.8244522941176471 0.6788925294117647 1.0
0.7472510196078431 0.8212227647058823 0.6733561764705882 1.0
0.7430987647058823 0.8180701176470588 0.6682043137254902 1.0
0.7391002941176471 0.8149943529411764 0.6634369411764706 1.0
0.7351018235294118 0.8119185882352941 0.6586695686274509 1.0
0.7311033529411765 0.8088428235294117 0.6539021960784313 1.0
0.7271048823529411 0.8057670588235294 0.6491348235294117 1.0
0.7231064117647059 0.8026912941176471 0.644367450980392 1.0
0.7191079411764706 0.7996155294117646 0.6396000784313725 1.0
0.7151094705882353 0.7965397647058823 0.6348327058823529 1.0
0.7111109999999999 0.793464 0.6300653333333333 1.0
0.7071125294117647 0.7903882352941176 0.6252979607843137 1.0
0.7031140588235294 0.7873124705882353 0.6205305882352941 1.0
0.6991155882352941 0.784236705882353 0.6157632156862745 1.0
0.6951171176470587 0.7811609411764705 0.6109958431372549 1.0
0.6911186470588235 0.7780851764705882 0.6062284705882353 1.0
0.6871201764705882 0.7750094117647058 0.6014610980392155 1.0
0.6831217058823529 0.7719336470588235 0.5966937254901961 1.0
0.6791232352941176 0.7688578823529411 0.5919263529411763 1.0
0.6751247647058822 0.7657821176470587 0.5871589803921567 1.0
0.671126294117647 0.7627063529411764 0.5823916078431371 1.0
0.6671278235294117 0.7596305882352941 0.5776242352941175 1.0
0.6631293529411764 0.7565548235294117 0.572856862745098 1.0
0.6591308823529411 0.7534790588235293 0.5680894901960784 1.0
0.6551324117647058 0.750403294117647 0.5633221176470588 1.0
0.6511339411764705 0.7473275294117646 0.5585547450980392 1.0
0.6471354705882352 0.7442517647058823 0.5537873725490194 1.0
0.643137 0.741176 0.5490199999999998 1.0
0.6394461372549018 0.7379465098039215 0.544560156862745 1.0
0.6357552745098038 0.7347170196078431 0.5401003137254902 1.0
0.6320644117647058 0.7314875294117646 0.5356404705882352 1.0
0.6283735490196077 0.7282580392156862 0.5311806274509803 1.0
0.6246826862745097 0.7250285490196078 0.5267207843137254 1.0
0.6209918235294117 0.7217990588235293 0.5222609411764706 1.0
0.6173009607843136 0.7185695686274509 0.5178010980392156 1.0
0.6136100980392156 0.7153400784313725 0.5133412549019607 1.0
0.6099192352941176 0.712110588235294 0.5088814117647058 1.0
0.6062283725490196 0.7088810980392156 0.504421568627451 1.0
0.6025375098039215 0.7056516078431372 0.499961725490196 1.0
0.5988466470588235 0.7024221176470588 0.4955018823529411 1.0
0.5951557843137254 0.6991926274509803 0.49104203921568623 1.0
0.5914649215686274 0.6959631372549019 0.48658219607843134 1.0
0.5877740588235294 0.6927336470588236 0.48212235294117656 1.0
0.5840831960784313 0.689504156862745 0.47766250980392155 1.0
0.5803923333333333 0.6862746666666666 0.47320266666666666 1.0
0.5767014705882353 0.6830451764705883 0.46874282352941177 1.0
0.5730106078431372 0.6798156862745098 0.4642829803921569 1.0
0.5693197450980392 0.6765861960784314 0.459823137254902 1.0
0.5656288823529412 0.673356705882353 0.4553632941176471 1.0
0.5619380196078432 0.6701272156862745 0.4509034509803922 1.0
0.5582471568627452 0.6668977254901961 0.44644360784313736 1.0
0.5545562941176471 0.6636682352941177 0.4419837647058824 1.0
0.5508654313725491 0.6604387450980392 0.4375239215686275 1.0
0.5472514509803922 0.6572861176470588 0.4333716666666667 1.0
0.5437143529411764 0.6542103529411765 0.42952700000000005 1.0
0.5401772549019608 0.6511345882352941 0.4256823333333334 1.0
0.5366401568627451 0.6480588235294118 0.4218376666666667 1.0
0.5331030588235294 0.6449830588235295 0.41799300000000006 1.0
0.5295659607843137 0.6419072941176471 0.41414833333333345 1.0
0.5260288627450981 0.6388315294117647 0.41030366666666673 1.0
0.5224917647058823 0.6357557647058824 0.40645900000000007 1.0
0.5189546666666667 0.63268 0.4026143333333334 1.0
0.515417568627451 0.6296042352941177 0.3987696666666667 1.0
0.5118804705882353 0.6265284705882354 0.3949250000000001 1.0
0.5083433725490196 0.6234527058823529 0.39108033333333336 1.0
0.504806274509804 0.6203769411764706 0.3872356666666667 1.0
0.5012691764705883 0.6173011764705882 0.3833910000000001 1.0
0.49773207843137257 0.6142254117647059 0.3795463333333334 1.0
0.49419498039215687 0.6111496470588236 0.3757016666666667 1.0
0.49065788235294117 0.6080738823529412 0.37185700000000005 1.0
0.4871207843137255 0.6049981176470588 0.3680123333333334 1.0
0.4835836862745098 0.6019223529411765 0.3641676666666667 1.0
0.4800465882352941 0.5988465882352941 0.36032300000000006 1.0
0.47650949019607847 0.5957708235294118 0.35647833333333334 1.0
0.4729723921568628 0.5926950588235295 0.35263366666666673 1.0
0.46943529411764706 0.589619294117647 0.348789 1.0
0.4658981960784314 0.5865435294117647 0.34494433333333335 1.0
0.46236109803921566 0.5834677647058824 0.3410996666666667 1.0
0.458824 0.580392 0.337255 1.0
0.4555944705882353 0.5773162745098039 0.3338716666666667 1.0
0.4523649411764706 0.5742405490196079 0.3304883333333334 1.0
0.4491354117647059 0.5711648235294118 0.32710500000000003 1.0
0.4459058823529412 0.5680890980392157 0.32372166666666674 1.0
0.44267635294117647 0.5650133725490196 0.32033833333333334 1.0
0.4394468235294118 0.5619376470588235 0.31695500000000004 1.0
0.4362172941176471 0.5588619215686275 0.3135716666666667 1.0
0.43298776470588235 0.5557861960784314 0.31018833333333334 1.0
0.42975823529411766 0.5527104705882353 0.306805 1.0
0.4265287058823529 0.5496347450980392 0.3034216666666667 1.0
0.42329917647058823 0.5465590196078431 0.30003833333333335 1.0
0.4200696470588236 0.5434832941176471 0.29665500000000006 1.0
0.41684011764705886 0.540407568627451 0.29327166666666665 1.0
0.4136105882352941 0.5373318431372549 0.2898883333333333 1.0
0.41038105882352943 0.5342561176470588 0.286505 1.0
0.4071515294117647 0.5311803921568627 0.28312166666666666 1.0
0.403922 0.5281046666666667 0.2797383333333333 1.0
0.4006924705882353 0.5250289411764706 0.276355 1.0
0.3974629411764706 0.5219532156862745 0.27297166666666667 1.0
0.39423341176470594 0.5188774901960784 0.2695883333333334 1.0
0.3910038823529412 0.5158017647058823 0.266205 1.0
0.38777435294117646 0.5127260392156863 0.2628216666666666 1.0
0.3845448235294118 0.5096503137254902 0.2594383333333333 1.0
0.3813152941176471 0.5065745882352941 0.256055 1.0
0.37808576470588234 0.503498862745098 0.25267166666666663 1.0
0.37493311764705883 0.5003462352941176 0.24951903921568624 1.0
0.37185735294117644 0.4971167058823529 0.2465971176470588 1.0
0.3687815882352941 0.4938871764705882 0.24367519607843136 1.0
0.3657058235294118 0.49065764705882353 0.2407532745098039 1.0
0.3626300588235295 0.4874281176470589 0.23783135294117655 1.0
0.35955429411764706 0.4841985882352941 0.234909431372549 1.0
0.3564785294117647 0.4809690588235294 0.23198750980392155 1.0
0.35340276470588233 0.4777395294117647 0.2290655882352941 1.0
0.350327 0.47451 0.22614366666666666 1.0
0.34725123529411767 0.4712804705882353 0.2232217450980392 1.0
0.3441754705882353 0.46805094117647056 0.22029982352941174 1.0
0.34109970588235294 0.46482141176470587 0.2173779019607843 1.0
0.3380239411764706 0.4615918823529412 0.21445598039215685 1.0
0.3349481764705882 0.45836235294117644 0.21153405882352938 1.0
0.3318724117647059 0.45513282352941176 0.20861213725490196 1.0
0.32879664705882355 0.45190329411764707 0.2056902156862745 1.0
0.32572088235294117 0.4486737647058823 0.20276829411764705 1.0
0.32264511764705883 0.44544423529411764 0.1998463725490196 1.0
0.3195693529411765 0.4422147058823529 0.19692445098039213 1.0
0.3164935882352941 0.4389851764705882 0.1940025294117647 1.0
0.31341782352941183 0.4357556470588236 0.19108060784313732 1.0
0.3103420588235294 0.43252611764705884 0.1881586862745098 1.0
0.30726629411764705 0.4292965882352941 0.18523676470588235 1.0
0.3041905294117647 0.4260670588235294 0.18231484313725488 1.0
0.30111476470588233 0.42283752941176467 0.17939292156862743 1.0
0.298039 0.419608 0.176471 1.0
0.2952708431372549 0.41653223529411765 0.1740103725490196 1.0
0.2925026862745098 0.41345647058823526 0.17154974509803922 1.0
0.2897345294117647 0.4103807058823529 0.1690891176470588 1.0
0.2869663725490196 0.4073049411764706 0.16662849019607842 1.0
0.2841982156862745 0.4042291764705882 0.16416786274509804 1.0
0.2814300588235294 0.40115341176470587 0.16170723529411765 1.0
0.27866190196078433 0.39807764705882354 0.15924660784313724 1.0
0.2758937450980392 0.39500188235294115 0.15678598039215685 1.0
0.2731255882352941 0.3919261176470588 0.15432535294117647 1.0
0.27035743137254903 0.3888503529411764 0.15186472549019608 1.0
0.26758927450980396 0.3857745882352942 0.14940409803921575 1.0
0.26482111764705885 0.38269882352941176 0.1469434705882353 1.0
0.2620529607843137 0.3796230588235294 0.1444828431372549 1.0
0.2592848039215686 0.37654729411764704 0.1420222156862745 1.0
0.25651664705882354 0.3734715294117647 0.13956158823529413 1.0
0.2537484901960784 0.3703957647058823 0.13710096078431372 1.0
0.2509803333333333 0.36732 0.13464033333333333 1.0
0.2482121764705882 0.36424423529411765 0.13217970588235295 1.0
0.24544401960784312 0.36116847058823526 0.12971907843137254 1.0
0.24267586274509803 0.3580927058823529 0.12725845098039215 1.0
0.23990770588235294 0.3550169411764706 0.12479782352941177 1.0
0.23713954901960782 0.3519411764705882 0.12233719607843138 1.0
0.23437139215686273 0.34886541176470587 0.11987656862745098 1.0
0.23160323529411764 0.34578964705882353 0.1174159411764706 1.0
0.22883507843137252 0.34271388235294115 0.1149553137254902 1.0
0.22622070588235293 0.33956125490196076 0.11295607843137255 1.0
0.2237601176470589 0.33633176470588244 0.11141823529411769 1.0
0.2212995294117647 0.3331022745098039 0.10988039215686275 1.0
0.21883894117647057 0.32987278431372546 0.10834254901960785 1.0
0.21637835294117647 0.32664329411764703 0.10680470588235294 1.0
0.21391776470588234 0.3234138039215686 0.10526686274509804 1.0
0.21145717647058823 0.32018431372549017 0.10372901960784314 1.0
0.2089965882352941 0.31695482352941173 0.10219117647058824 1.0
0.206536 0.3137253333333333 0.10065333333333334 1.0
0.20407541176470587 0.31049584313725487 0.09911549019607843 1.0
0.20161482352941176 0.30726635294117643 0.09757764705882353 1.0
0.19915423529411763 0.304036862745098 0.09603980392156863 1.0
0.19669364705882353 0.30080737254901957 0.09450196078431373 1.0
0.1942330588235294 0.29757788235294114 0.09296411764705884 1.0
0.1917724705882353 0.29434839215686276 0.09142627450980392 1.0
0.18931188235294116 0.2911189019607843 0.08988843137254902 1.0
0.18685129411764706 0.2878894117647059 0.08835058823529413 1.0
0.184390705882353 0.2846599215686275 0.08681274509803927 1.0
0.1819301176470588 0.28143043137254903 0.08527490196078433 1.0
0.1794695294117647 0.2782009411764706 0.08373705882352941 1.0
0.1770089411764706 0.27497145098039216 0.08219921568627452 1.0
0.17454835294117646 0.27174196078431373 0.08066137254901962 1.0
0.17208776470588233 0.2685124705882353 0.0791235294117647 1.0
0.16962717647058823 0.26528298039215686 0.07758568627450982 1.0
0.16716658823529412 0.26205349019607843 0.0760478431372549 1.0
0.164706 0.258824 0.07451 1.0
0.1623991764705882 0.25574823529411767 0.07281835294117647 1.0
0.16009235294117646 0.2526724705882353 0.07112670588235295 1.0
0.15778552941176469 0.24959670588235294 0.06943505882352942 1.0
0.15547870588235294 0.24652094117647058 0.06774341176470589 1.0
0.15317188235294116 0.24344517647058822 0.06605176470588237 1.0
0.1508650588235294 0.2403694117647059 0.06436011764705883 1.0
0.14855823529411763 0.23729364705882353 0.0626684705882353 1.0
0.14625141176470594 0.23421788235294128 0.06097682352941182 1.0
0.1439445882352941 0.23114211764705883 0.05928517647058824 1.0
0.14163776470588235 0.22806635294117647 0.05759352941176471 1.0
0.13933094117647057 0.2249905882352941 0.055901882352941176 1.0
0.13702411764705882 0.22191482352941178 0.05421023529411765 1.0
0.13471729411764705 0.21883905882352941 0.05251858823529412 1.0
0.1324104705882353 0.21576329411764705 0.05082694117647059 1.0
0.13010364705882352 0.2126875294117647 0.049135294117647055 1.0
0.12779682352941177 0.20961176470588236 0.047443647058823535 1.0
0.12549 0.206536 0.045752 1.0
0.12318317647058824 0.20346023529411764 0.04406035294117647 1.0
0.12087635294117646 0.20038447058823528 0.04236870588235294 1.0
0.11856952941176471 0.19730870588235294 0.04067705882352941 1.0
0.11626270588235295 0.1942329411764706 0.038985411764705886 1.0
0.11395588235294118 0.19115717647058822 0.03729376470588235 1.0
0.1116490588235294 0.18808141176470589 0.03560211764705882 1.0
0.10934223529411771 0.1850056470588236 0.03391047058823534 1.0
0.10703541176470588 0.18192988235294116 0.032218823529411765 1.0
0.10488239215686275 0.17885413725490196 0.030988529411764703 1.0
0.10288317647058824 0.17577841176470588 0.030219588235294116 1.0
0.10088396078431373 0.1727026862745098 0.029450647058823526 1.0
0.09888474509803921 0.16962696078431372 0.02868170588235294 1.0
0.0968855294117647 0.16655123529411764 0.027912764705882352 1.0
0.0948863137254902 0.16347550980392156 0.027143823529411762 1.0
0.09288709803921569 0.16039978431372548 0.026374882352941175 1.0
0.09088788235294118 0.1573240588235294 0.025605941176470585 1.0
0.08888866666666667 0.15424833333333332 0.024836999999999998 1.0
0.08688945098039216 0.15117260784313724 0.024068058823529408 1.0
0.08489023529411766 0.14809688235294116 0.023299117647058824 1.0
0.08289101960784315 0.14502115686274508 0.022530176470588234 1.0
0.08089180392156863 0.141945431372549 0.021761235294117644 1.0
0.07889258823529412 0.13886970588235292 0.020992294117647057 1.0
0.07689337254901966 0.13579398039215695 0.02022335294117649 1.0
0.0748941568627451 0.1327182549019608 0.01945441176470588 1.0
0.07289494117647058 0.12964252941176468 0.01868547058823529 1.0
0.07089572549019607 0.12656680392156863 0.017916529411764706 1.0
0.06889650980392156 0.12349107843137255 0.017147588235294116 1.0
0.06689729411764705 0.12041535294117647 0.01637864705882353 1.0
0.06489807843137255 0.11733962745098038 0.015609705882352939 1.0
0.06289886274509804 0.11426390196078431 0.014840764705882352 1.0
0.06089964705882353 0.11118817647058823 0.014071823529411762 1.0
0.05890043137254902 0.10811245098039216 0.013302882352941175 1.0
0.05690121568627451 0.10503672549019608 0.012533941176470585 1.0
0.054902 0.101961 0.011765 1.0
