1.0 0.984314 0.901961 1.0
0.9969242352941177 0.9815458431372549 0.8838140980392157 1.0
0.9938484705882353 0.9787776862745098 0.8656671960784315 1.0
0.9907727058823529 0.9760095294117648 0.8475202941176471 1.0
0.9876969411764706 0.9732413725490197 0.8293733921568628 1.0
0.9846211764705882 0.9704732156862745 0.8112264901960785 1.0
0.9815454117647059 0.9677050588235294 0.7930795882352942 1.0
0.9784696470588236 0.9649369019607843 0.7749326862745098 1.0
0.9753938823529412 0.9621687450980392 0.7567857843137256 1.0
0.9723181176470588 0.9594005882352942 0.7386388823529413 1.0
0.9692423529411764 0.956632431372549 0.720491980392157 1.0
0.9661665882352941 0.9538642745098039 0.7023450784313727 1.0
0.9630908235294118 0.9510961176470588 0.6841981764705884 1.0
0.9593230392156863 0.9484817450980392 0.6678967254901962 1.0
0.9534791960784315 0.9463287254901961 0.6571316274509804 1.0
0.9476353529411765 0.9441757058823529 0.6463665294117648 1.0
0.9417915098039216 0.9420226862745098 0.6356014313725491 1.0
0.9359476666666667 0.9398696666666666 0.6248363333333333 1.0
0.9301038235294118 0.9377166470588235 0.6140712352941177 1.0
0.9242599803921568 0.9355636274509803 0.6033061372549019 1.0
0.918416137254902 0.9334106078431372 0.5925410392156862 1.0
0.9125722941176471 0.9312575882352941 0.5817759411764706 1.0
0.9067284509803921 0.9291045686274509 0.5710108431372548 1.0
0.9008846078431373 0.9269515490196079 0.5602457450980391 1.0
0.8950407647058823 0.9247985294117647 0.5494806470588234 1.0
0.8891969215686275 0.9226455098039216 0.5387155490196077 1.0
0.8822765294117647 0.9198773137254902 0.5279504509803921 1.0
0.8742795882352941 0.9164939411764705 0.5171853529411764 1.0
0.8662826470588235 0.913110568627451 0.5064202549019607 1.0
0.858285705882353 0.9097271960784313 0.495655156862745 1.0
0.8502887647058823 0.9063438235294117 0.48489005882352937 1.0
0.8422918235294118 0.9029604509803921 0.47412496078431365 1.0
0.8342948823529411 0.8995770784313725 0.463359862745098 1.0
0.8262979411764706 0.8961937058823529 0.4525947647058824 1.0
0.818301 0.8928103333333333 0.4418296666666667 1.0
0.8103040588235294 0.8894269607843137 0.431064568627451 1.0
0.8023071176470589 0.886043588235294 0.42029947058823536 1.0
0.7943101764705883 0.8826602156862745 0.4095343725490197 1.0
0.7863132352941177 0.8792768431372548 0.398769274509804 1.0
0.7773935882352941 0.8761242352941176 0.3900803529411765 1.0
0.7681663725490196 0.8730485490196078 0.38208349019607846 1.0
0.7589391568627452 0.869972862745098 0.3740866274509805 1.0
0.7497119411764706 0.8668971764705882 0.36608976470588234 1.0
0.7404847254901961 0.8638214901960783 0.3580929019607843 1.0
0.7312575098039216 0.8607458039215686 0.3500960392156862 1.0
0.7220302941176471 0.8576701176470588 0.34209917647058824 1.0
0.7128030784313725 0.854594431372549 0.33410231372549015 1.0
0.703575862745098 0.8515187450980392 0.3261054509803921 1.0
0.6943486470588235 0.8484430588235293 0.31810858823529403 1.0
0.685121431372549 0.8453673725490196 0.31011172549019606 1.0
0.6758942156862744 0.8422916862745098 0.3021148627450979 1.0
0.6666669999999999 0.839216 0.29411799999999994 1.0
0.6580549215686273 0.8361402352941176 0.28981196078431365 1.0
0.6494428431372549 0.8330644705882353 0.2855059215686274 1.0
0.6408307647058823 0.8299887058823529 0.28119988235294113 1.0
0.6322186862745097 0.8269129411764705 0.27689384313725485 1.0
0.6236066078431372 0.8238371764705882 0.27258780392156856 1.0
0.6149945294117647 0.8207614117647059 0.26828176470588233 1.0
0.6063824509803921 0.8176856470588235 0.26397572549019604 1.0
0.5977703725490195 0.8146098823529412 0.2596696862745098 1.0
0.589158294117647 0.8115341176470589 0.25536364705882353 1.0
0.5805462156862745 0.8084583529411765 0.2510576078431373 1.0
0.5719341372549019 0.8053825882352942 0.24675156862745098 1.0
0.5633220588235294 0.8023068235294118 0.24244552941176473 1.0
0.5544024117647058 0.7992310588235294 0.23767811764705885 1.0
0.5445600588235294 0.7961552941176471 0.23152658823529415 1.0
0.5347177058823531 0.7930795294117648 0.22537505882352954 1.0
0.5248753529411765 0.7900037647058824 0.21922352941176473 1.0
0.5150330000000001 0.7869280000000001 0.21307200000000004 1.0
0.5051906470588235 0.7838522352941177 0.20692047058823534 1.0
0.49534829411764714 0.7807764705882353 0.20076894117647065 1.0
0.48550594117647067 0.777700705882353 0.19461741176470596 1.0
0.4756635882352942 0.7746249411764706 0.18846588235294126 1.0
0.4658212352941178 0.7715491764705883 0.18231435294117654 1.0
0.45597888235294143 0.768473411764706 0.17616282352941193 1.0
0.44613652941176485 0.7653976470588236 0.17001129411764715 1.0
0.4362941764705884 0.7623218823529412 0.16385976470588245 1.0
0.4269131568627452 0.7592461568627451 0.1589385490196079 1.0
0.41799347058823544 0.7561704705882354 0.15524764705882357 1.0
0.4090737843137256 0.7530947843137256 0.15155674509803926 1.0
0.4001540980392158 0.7500190980392157 0.14786584313725495 1.0
0.39123441176470597 0.7469434117647059 0.14417494117647062 1.0
0.3823147254901963 0.7438677254901962 0.14048403921568636 1.0
0.37339503921568634 0.7407920392156863 0.136793137254902 1.0
0.3644753529411765 0.7377163529411765 0.1331022352941177 1.0
0.3555556666666667 0.7346406666666667 0.12941133333333335 1.0
0.34663598039215693 0.7315649803921569 0.12572043137254904 1.0
0.3377162941176471 0.7284892941176471 0.12202952941176472 1.0
0.32879660784313725 0.7254136078431372 0.1183386274509804 1.0
0.31987692156862746 0.7223379215686274 0.11464772549019608 1.0
0.31141864705882366 0.7190314705882354 0.11187958823529416 1.0
0.30311417647058825 0.7156480980392157 0.10941903921568628 1.0
0.29480970588235295 0.712264725490196 0.10695849019607843 1.0
0.28650523529411764 0.7088813529411765 0.1044979411764706 1.0
0.27820076470588234 0.7054979803921568 0.10203739215686275 1.0
0.26989629411764704 0.7021146078431373 0.0995768431372549 1.0
0.2615918235294118 0.6987312352941176 0.09711629411764706 1.0
0.2532873529411765 0.6953478627450981 0.09465574509803922 1.0
0.2449828823529413 0.6919644901960785 0.09219519607843141 1.0
0.2366784117647059 0.6885811176470589 0.08973464705882353 1.0
0.22837394117647059 0.6851977450980392 0.08727409803921568 1.0
0.2200694705882353 0.6818143725490197 0.08481354901960785 1.0
0.211765 0.678431 0.082353 1.0
0.2037680588235294 0.6747401764705883 0.0798923725490196 1.0
0.19577111764705882 0.6710493529411765 0.07743174509803921 1.0
0.18777417647058822 0.6673585294117647 0.07497111764705881 1.0
0.17977723529411774 0.663667705882353 0.07251049019607846 1.0
0.171780294117647 0.6599768823529412 0.07004986274509803 1.0
0.1637833529411764 0.6562860588235294 0.06758923529411763 1.0
0.1557864117647058 0.6525952352941176 0.06512860784313723 1.0
0.14778947058823522 0.6489044117647058 0.06266798039215685 1.0
0.13979252941176462 0.6452135882352941 0.06020735294117644 1.0
0.13179558823529403 0.6415227647058823 0.05774672549019605 1.0
0.12379864705882343 0.6378319411764705 0.05528609803921565 1.0
0.11580170588235295 0.6341411176470588 0.05282547058823529 1.0
0.10926574509803919 0.630527156862745 0.05159515686274513 1.0
0.10711272549019604 0.6271437843137254 0.05405578431372552 1.0
0.10495970588235291 0.6237604117647058 0.05651641176470591 1.0
0.10280668627450978 0.6203770392156862 0.0589770392156863 1.0
0.10065366666666664 0.6169936666666666 0.06143766666666669 1.0
0.09850064705882351 0.613610294117647 0.06389829411764708 1.0
0.09634762745098037 0.6102269215686273 0.06635892156862747 1.0
0.09419460784313727 0.6068435490196078 0.06881954901960782 1.0
0.0920415882352941 0.6034601764705881 0.07128017647058824 1.0
0.08988856862745097 0.6000768039215686 0.07374080392156863 1.0
0.08773554901960784 0.5966934313725489 0.07620143137254902 1.0
0.0855825294117647 0.5933100588235294 0.07866205882352942 1.0
0.08342950980392157 0.5899266862745097 0.0811226862745098 1.0
0.08342950980392157 0.586697156862745 0.08512115686274509 1.0
0.0855825294117647 0.5836214705882352 0.09065747058823528 1.0
0.08773554901960784 0.5805457843137254 0.09619378431372548 1.0
0.08988856862745098 0.5774700980392157 0.10173009803921568 1.0
0.09204158823529406 0.574394411764706 0.10726641176470572 1.0
0.09419460784313725 0.571318725490196 0.11280272549019607 1.0
0.09634762745098038 0.5682430392156862 0.11833903921568627 1.0
0.09850064705882353 0.5651673529411764 0.12387535294117646 1.0
0.10065366666666667 0.5620916666666667 0.12941166666666665 1.0
0.1028066862745098 0.5590159803921568 0.13494798039215686 1.0
0.10495970588235294 0.555940294117647 0.14048429411764704 1.0
0.10711272549019607 0.5528646078431372 0.14602060784313725 1.0
0.10926574509803921 0.5497889215686274 0.15155692156862743 1.0
0.11003464705882353 0.5474052352941176 0.15593988235294118 1.0
0.11034217647058824 0.5452522156862745 0.15993839215686273 1.0
0.11064970588235294 0.5430991960784314 0.1639369019607843 1.0
0.11095723529411765 0.5409461764705882 0.1679354117647059 1.0
0.11126476470588235 0.5387931568627451 0.17193392156862744 1.0
0.11157229411764706 0.5366401372549019 0.17593243137254902 1.0
0.11187982352941177 0.5344871176470588 0.17993094117647057 1.0
0.11218735294117646 0.5323340980392157 0.18392945098039204 1.0
0.11249488235294118 0.5301810784313725 0.18792796078431373 1.0
0.11280241176470589 0.5280280588235293 0.19192647058823528 1.0
0.1131099411764706 0.5258750392156862 0.19592498039215686 1.0
0.1134174705882353 0.523722019607843 0.1999234901960784 1.0
0.113725 0.521569 0.203922 1.0
0.11403260784313726 0.5191083725490195 0.2069976862745098 1.0
0.11434021568627452 0.5166477450980391 0.2100733725490196 1.0
0.11464782352941177 0.5141871176470588 0.2131490588235294 1.0
0.11495543137254903 0.5117264901960784 0.2162247450980392 1.0
0.11526303921568629 0.509265862745098 0.219300431372549 1.0
0.11557064705882353 0.5068052352941176 0.2223761176470588 1.0
0.11587825490196078 0.5043446078431373 0.22545180392156863 1.0
0.11618586274509804 0.5018839803921569 0.22852749019607843 1.0
0.1164934705882353 0.49942335294117646 0.23160317647058823 1.0
0.11680107843137255 0.4969627254901961 0.23467886274509803 1.0
0.1171086862745098 0.49450209803921574 0.23775454901960774 1.0
0.11741629411764706 0.49204147058823533 0.24083023529411762 1.0
0.117647 0.48942705882352944 0.24367525490196076 1.0
0.117647 0.4863512941176471 0.2458282745098039 1.0
0.117647 0.4832755294117647 0.24798129411764705 1.0
0.117647 0.4801997647058824 0.25013431372549016 1.0
0.117647 0.477124 0.2522873333333333 1.0
0.117647 0.47404823529411766 0.25444035294117645 1.0
0.117647 0.4709724705882353 0.2565933725490196 1.0
0.117647 0.46789670588235294 0.25874639215686274 1.0
0.117647 0.4648209411764706 0.2608994117647059 1.0
0.117647 0.4617451764705882 0.263052431372549 1.0
0.117647 0.4586694117647059 0.26520545098039217 1.0
0.117647 0.45559364705882355 0.2673584705882353 1.0
0.117647 0.45251788235294116 0.26951149019607845 1.0
0.11749319607843138 0.44898078431372546 0.27089556862745096 1.0
0.11718558823529412 0.4449823529411766 0.27151070588235293 1.0
0.11687798039215687 0.4409839215686274 0.2721258431372549 1.0
0.11657037254901961 0.4369854901960784 0.27274098039215683 1.0
0.11626276470588236 0.4329870588235294 0.2733561176470588 1.0
0.1159551568627451 0.4289886274509804 0.2739712549019608 1.0
0.11564754901960785 0.42499019607843136 0.27458639215686276 1.0
0.11533994117647059 0.42099176470588234 0.2752015294117647 1.0
0.11503233333333333 0.4169933333333333 0.27581666666666665 1.0
0.11472472549019608 0.4129949019607843 0.27643180392156863 1.0
0.11441711764705884 0.4089964705882353 0.27704694117647055 1.0
0.11410950980392158 0.4049980392156863 0.2776620784313725 1.0
0.11380190196078432 0.40099960784313726 0.2782772156862745 1.0
0.11349435294117648 0.39700117647058825 0.278431 1.0
0.11318682352941177 0.39300274509803923 0.278431 1.0
0.11287929411764706 0.3890043137254902 0.278431 1.0
0.11257176470588236 0.3850058823529412 0.278431 1.0
0.11226423529411766 0.3810074509803923 0.278431 1.0
0.11195670588235294 0.37700901960784317 0.278431 1.0
0.11164917647058824 0.37301058823529415 0.278431 1.0
0.11134164705882353 0.36901215686274513 0.278431 1.0
0.11103411764705882 0.36501372549019606 0.278431 1.0
0.11072658823529412 0.36101529411764705 0.278431 1.0
0.11041905882352941 0.35701686274509803 0.278431 1.0
0.1101115294117647 0.353018431372549 0.278431 1.0
0.109804 0.34902 0.278431 1.0
0.10857372549019607 0.34348360784313725 0.27627798039215684 1.0
0.10734345098039215 0.3379472156862745 0.2741249607843137 1.0
0.10611317647058824 0.33241082352941176 0.27197194117647056 1.0
0.10488290196078431 0.326874431372549 0.2698189215686274 1.0
0.10365262745098039 0.32133803921568627 0.2676659019607843 1.0
0.10242235294117646 0.3158016470588235 0.2655128823529412 1.0
0.10119207843137254 0.3102652549019608 0.26335986274509804 1.0
0.09996180392156866 0.3047288627450982 0.26120684313725495 1.0
0.0987315294117647 0.2991924705882353 0.25905382352941175 1.0
0.09750125490196078 0.29365607843137254 0.2569008039215686 1.0
0.09627098039215685 0.2881196862745098 0.25474778431372547 1.0
0.09504070588235293 0.28258329411764704 0.2525947647058823 1.0
0.0939642156862745 0.27750829411764705 0.250364862745098 1.0
0.09334907843137254 0.2738174705882353 0.24790431372549018 1.0
0.09273394117647059 0.2701266470588235 0.24544376470588233 1.0
0.09211880392156863 0.26643582352941175 0.24298321568627448 1.0
0.09150366666666666 0.262745 0.24052266666666666 1.0
0.0908885294117647 0.2590541764705882 0.2380621176470588 1.0
0.09027339215686274 0.25536335294117646 0.23560156862745096 1.0
0.08965825490196079 0.2516725294117647 0.23314101960784311 1.0
0.08904311764705883 0.24798170588235294 0.2306804705882353 1.0
0.08842798039215687 0.24429088235294116 0.22821992156862744 1.0
0.0878128431372549 0.24060005882352942 0.2257593725490196 1.0
0.08719770588235295 0.23690923529411775 0.22329882352941183 1.0
0.08658256862745098 0.23321841176470587 0.22083827450980392 1.0
0.0858136274509804 0.22906617647058822 0.21807011764705883 1.0
0.08489088235294118 0.2244525294117647 0.21499435294117647 1.0
0.08396813725490196 0.21983888235294116 0.2119185882352941 1.0
0.08304539215686275 0.21522523529411763 0.20884282352941175 1.0
0.08212264705882354 0.2106115882352941 0.20576705882352941 1.0
0.08119990196078432 0.20599794117647058 0.20269129411764705 1.0
0.0802771568627451 0.20138429411764708 0.1996155294117647 1.0
0.07935441176470588 0.19677064705882352 0.19653976470588236 1.0
0.07843166666666668 0.19215700000000002 0.193464 1.0
0.07750892156862746 0.18754335294117647 0.19038823529411764 1.0
0.07658617647058824 0.18292970588235297 0.1873124705882353 1.0
0.07566343137254902 0.1783160588235294 0.18423670588235294 1.0
0.0747406862745098 0.17370241176470588 0.18116094117647058 1.0
0.07335658823529412 0.16885811764705883 0.17693182352941175 1.0
0.07181870588235299 0.16393694117647073 0.1723182549019609 1.0
0.07028082352941177 0.15901576470588236 0.1677046862745098 1.0
0.06874294117647059 0.15409458823529412 0.16309111764705883 1.0
0.06720505882352941 0.1491734117647059 0.15847754901960784 1.0
0.06566717647058824 0.14425223529411765 0.15386398039215687 1.0
0.06412929411764706 0.13933105882352942 0.14925041176470588 1.0
0.06259141176470588 0.13440988235294118 0.1446368431372549 1.0
0.06105352941176471 0.12948870588235295 0.14002327450980392 1.0
0.059515647058823534 0.12456752941176472 0.13540970588235293 1.0
0.057977764705882354 0.11964635294117647 0.13079613725490197 1.0
0.05643988235294117 0.11472517647058825 0.12618256862745098 1.0
0.054902 0.109804 0.121569 1.0
