0.917647 1.0 0.901961 1.0
0.9094962941176471 0.9980007843137255 0.8938102941176471 1.0
0.9013455882352941 0.9960015686274509 0.8856595882352941 1.0
0.8931948823529412 0.9940023529411764 0.8775088823529412 1.0
0.8850441764705882 0.992003137254902 0.8693581764705882 1.0
0.8768934705882353 0.9900039215686275 0.8612074705882353 1.0
0.8687427647058823 0.9880047058823529 0.8530567647058823 1.0
0.8605920588235294 0.9860054901960784 0.8449060588235294 1.0
0.8524413529411765 0.9840062745098039 0.8367553529411764 1.0
0.8442906470588235 0.9820070588235295 0.8286046470588235 1.0
0.8361399411764706 0.9800078431372549 0.8204539411764706 1.0
0.8279892352941176 0.9780086274509804 0.8123032352941176 1.0
0.8198385294117647 0.9760094117647059 0.8041525294117647 1.0
0.8116878235294118 0.9740101960784313 0.7960018235294117 1.0
0.8035371176470588 0.9720109803921568 0.7878511176470588 1.0
0.7953864117647058 0.9700117647058824 0.779700411764706 1.0
0.7872357058823529 0.9680125490196079 0.7715497058823529 1.0
0.779085 0.9660133333333333 0.763399 1.0
0.770934294117647 0.9640141176470588 0.755248294117647 1.0
0.7627835882352941 0.9620149019607843 0.7470975882352942 1.0
0.7546328823529411 0.9600156862745097 0.7389468823529413 1.0
0.7464821764705882 0.9580164705882352 0.7307961764705883 1.0
0.7383314705882353 0.9560172549019608 0.7226454705882353 1.0
0.7301807647058823 0.9540180392156863 0.7144947647058824 1.0
0.7220300588235294 0.9520188235294117 0.7063440588235295 1.0
0.7138793529411764 0.9500196078431372 0.6981933529411765 1.0
0.7068051568627451 0.9480972745098039 0.6915805098039216 1.0
0.7008074705882353 0.9462518235294117 0.6865055294117647 1.0
0.6948097843137255 0.9444063725490196 0.6814305490196079 1.0
0.6888120980392157 0.9425609215686275 0.6763555686274509 1.0
0.6828144117647059 0.9407154705882352 0.6712805882352941 1.0
0.6768167254901961 0.9388700196078431 0.6662056078431373 1.0
0.6708190392156863 0.937024568627451 0.6611306274509804 1.0
0.6648213529411765 0.9351791176470589 0.6560556470588236 1.0
0.6588236666666667 0.9333336666666666 0.6509806666666667 1.0
0.6528259803921569 0.9314882156862745 0.6459056862745098 1.0
0.6468282941176471 0.9296427647058824 0.640830705882353 1.0
0.6408306078431373 0.9277973137254902 0.6357557254901961 1.0
0.6348329215686275 0.925951862745098 0.6306807450980393 1.0
0.6288352352941177 0.9241064117647059 0.6256057647058824 1.0
0.6228375490196079 0.9222609607843137 0.6205307843137255 1.0
0.616839862745098 0.9204155098039216 0.6154558039215687 1.0
0.6108421764705882 0.9185700588235294 0.6103808235294118 1.0
0.6048444901960784 0.9167246078431373 0.6053058431372549 1.0
0.5988468039215686 0.9148791568627451 0.6002308627450981 1.0
0.5928491176470588 0.913033705882353 0.5951558823529413 1.0
0.586851431372549 0.9111882549019608 0.5900809019607843 1.0
0.5808537450980392 0.9093428039215686 0.5850059215686275 1.0
0.5748560588235294 0.9074973529411765 0.5799309411764706 1.0
0.5688583725490196 0.9056519019607844 0.5748559607843138 1.0
0.5628606862745098 0.9038064509803921 0.5697809803921569 1.0
0.556863 0.901961 0.564706 1.0
0.5514804509803921 0.8995004117647059 0.5603999607843138 1.0
0.5460979019607843 0.8970398235294118 0.5560939215686275 1.0
0.5407153529411765 0.8945792352941176 0.5517878823529412 1.0
0.5353328039215686 0.8921186470588235 0.5474818431372549 1.0
0.5299502549019608 0.8896580588235294 0.5431758039215686 1.0
0.524567705882353 0.8871974705882353 0.5388697647058824 1.0
0.5191851568627451 0.8847368823529411 0.5345637254901962 1.0
0.5138026078431372 0.8822762941176471 0.5302576862745099 1.0
0.5084200588235294 0.8798157058823529 0.5259516470588236 1.0
0.5030375098039216 0.8773551176470589 0.5216456078431373 1.0
0.4976549607843137 0.8748945294117647 0.517339568627451 1.0
0.4922724117647059 0.8724339411764706 0.5130335294117647 1.0
0.48688986274509805 0.8699733529411765 0.5087274901960784 1.0
0.48150731372549016 0.8675127647058823 0.5044214509803921 1.0
0.4761247647058824 0.8650521764705883 0.500115411764706 1.0
0.4707422156862745 0.8625915882352941 0.4958093725490196 1.0
0.46535966666666667 0.860131 0.49150333333333335 1.0
0.4599771176470588 0.8576704117647058 0.48719729411764706 1.0
0.45459456862745096 0.8552098235294118 0.4828912549019608 1.0
0.4492120196078431 0.8527492352941176 0.4785852156862745 1.0
0.4438294705882353 0.8502886470588235 0.4742791764705882 1.0
0.4384469215686274 0.8478280588235294 0.4699731372549019 1.0
0.43306437254901964 0.8453674705882352 0.46566709803921574 1.0
0.42768182352941175 0.8429068823529411 0.4613610588235294 1.0
0.42229927450980387 0.840446294117647 0.4570550196078431 1.0
0.41737807843137253 0.8376781176470588 0.45328723529411763 1.0
0.41291823529411764 0.8346023529411765 0.45005770588235294 1.0
0.40845839215686275 0.8315265882352941 0.4468281764705882 1.0
0.4039985490196078 0.8284508235294117 0.4435986470588235 1.0
0.3995387058823529 0.8253750588235294 0.4403691176470588 1.0
0.39507886274509807 0.8222992941176471 0.43713958823529414 1.0
0.3906190196078431 0.8192235294117647 0.4339100588235294 1.0
0.38615917647058823 0.8161477647058824 0.4306805294117647 1.0
0.38169933333333333 0.813072 0.42745099999999997 1.0
0.3772394901960784 0.8099962352941177 0.4242214705882353 1.0
0.3727796470588235 0.8069204705882352 0.4209919411764706 1.0
0.3683198039215686 0.8038447058823529 0.41776241176470585 1.0
0.3638599607843137 0.8007689411764706 0.41453288235294117 1.0
0.35940011764705887 0.7976931764705882 0.41130335294117654 1.0
0.3549402745098039 0.7946174117647059 0.4080738235294118 1.0
0.35048043137254903 0.7915416470588236 0.40484429411764705 1.0
0.3460205882352941 0.7884658823529411 0.40161476470588237 1.0
0.3415607450980392 0.7853901176470588 0.3983852352941176 1.0
0.3371009019607843 0.7823143529411765 0.39515570588235294 1.0
0.3326410588235294 0.7792385882352941 0.39192617647058825 1.0
0.3281812156862745 0.7761628235294118 0.38869664705882356 1.0
0.32372137254901967 0.7730870588235295 0.3854671176470589 1.0
0.31926152941176467 0.7700112941176471 0.38223758823529413 1.0
0.3148016862745098 0.7669355294117647 0.37900805882352945 1.0
0.3103418431372549 0.7638597647058823 0.3757785294117647 1.0
0.305882 0.760784 0.372549 1.0
0.30219113725490193 0.7584772156862746 0.3700884117647059 1.0
0.29850027450980393 0.756170431372549 0.36762782352941176 1.0
0.2948094117647059 0.7538636470588236 0.36516723529411765 1.0
0.2911185490196079 0.751556862745098 0.3627066470588236 1.0
0.2874276862745098 0.7492500784313726 0.36024605882352945 1.0
0.28373682352941176 0.746943294117647 0.3577854705882353 1.0
0.2800459607843137 0.7446365098039216 0.3553248823529412 1.0
0.27635509803921565 0.742329725490196 0.3528642941176471 1.0
0.27266423529411765 0.7400229411764706 0.350403705882353 1.0
0.2689733725490196 0.737716156862745 0.3479431176470588 1.0
0.26528250980392154 0.7354093725490196 0.3454825294117647 1.0
0.2615916470588236 0.7331025882352942 0.34302194117647067 1.0
0.2579007843137255 0.7307958039215686 0.3405613529411765 1.0
0.25420992156862743 0.7284890196078431 0.33810076470588235 1.0
0.25051905882352943 0.7261822352941176 0.33564017647058825 1.0
0.24682819607843137 0.7238754509803922 0.33317958823529414 1.0
0.24313733333333334 0.7215686666666666 0.33071900000000004 1.0
0.2394464705882353 0.7192618823529411 0.3282584117647059 1.0
0.23575560784313726 0.7169550980392156 0.3257978235294118 1.0
0.23206474509803926 0.7146483137254902 0.32333723529411773 1.0
0.2283738823529412 0.7123415294117647 0.32087664705882357 1.0
0.22468301960784315 0.7100347450980392 0.3184160588235294 1.0
0.2209921568627451 0.7077279607843137 0.3159554705882353 1.0
0.21730129411764706 0.7054211764705882 0.3134948823529412 1.0
0.21361043137254904 0.7031143921568627 0.3110342941176471 1.0
0.21007333333333333 0.7003462352941175 0.30857370588235294 1.0
0.20669 0.6971167058823529 0.30611311764705884 1.0
0.20330666666666666 0.6938871764705882 0.30365252941176474 1.0
0.19992333333333334 0.6906576470588235 0.30119194117647063 1.0
0.1965400000000001 0.6874281176470589 0.2987313529411766 1.0
0.19315666666666667 0.6841985882352941 0.2962707647058824 1.0
0.18977333333333335 0.6809690588235294 0.29381017647058827 1.0
0.18639 0.6777395294117646 0.2913495882352941 1.0
0.18300666666666668 0.6745099999999999 0.288889 1.0
0.17962333333333333 0.6712804705882353 0.2864284117647059 1.0
0.17624 0.6680509411764706 0.2839678235294118 1.0
0.17285666666666666 0.6648214117647059 0.28150723529411764 1.0
0.16947333333333334 0.6615918823529412 0.27904664705882354 1.0
0.16609000000000002 0.6583623529411765 0.27658605882352943 1.0
0.16270666666666667 0.6551328235294118 0.27412547058823533 1.0
0.15932333333333334 0.651903294117647 0.2716648823529412 1.0
0.15594 0.6486737647058823 0.26920429411764707 1.0
0.15255666666666667 0.6454442352941177 0.26674370588235297 1.0
0.14917333333333332 0.642214705882353 0.2642831176470588 1.0
0.14579 0.6389851764705883 0.2618225294117647 1.0
0.14240666666666674 0.6357556470588237 0.25936194117647066 1.0
0.13902333333333333 0.6325261176470589 0.2569013529411765 1.0
0.13563999999999998 0.6292965882352941 0.25444076470588234 1.0
0.13225666666666666 0.6260670588235294 0.25198017647058824 1.0
0.12887333333333334 0.6228375294117647 0.24951958823529413 1.0
0.12549 0.619608 0.247059 1.0
0.1231832156862745 0.6168398431372549 0.24629005882352942 1.0
0.12087643137254901 0.6140716862745098 0.24552111764705883 1.0
0.11856964705882352 0.6113035294117647 0.24475217647058822 1.0
0.11626286274509803 0.6085353725490197 0.24398323529411764 1.0
0.11395607843137254 0.6057672156862746 0.24321429411764706 1.0
0.11164929411764705 0.6029990588235294 0.24244535294117647 1.0
0.10934250980392156 0.6002309019607843 0.2416764117647059 1.0
0.10703572549019608 0.5974627450980392 0.24090747058823528 1.0
0.10472894117647058 0.5946945882352941 0.2401385294117647 1.0
0.1024221568627451 0.5919264313725491 0.2393695882352941 1.0
0.10011537254901967 0.589158274509804 0.23860064705882356 1.0
0.09780858823529412 0.5863901176470588 0.23783170588235295 1.0
0.09550180392156862 0.5836219607843137 0.23706276470588233 1.0
0.09319501960784313 0.5808538039215686 0.23629382352941175 1.0
0.09088823529411764 0.5780856470588235 0.23552488235294117 1.0
0.08858145098039216 0.5753174901960785 0.23475594117647058 1.0
0.08627466666666667 0.5725493333333334 0.233987 1.0
0.08396788235294117 0.5697811764705882 0.2332180588235294 1.0
0.08166109803921569 0.5670130196078431 0.2324491176470588 1.0
0.0793543137254902 0.564244862745098 0.23168017647058822 1.0
0.07704752941176471 0.5614767058823529 0.23091123529411764 1.0
0.07474074509803921 0.5587085490196078 0.23014229411764706 1.0
0.07243396078431373 0.5559403921568628 0.22937335294117644 1.0
0.07012717647058825 0.5531722352941176 0.22860441176470586 1.0
0.06782039215686275 0.5504040784313725 0.22783547058823528 1.0
0.06612874509803922 0.5476359019607843 0.22737409803921568 1.0
0.06505223529411769 0.544867705882353 0.22722029411764705 1.0
0.06397572549019609 0.5420995098039215 0.2270664901960784 1.0
0.06289921568627452 0.5393313137254901 0.2269126862745098 1.0
0.061822705882352946 0.5365631176470588 0.22675888235294117 1.0
0.060746196078431375 0.5337949215686274 0.22660507843137254 1.0
0.05966968627450981 0.531026725490196 0.2264512745098039 1.0
0.05859317647058824 0.5282585294117647 0.2262974705882353 1.0
0.057516666666666674 0.5254903333333333 0.22614366666666666 1.0
0.0564401568627451 0.5227221372549019 0.22598986274509802 1.0
0.05536364705882353 0.5199539411764705 0.22583605882352942 1.0
0.05428713725490196 0.5171857450980392 0.22568225490196078 1.0
0.053210627450980395 0.5144175490196078 0.22552845098039215 1.0
0.052134117647058824 0.5116493529411764 0.2253746470588235 1.0
0.05105760784313726 0.508881156862745 0.2252208431372549 1.0
0.04998109803921569 0.5061129607843137 0.22506703921568627 1.0
0.048904588235294116 0.5033447647058823 0.22491323529411764 1.0
0.04782807843137258 0.500576568627451 0.22475943137254903 1.0
0.04675156862745099 0.4978083725490196 0.2246056274509804 1.0
0.045675058823529416 0.49504017647058823 0.22445182352941176 1.0
0.044598549019607844 0.49227198039215686 0.22429801960784315 1.0
0.04352203921568627 0.4895037843137255 0.22414421568627452 1.0
0.04244552941176471 0.4867355882352941 0.22399041176470588 1.0
0.041369019607843144 0.48396739215686274 0.22383660784313725 1.0
0.04029250980392157 0.48119919607843137 0.22368280392156864 1.0
0.039216 0.478431 0.223529 1.0
0.039216 0.4753552745098039 0.22337523529411765 1.0
0.039216 0.47227954901960784 0.2232214705882353 1.0
0.039216 0.46920382352941176 0.22306770588235295 1.0
0.039216 0.4661280980392157 0.2229139411764706 1.0
0.039216 0.4630523725490196 0.22276017647058824 1.0
0.039216 0.4599766470588235 0.22260641176470589 1.0
0.039216 0.45690092156862744 0.22245264705882353 1.0
0.039216 0.45382519607843147 0.22229888235294118 1.0
0.039216 0.4507494705882353 0.22214511764705883 1.0
0.039216 0.4476737450980392 0.22199135294117647 1.0
0.039216 0.4445980196078431 0.22183758823529412 1.0
0.039216 0.4415222941176471 0.22168382352941177 1.0
0.039216 0.438446568627451 0.2215300588235294 1.0
0.039216 0.43537084313725494 0.22137629411764706 1.0
0.039216 0.43229511764705886 0.2212225294117647 1.0
0.039216 0.4292193921568628 0.22106876470588235 1.0
0.039216 0.4261436666666667 0.220915 1.0
0.039216 0.4230679411764706 0.22076123529411765 1.0
0.039216 0.41999221568627454 0.2206074705882353 1.0
0.039216 0.41691649019607846 0.22045370588235294 1.0
0.039216 0.4138407647058824 0.2202999411764706 1.0
0.039216 0.4107650392156863 0.22014617647058823 1.0
0.039216 0.4076893137254902 0.21999241176470588 1.0
0.039216 0.40461358823529425 0.21983864705882353 1.0
0.039216 0.40153786274509806 0.21968488235294117 1.0
0.039062215686274514 0.39807766666666666 0.2189928431372549 1.0
0.03875464705882353 0.394233 0.21776252941176472 1.0
0.03844707843137255 0.39038833333333334 0.2165322156862745 1.0
0.03813950980392157 0.3865436666666667 0.2153019019607843 1.0
0.03783194117647059 0.382699 0.21407158823529412 1.0
0.03752437254901961 0.37885433333333335 0.21284127450980392 1.0
0.03721680392156863 0.3750096666666667 0.21161096078431374 1.0
0.036909235294117645 0.371165 0.21038064705882353 1.0
0.036601666666666664 0.36732033333333336 0.20915033333333333 1.0
0.03629409803921568 0.36347566666666664 0.20792001960784315 1.0
0.03598652941176471 0.35963100000000003 0.20668970588235294 1.0
0.03567896078431373 0.3557863333333333 0.20545939215686276 1.0
0.035371392156862747 0.35194166666666665 0.20422907843137256 1.0
0.035063823529411765 0.348097 0.20299876470588235 1.0
0.03475625490196079 0.34425233333333344 0.2017684509803922 1.0
0.0344486862745098 0.34040766666666666 0.20053813725490197 1.0
0.03414111764705882 0.336563 0.19930782352941176 1.0
0.03383354901960784 0.33271833333333334 0.19807750980392158 1.0
0.03352598039215686 0.3288736666666667 0.19684719607843137 1.0
0.033218411764705885 0.325029 0.1956168823529412 1.0
0.0329108431372549 0.3211843333333333 0.194386568627451 1.0
0.03260327450980392 0.3173396666666667 0.19315625490196078 1.0
0.03229570588235294 0.31349499999999997 0.1919259411764706 1.0
0.03198813725490196 0.3096503333333333 0.1906956274509804 1.0
0.03168056862745098 0.30580566666666664 0.18946531372549022 1.0
0.031373 0.301961 0.188235 1.0
