0.996078 1.0 0.960784 1.0
0.9891576078431372 0.996155294117647 0.9415606666666667 1.0
0.9822372156862745 0.9923105882352942 0.9223373333333333 1.0
0.9753168235294117 0.9884658823529412 0.9031140000000001 1.0
0.968396431372549 0.9846211764705883 0.8838906666666667 1.0
0.9614760392156863 0.9807764705882354 0.8646673333333335 1.0
0.9552476470588236 0.9790078823529412 0.8470587647058825 1.0
0.9490961437908497 0.9774699738562092 0.8296296143790851 1.0
0.9429446405228759 0.9759320653594772 0.8122004640522876 1.0
0.936793137254902 0.9743941568627451 0.7947713137254903 1.0
0.9306416339869281 0.9728562483660131 0.7773421633986929 1.0
0.9244901307189544 0.9713183398692811 0.7599130130718955 1.0
0.9183386274509805 0.9697804313725491 0.7424838627450981 1.0
0.9124178235294118 0.9684732156862745 0.7265669411764707 1.0
0.9071891176470589 0.9678580784313726 0.715186705882353 1.0
0.901960411764706 0.9672429411764706 0.7038064705882353 1.0
0.896731705882353 0.9666278039215687 0.6924262352941177 1.0
0.891503 0.9660126666666666 0.681046 1.0
0.8862742941176471 0.9653975294117647 0.6696657647058823 1.0
0.8810455882352941 0.9647823921568628 0.6582855294117647 1.0
0.8758168823529412 0.9641672549019608 0.6469052941176471 1.0
0.8705881764705883 0.9635521176470588 0.6355250588235294 1.0
0.8653594705882353 0.9629369803921568 0.6241448235294117 1.0
0.8601307647058823 0.9623218431372549 0.6127645882352941 1.0
0.8549020588235294 0.961706705882353 0.6013843529411764 1.0
0.8496733529411764 0.9610915686274509 0.5900041176470587 1.0
0.8444446078431372 0.9600150588235293 0.5812382352941176 1.0
0.8392158235294117 0.9584771764705882 0.5750867058823529 1.0
0.8339870392156863 0.956939294117647 0.5689351764705882 1.0
0.8287582549019608 0.9554014117647058 0.5627836470588236 1.0
0.8235294705882352 0.9538635294117647 0.5566321176470588 1.0
0.8183006862745098 0.9523256470588235 0.5504805882352941 1.0
0.8130719019607843 0.9507877647058823 0.5443290588235294 1.0
0.8078431176470589 0.9492498823529412 0.5381775294117648 1.0
0.8026143333333333 0.947712 0.532026 1.0
0.7973855490196079 0.9461741176470588 0.5258744705882353 1.0
0.7921567647058824 0.9446362352941177 0.5197229411764707 1.0
0.786927980392157 0.9430983529411765 0.513571411764706 1.0
0.7816991960784314 0.9415604705882353 0.5074198823529412 1.0
0.7762397647058824 0.9393305882352941 0.5024218235294119 1.0
0.7707034509803922 0.9368700392156862 0.49780825490196084 1.0
0.765167137254902 0.9344094901960784 0.4931946862745099 1.0
0.7596308235294118 0.9319489411764705 0.48858111764705886 1.0
0.7540945098039216 0.9294883921568627 0.48396754901960787 1.0
0.7485581960784313 0.9270278431372548 0.4793539803921569 1.0
0.7430218823529412 0.924567294117647 0.47474041176470594 1.0
0.737485568627451 0.9221067450980391 0.4701268431372549 1.0
0.7319492549019607 0.9196461960784313 0.4655132745098039 1.0
0.7264129411764705 0.9171856470588234 0.4608997058823529 1.0
0.7208766274509804 0.9147250980392156 0.4562861372549019 1.0
0.7153403137254901 0.9122645490196077 0.4516725686274509 1.0
0.7098039999999999 0.9098039999999998 0.44705899999999993 1.0
0.7024221960784313 0.9051903529411763 0.44213782352941167 1.0
0.6950403921568626 0.9005767058823528 0.4372166470588235 1.0
0.687658588235294 0.8959630588235293 0.43229547058823525 1.0
0.6802767843137254 0.8913494117647058 0.427374294117647 1.0
0.6728949803921568 0.8867357647058822 0.4224531176470588 1.0
0.6655131764705882 0.8821221176470587 0.4175319411764706 1.0
0.6581313725490195 0.8775084705882352 0.4126107647058823 1.0
0.6507495686274509 0.8728948235294117 0.40768958823529405 1.0
0.6433677647058823 0.8682811764705882 0.40276841176470585 1.0
0.6359859607843137 0.8636675294117647 0.39784723529411764 1.0
0.6286041568627451 0.8590538823529411 0.3929260588235294 1.0
0.6212223529411764 0.8544402352941176 0.38800488235294117 1.0
0.6141481372549019 0.8497497058823529 0.3833143725490196 1.0
0.6079966862745098 0.8448285294117647 0.37931586274509804 1.0
0.6018452352941177 0.8399073529411766 0.3753173529411765 1.0
0.5956937843137254 0.8349861764705883 0.3713188431372549 1.0
0.5895423333333334 0.830065 0.36732033333333336 1.0
0.5833908823529412 0.8251438235294117 0.3633218235294118 1.0
0.5772394313725491 0.8202226470588235 0.3593233137254902 1.0
0.5710879803921569 0.8153014705882353 0.3553248039215687 1.0
0.5649365294117648 0.8103802941176471 0.3513262941176471 1.0
0.5587850784313726 0.8054591176470589 0.3473277843137255 1.0
0.5526336274509805 0.8005379411764707 0.343329274509804 1.0
0.5464821764705884 0.7956167647058824 0.3393307647058824 1.0
0.5403307254901962 0.7906955882352942 0.33533225490196084 1.0
0.534794411764706 0.7863895490196079 0.33179515686274513 1.0
0.5298732352941178 0.7826986470588236 0.3287194705882353 1.0
0.5249520588235295 0.7790077450980393 0.32564378431372554 1.0
0.5200308823529413 0.7753168431372549 0.3225680980392157 1.0
0.515109705882353 0.7716259411764707 0.3194924117647059 1.0
0.5101885294117648 0.7679350392156863 0.3164167254901961 1.0
0.5052673529411765 0.7642441372549019 0.3133410392156863 1.0
0.5003461764705883 0.7605532352941177 0.31026535294117646 1.0
0.495425 0.7568623333333333 0.3071896666666667 1.0
0.4905038235294118 0.753171431372549 0.30411398039215687 1.0
0.48558264705882354 0.7494805294117647 0.30103829411764704 1.0
0.4806614705882353 0.7457896274509803 0.2979626078431373 1.0
0.47574029411764707 0.7420987254901961 0.29488692156862745 1.0
0.47081911764705886 0.7381771764705882 0.2913498235294118 1.0
0.4658979411764706 0.7341787450980392 0.28765892156862743 1.0
0.46097676470588234 0.7301803137254902 0.2839680196078431 1.0
0.45605558823529413 0.7261818823529411 0.2802771176470588 1.0
0.45113441176470587 0.7221834509803922 0.2765862156862745 1.0
0.44621323529411766 0.7181850196078431 0.2728953137254902 1.0
0.4412920588235294 0.7141865882352941 0.2692044117647059 1.0
0.4363708823529412 0.7101881568627451 0.2655135098039216 1.0
0.431449705882353 0.7061897254901961 0.2618226078431373 1.0
0.4265285294117647 0.702191294117647 0.25813170588235296 1.0
0.42160735294117646 0.6981928627450981 0.25444080392156865 1.0
0.41668617647058825 0.694194431372549 0.25074990196078434 1.0
0.411765 0.690196 0.247059 1.0
0.40684382352941173 0.6871202352941177 0.24398323529411764 1.0
0.4019226470588235 0.6840444705882354 0.24090747058823528 1.0
0.39700147058823526 0.6809687058823529 0.23783170588235292 1.0
0.3920802941176471 0.6778929411764706 0.2347559411764706 1.0
0.3871591176470588 0.6748171764705883 0.23168017647058822 1.0
0.38223794117647053 0.6717414117647059 0.22860441176470586 1.0
0.3773167647058823 0.6686656470588235 0.2255286470588235 1.0
0.37239558823529406 0.6655898823529411 0.22245288235294114 1.0
0.36747441176470585 0.6625141176470588 0.2193771176470588 1.0
0.3625532352941176 0.6594383529411765 0.21630135294117644 1.0
0.35763205882352933 0.6563625882352941 0.21322558823529408 1.0
0.3527108823529412 0.6532868235294118 0.21014982352941175 1.0
0.34794349019607834 0.650364862745098 0.2071509607843137 1.0
0.3436374509803921 0.6479043137254902 0.2043828039215686 1.0
0.3393314117647058 0.6454437647058824 0.2016146470588235 1.0
0.33502537254901954 0.6429832156862745 0.19884649019607842 1.0
0.3307193333333333 0.6405226666666667 0.1960783333333333 1.0
0.326413294117647 0.6380621176470588 0.1933101764705882 1.0
0.32210725490196074 0.635601568627451 0.19054201960784312 1.0
0.31780121568627456 0.6331410196078432 0.18777386274509805 1.0
0.3134951764705882 0.6306804705882353 0.18500570588235293 1.0
0.30918913725490194 0.6282199215686275 0.18223754901960784 1.0
0.30488309803921565 0.6257593725490196 0.17946939215686275 1.0
0.3005770588235294 0.6232988235294118 0.17670123529411766 1.0
0.29627101960784313 0.620838274509804 0.17393307843137257 1.0
0.2922725490196078 0.6183776862745098 0.17178005882352942 1.0
0.2885816470588235 0.6159170588235294 0.17024217647058823 1.0
0.2848907450980392 0.613456431372549 0.16870429411764706 1.0
0.2811998431372549 0.6109958039215686 0.1671664117647059 1.0
0.2775089411764707 0.6085351764705883 0.16562852941176476 1.0
0.27381803921568626 0.6060745490196079 0.16409064705882354 1.0
0.27012713725490195 0.6036139215686275 0.16255276470588237 1.0
0.26643623529411764 0.6011532941176471 0.16101488235294117 1.0
0.26274533333333333 0.5986926666666667 0.159477 1.0
0.259054431372549 0.5962320392156862 0.1579391176470588 1.0
0.2553635294117647 0.5937714117647058 0.15640123529411765 1.0
0.2516726274509804 0.5913107843137254 0.15486335294117648 1.0
0.2479817254901961 0.588850156862745 0.15332547058823529 1.0
0.24544423529411766 0.5866202352941176 0.152941 1.0
0.24329121568627451 0.5844672156862745 0.152941 1.0
0.24113819607843137 0.5823141960784314 0.152941 1.0
0.23898517647058823 0.5801611764705882 0.152941 1.0
0.23683215686274509 0.5780081568627451 0.152941 1.0
0.23467913725490197 0.5758551372549019 0.152941 1.0
0.23252611764705883 0.5737021176470588 0.152941 1.0
0.23037309803921574 0.5715490980392157 0.152941 1.0
0.22822007843137254 0.5693960784313725 0.152941 1.0
0.2260670588235294 0.5672430588235293 0.152941 1.0
0.22391403921568628 0.5650900392156862 0.152941 1.0
0.22176101960784314 0.562937019607843 0.152941 1.0
0.219608 0.560784 0.152941 1.0
0.21745498039215685 0.5583234509803922 0.1526334705882353 1.0
0.2153019607843137 0.5558629019607843 0.15232594117647058 1.0
0.2131489411764706 0.5534023529411765 0.15201841176470587 1.0
0.21099592156862745 0.5509418039215686 0.15171088235294117 1.0
0.2088429019607843 0.5484812549019608 0.15140335294117646 1.0
0.20668988235294117 0.546020705882353 0.15109582352941175 1.0
0.20453686274509802 0.5435601568627451 0.15078829411764708 1.0
0.2023838431372549 0.5410996078431373 0.15048076470588237 1.0
0.20023082352941177 0.5386390588235294 0.15017323529411766 1.0
0.19807780392156862 0.5361785098039216 0.14986570588235296 1.0
0.19592478431372554 0.5337179607843138 0.14955817647058825 1.0
0.19377176470588234 0.5312574117647059 0.14925064705882354 1.0
0.1916956274509804 0.5286430588235294 0.1489430980392157 1.0
0.18985013725490196 0.525567294117647 0.14863549019607844 1.0
0.18800464705882353 0.5224915294117647 0.1483278823529412 1.0
0.1861591568627451 0.5194157647058824 0.14802027450980393 1.0
0.18431366666666665 0.51634 0.1477126666666667 1.0
0.18246817647058824 0.5132642352941177 0.14740505882352942 1.0
0.1806226862745098 0.5101884705882354 0.14709745098039217 1.0
0.17877719607843137 0.5071127058823529 0.1467898431372549 1.0
0.17693170588235294 0.5040369411764706 0.14648223529411766 1.0
0.1750862156862745 0.5009611764705882 0.1461746274509804 1.0
0.1732407254901961 0.4978854117647059 0.14586701960784315 1.0
0.17139523529411765 0.4948096470588236 0.14555941176470588 1.0
0.16954974509803922 0.4917338823529412 0.14525180392156864 1.0
0.1678580980392157 0.48865811764705885 0.145098 1.0
0.1663202941176471 0.4855823529411766 0.145098 1.0
0.16478249019607843 0.48250658823529413 0.145098 1.0
0.1632446862745098 0.4794308235294118 0.145098 1.0
0.16170688235294117 0.4763550588235294 0.145098 1.0
0.16016907843137254 0.4732792941176471 0.145098 1.0
0.15863127450980394 0.4702035294117647 0.145098 1.0
0.1570934705882353 0.46712776470588235 0.145098 1.0
0.15555566666666668 0.464052 0.145098 1.0
0.15401786274509804 0.46097623529411763 0.145098 1.0
0.1524800588235294 0.4579004705882353 0.145098 1.0
0.15094225490196078 0.4548247058823529 0.145098 1.0
0.14940445098039218 0.4517489411764706 0.145098 1.0
0.14878929411764708 0.4486732352941176 0.14555935294117647 1.0
0.1484816862745098 0.44559754901960785 0.14617449019607842 1.0
0.14817407843137256 0.442521862745098 0.1467896274509804 1.0
0.1478664705882353 0.4394461764705882 0.14740476470588235 1.0
0.14755886274509805 0.4363704901960785 0.1480199019607843 1.0
0.14725125490196078 0.4332948039215686 0.14863503921568627 1.0
0.14694364705882354 0.43021911764705884 0.14925017647058825 1.0
0.14663603921568627 0.427143431372549 0.1498653137254902 1.0
0.14632843137254903 0.4240677450980392 0.15048045098039214 1.0
0.14602082352941176 0.4209920588235294 0.15109558823529412 1.0
0.14571321568627452 0.4179163725490196 0.15171072549019607 1.0
0.14540560784313727 0.4148406862745098 0.15232586274509805 1.0
0.145098 0.411765 0.152941 1.0
0.14479039215686276 0.4083816274509804 0.15417127450980392 1.0
0.1444827843137255 0.4049982549019608 0.15540154901960784 1.0
0.14417517647058825 0.4016148823529412 0.15663182352941177 1.0
0.14386756862745098 0.3982315098039216 0.1578620980392157 1.0
0.14355996078431374 0.394848137254902 0.1590923725490196 1.0
0.14325235294117647 0.3914647647058823 0.16032264705882351 1.0
0.14294474509803923 0.3880813921568627 0.16155292156862744 1.0
0.14263713725490196 0.3846980196078432 0.16278319607843134 1.0
0.14232952941176472 0.3813146470588235 0.1640134705882353 1.0
0.14202192156862745 0.3779312745098039 0.1652437450980392 1.0
0.1417143137254902 0.3745479019607843 0.16647401960784314 1.0
0.14140670588235293 0.3711645294117647 0.16770429411764706 1.0
0.14109911764705882 0.3678580784313725 0.168627 1.0
0.1407915882352941 0.3647823921568627 0.168627 1.0
0.1404840588235294 0.36170670588235293 0.168627 1.0
0.1401765294117647 0.3586310196078431 0.168627 1.0
0.139869 0.35555533333333333 0.168627 1.0
0.1395614705882353 0.3524796470588235 0.168627 1.0
0.13925394117647058 0.3494039607843137 0.168627 1.0
0.13894641176470587 0.3463282745098039 0.168627 1.0
0.13863888235294117 0.3432525882352941 0.168627 1.0
0.13833135294117646 0.3401769019607843 0.168627 1.0
0.13802382352941175 0.3371012156862745 0.168627 1.0
0.13771629411764705 0.3340255294117648 0.168627 1.0
0.13740876470588234 0.3309498431372549 0.168627 1.0
0.13710119607843135 0.32833549019607844 0.16878080392156863 1.0
0.1367935882352941 0.3261824705882353 0.16908841176470588 1.0
0.13648598039215684 0.32402945098039215 0.16939601960784315 1.0
0.1361783725490196 0.321876431372549 0.1697036274509804 1.0
0.13587076470588236 0.31972341176470587 0.17001123529411766 1.0
0.1355631568627451 0.3175703921568627 0.1703188431372549 1.0
0.13525554901960785 0.3154173725490196 0.17062645098039217 1.0
0.13494794117647058 0.31326435294117644 0.1709340588235294 1.0
0.13464033333333333 0.3111113333333333 0.17124166666666668 1.0
0.1343327254901961 0.30895831372549015 0.17154927450980392 1.0
0.13402511764705882 0.30680529411764706 0.1718568823529412 1.0
0.13371750980392158 0.3046522745098039 0.17216449019607843 1.0
0.1334099019607843 0.3024992549019608 0.1724720980392157 1.0
0.13410192156862746 0.2996541372549019 0.17331792156862746 1.0
0.13512715032679737 0.296578320261438 0.17434315032679737 1.0
0.13615237908496733 0.29350250326797384 0.17536837908496733 1.0
0.13717760784313726 0.2904266862745098 0.17639360784313726 1.0
0.1382028366013072 0.28735086928104575 0.1774188366013072 1.0
0.13922806535947713 0.2842750522875817 0.17844406535947713 1.0
0.14025329411764706 0.28119923529411767 0.17946929411764706 1.0
0.1413298039215686 0.2782772156862745 0.18054578431372548 1.0
0.1428678431372549 0.2767393725490196 0.1820836274509804 1.0
0.14440588235294116 0.2752015294117647 0.1836214705882353 1.0
0.14594392156862745 0.2736636862745098 0.1851593137254902 1.0
0.14748196078431375 0.2721258431372549 0.1866971568627451 1.0
0.14902 0.270588 0.188235 1.0
