0.550541 0.006842 0.45198 1.0
0.551494 0.015367000000000002 0.447972 1.0
0.552426 0.023795 0.443998 1.0
0.553328 0.032329 0.440021 1.0
0.554227 0.04117 0.436063 1.0
0.555098 0.049286 0.432125 1.0
0.555948 0.056667 0.428188 1.0
0.556797 0.063525 0.424272 1.0
0.557619 0.06997 0.420377 1.0
0.558415 0.076028 0.416509 1.0
0.55921 0.081936 0.412663 1.0
0.559991 0.087507 0.408823 1.0
0.560746 0.092811 0.405012 1.0
0.561495 0.098081 0.401237 1.0
0.562235 0.103128 0.397471 1.0
0.562954 0.108005 0.393736 1.0
0.563663 0.112872 0.390025 1.0
0.564355 0.11753 0.386344 1.0
0.565032 0.122122 0.382698 1.0
0.565709 0.126681 0.379074 1.0
0.56638 0.131171 0.375474 1.0
0.567037 0.135542 0.371905 1.0
0.567679 0.139872 0.368378 1.0
0.568312 0.144198 0.364861 1.0
0.568939 0.148416 0.361384 1.0
0.569559 0.152618 0.357942 1.0
0.570171 0.156806 0.354519 1.0
0.570777 0.160934 0.351127 1.0
0.571377 0.165008 0.347764 1.0
0.571972 0.16912 0.344417 1.0
0.572562 0.173131 0.34112 1.0
0.573142 0.177166 0.337836 1.0
0.573711 0.181138 0.334602 1.0
0.574276 0.185151 0.331356 1.0
0.57484 0.189095 0.32817 1.0
0.575406 0.193035 0.324992 1.0
0.575967 0.196978 0.321854 1.0
0.576518 0.200854 0.31874 1.0
0.57706 0.204783 0.315654 1.0
0.577596 0.208664 0.312565 1.0
0.578135 0.212545 0.309542 1.0
0.578676 0.216431 0.306516 1.0
0.579214 0.220287 0.303496 1.0
0.579746 0.224106 0.300518 1.0
0.580271 0.227977 0.297566 1.0
0.580793 0.231817 0.294618 1.0
0.581315 0.235646 0.291715 1.0
0.581835 0.239463 0.28881 1.0
0.582353 0.243268 0.28591 1.0
0.58287 0.247097 0.283066 1.0
0.583386 0.250916 0.280201 1.0
0.583901 0.254739 0.277381 1.0
0.584416 0.258531 0.274552 1.0
0.584931 0.262342 0.27174 1.0
0.585443 0.266156 0.26898 1.0
0.585951 0.269966 0.266198 1.0
0.586456 0.273771 0.263439 1.0
0.586961 0.277575 0.260676 1.0
0.587466 0.281374 0.257925 1.0
0.587972 0.28518 0.255221 1.0
0.588478 0.289013 0.252494 1.0
0.588984 0.292818 0.249767 1.0
0.589491 0.296652 0.247081 1.0
0.589999 0.300465 0.244376 1.0
0.590507 0.3043 0.241716 1.0
0.591016 0.308135 0.239031 1.0
0.591526 0.311969 0.236379 1.0
0.592038 0.315846 0.233692 1.0
0.592548 0.319698 0.231058 1.0
0.593055 0.323559 0.22842 1.0
0.593562 0.327429 0.225773 1.0
0.594071 0.331309 0.223134 1.0
0.594583 0.335229 0.22051 1.0
0.595095 0.339131 0.217865 1.0
0.595609 0.343048 0.215226 1.0
0.596126 0.346976 0.212613 1.0
0.596645 0.350921 0.209994 1.0
0.597164 0.35488 0.207388 1.0
0.59768 0.35883 0.204776 1.0
0.598196 0.362821 0.202147 1.0
0.598721 0.366829 0.199533 1.0
0.599248 0.370837 0.196964 1.0
0.599771 0.374879 0.19437 1.0
0.600294 0.378931 0.191738 1.0
0.600819 0.383009 0.189149 1.0
0.601346 0.38709 0.186548 1.0
0.601874 0.391215 0.183949 1.0
0.602403 0.395345 0.181345 1.0
0.602933 0.399486 0.178782 1.0
0.603464 0.403678 0.176158 1.0
0.603995 0.407873 0.173594 1.0
0.604521 0.412102 0.171015 1.0
0.605043 0.416348 0.168436 1.0
0.605562 0.420618 0.165848 1.0
0.606084 0.424928 0.163317 1.0
0.606609 0.429252 0.160731 1.0
0.607129 0.4336 0.158195 1.0
0.607639 0.437998 0.155649 1.0
0.608144 0.442412 0.153086 1.0
0.608644 0.446848 0.150582 1.0
0.609134 0.451324 0.148071 1.0
0.60961 0.455826 0.145615 1.0
0.610079 0.460356 0.143119 1.0
0.610542 0.464933 0.140685 1.0
0.610991 0.469544 0.138267 1.0
0.611421 0.47417 0.135829 1.0
0.611833 0.478839 0.133514 1.0
0.612226 0.483539 0.131212 1.0
0.6126 0.488287 0.12892 1.0
0.61295 0.493049 0.126718 1.0
0.613275 0.497875 0.124574 1.0
0.613572 0.502705 0.122487 1.0
0.613837 0.507592 0.120512 1.0
0.614069 0.512502 0.118669 1.0
0.614264 0.517459 0.116848 1.0
0.614418 0.522434 0.11516 1.0
0.61453 0.527456 0.113657 1.0
0.614594 0.53251 0.112266 1.0
0.614607 0.537595 0.111032 1.0
0.614566 0.542708 0.109999 1.0
0.614468 0.547849 0.109114 1.0
0.614308 0.553016 0.108421 1.0
0.614082 0.558212 0.10801 1.0
0.613787 0.563446 0.10785 1.0
0.613419 0.568682 0.107943 1.0
0.612974 0.573946 0.108312 1.0
0.612449 0.579232 0.109026 1.0
0.611842 0.584522 0.11004 1.0
0.611148 0.58982 0.11132 1.0
0.610353 0.595132 0.112963 1.0
0.609471 0.600443 0.114856 1.0
0.608494 0.605748 0.117169 1.0
0.607411 0.61106 0.119811 1.0
0.606215 0.61635 0.122763 1.0
0.60493 0.621618 0.126124 1.0
0.603536 0.626876 0.129757 1.0
0.602026 0.632107 0.133692 1.0
0.600413 0.637306 0.137967 1.0
0.598689 0.642469 0.142496 1.0
0.596862 0.647588 0.147334 1.0
0.594916 0.652662 0.152416 1.0
0.592872 0.657697 0.15779 1.0
0.590707 0.662667 0.163419 1.0
0.588441 0.667579 0.169258 1.0
0.586085 0.672429 0.17528 1.0
0.583613 0.677213 0.181507 1.0
0.581049 0.681916 0.187985 1.0
0.578388 0.68656 0.194586 1.0
0.575646 0.691121 0.20131 1.0
0.572809 0.695614 0.208243 1.0
0.569878 0.700018 0.215285 1.0
0.566888 0.704346 0.22247 1.0
0.563814 0.708597 0.229738 1.0
0.560662 0.712753 0.237171 1.0
0.557458 0.716845 0.244622 1.0
0.554182 0.720839 0.252219 1.0
0.550853 0.724766 0.259874 1.0
0.54747 0.728605 0.267574 1.0
0.544043 0.732376 0.275394 1.0
0.540571 0.736058 0.283238 1.0
0.537067 0.739685 0.291141 1.0
0.533507 0.743228 0.299094 1.0
0.529936 0.746702 0.307079 1.0
0.526333 0.750112 0.315113 1.0
0.522696 0.753461 0.323192 1.0
0.519049 0.756752 0.331281 1.0
0.515367 0.759983 0.339437 1.0
0.511681 0.763162 0.347595 1.0
0.50799 0.766293 0.355785 1.0
0.50428 0.769372 0.363984 1.0
0.50055 0.77241 0.372217 1.0
0.49682 0.775405 0.380485 1.0
0.493085 0.778365 0.388763 1.0
0.48935 0.781287 0.397049 1.0
0.485614 0.78418 0.405376 1.0
0.481884 0.787038 0.413711 1.0
0.478142 0.789866 0.422057 1.0
0.474411 0.792674 0.43044 1.0
0.47068 0.795455 0.438824 1.0
0.466955 0.798219 0.447235 1.0
0.46322 0.800964 0.455667 1.0
0.459518 0.803693 0.464121 1.0
0.45581 0.806409 0.472577 1.0
0.452124 0.80911 0.481054 1.0
0.448436 0.811796 0.489555 1.0
0.444772 0.814472 0.498091 1.0
0.441108 0.817144 0.506616 1.0
0.437487 0.819803 0.515175 1.0
0.433858 0.822465 0.523755 1.0
0.43028 0.82511 0.532352 1.0
0.42672 0.827756 0.54096 1.0
0.423186 0.830401 0.549598 1.0
0.419708 0.833036 0.558241 1.0
0.416257 0.835673 0.566923 1.0
0.412868 0.838305 0.575612 1.0
0.40952 0.840937 0.584314 1.0
0.406245 0.843562 0.593044 1.0
0.403035 0.84619 0.60178 1.0
0.399905 0.848819 0.610541 1.0
0.396872 0.851439 0.61932 1.0
0.39395 0.854061 0.628104 1.0
0.391152 0.856683 0.636905 1.0
0.388472 0.859301 0.645709 1.0
0.385935 0.861918 0.65453 1.0
0.383585 0.864526 0.663367 1.0
0.381407 0.867128 0.672196 1.0
0.379424 0.869728 0.681023 1.0
0.377672 0.872325 0.689863 1.0
0.37617 0.874907 0.698686 1.0
0.374923 0.877482 0.707507 1.0
0.373981 0.880045 0.716318 1.0
0.37334 0.882596 0.725106 1.0
0.373043 0.885136 0.733865 1.0
0.373112 0.887654 0.742601 1.0
0.37357 0.890156 0.7513 1.0
0.374439 0.892639 0.759946 1.0
0.375723 0.895095 0.768546 1.0
0.377467 0.897524 0.777098 1.0
0.379671 0.899923 0.785572 1.0
0.382352 0.902288 0.793974 1.0
0.385527 0.904619 0.802283 1.0
0.389213 0.906913 0.810503 1.0
0.393385 0.909161 0.818619 1.0
0.398074 0.911369 0.826627 1.0
0.403255 0.913528 0.834507 1.0
0.408926 0.915628 0.842255 1.0
0.415083 0.917688 0.849859 1.0
0.421704 0.919678 0.857309 1.0
0.428791 0.921615 0.864606 1.0
0.436305 0.923489 0.871734 1.0
0.444231 0.925293 0.878682 1.0
0.452541 0.927032 0.885454 1.0
0.461203 0.928705 0.892037 1.0
0.470211 0.930311 0.898424 1.0
0.479521 0.931839 0.90462 1.0
0.489103 0.933297 0.910617 1.0
0.49895 0.934685 0.916408 1.0
0.509019 0.936004 0.922005 1.0
0.519281 0.937246 0.927394 1.0
0.529715 0.938416 0.932588 1.0
0.540292 0.939517 0.937592 1.0
0.550997 0.940549 0.942401 1.0
0.561804 0.941509 0.94702 1.0
0.572686 0.942411 0.951459 1.0
0.583621 0.943243 0.955728 1.0
0.594606 0.944015 0.959825 1.0
0.60561 0.944731 0.963765 1.0
0.616637 0.945388 0.967563 1.0
0.627648 0.945989 0.971214 1.0
0.638645 0.946543 0.974739 1.0
0.64962 0.947052 0.978146 1.0
0.660548 0.947515 0.981449 1.0
0.671439 0.947934 0.984653 1.0
0.682276 0.948316 0.987765 1.0
0.693064 0.948662 0.990803 1.0
0.703779 0.948977 0.993775 1.0
