0.101441 0.20011 0.700194 1.0
0.103275 0.203014 0.698806 1.0
0.104955 0.205896 0.697423 1.0
0.106727 0.208726 0.696046 1.0
0.108299 0.211567 0.694659 1.0
0.109977 0.214366 0.693287 1.0
0.111521 0.217161 0.691913 1.0
0.11307 0.21994 0.690533 1.0
0.114496 0.222699 0.689172 1.0
0.116032 0.225438 0.6878 1.0
0.117443 0.228185 0.686435 1.0
0.118906 0.230894 0.685075 1.0
0.120279 0.233585 0.683714 1.0
0.121658 0.236312 0.682359 1.0
0.123038 0.238984 0.681006 1.0
0.124419 0.241675 0.679659 1.0
0.125813 0.244322 0.67832 1.0
0.127111 0.246997 0.676983 1.0
0.128474 0.249641 0.67564 1.0
0.129827 0.252304 0.674306 1.0
0.131137 0.254955 0.672979 1.0
0.132446 0.257568 0.671645 1.0
0.133757 0.260201 0.670328 1.0
0.13507 0.262823 0.669002 1.0
0.136327 0.265434 0.667684 1.0
0.137679 0.268035 0.66636 1.0
0.138935 0.270668 0.665046 1.0
0.140231 0.273263 0.663742 1.0
0.141543 0.275872 0.662432 1.0
0.14282 0.278454 0.661119 1.0
0.144107 0.281028 0.659816 1.0
0.145415 0.283628 0.65851 1.0
0.146648 0.286201 0.657214 1.0
0.147947 0.288802 0.655913 1.0
0.149229 0.291388 0.654606 1.0
0.150503 0.293949 0.653308 1.0
0.151764 0.296539 0.652018 1.0
0.153035 0.299117 0.650721 1.0
0.154318 0.301673 0.64943 1.0
0.155613 0.304252 0.648128 1.0
0.15688 0.306831 0.646841 1.0
0.158164 0.309412 0.645542 1.0
0.159416 0.311952 0.644249 1.0
0.160695 0.314529 0.64296 1.0
0.162002 0.317106 0.641664 1.0
0.163274 0.319678 0.640376 1.0
0.164543 0.322244 0.639079 1.0
0.165794 0.324799 0.637784 1.0
0.167115 0.327367 0.636491 1.0
0.168375 0.329947 0.635186 1.0
0.169688 0.332517 0.63389 1.0
0.170957 0.335083 0.632583 1.0
0.172248 0.337633 0.631277 1.0
0.173551 0.340199 0.629962 1.0
0.174877 0.342765 0.628648 1.0
0.176151 0.345314 0.627322 1.0
0.17752 0.347876 0.625992 1.0
0.178838 0.350435 0.624657 1.0
0.18016 0.352981 0.623315 1.0
0.181504 0.355536 0.621949 1.0
0.182872 0.358073 0.620594 1.0
0.184263 0.360596 0.619216 1.0
0.185685 0.363136 0.617815 1.0
0.187076 0.365668 0.616413 1.0
0.188513 0.368188 0.614982 1.0
0.189944 0.370692 0.61354 1.0
0.191409 0.3732 0.612083 1.0
0.192907 0.375695 0.610606 1.0
0.194447 0.37818 0.609108 1.0
0.195967 0.380661 0.607582 1.0
0.197527 0.383122 0.606021 1.0
0.199102 0.38556 0.604456 1.0
0.200717 0.388001 0.60285 1.0
0.202374 0.390426 0.601219 1.0
0.20408 0.392837 0.599568 1.0
0.205772 0.395241 0.597878 1.0
0.207501 0.397623 0.596167 1.0
0.209253 0.399988 0.594425 1.0
0.211048 0.402341 0.592662 1.0
0.212851 0.404685 0.590855 1.0
0.214697 0.407021 0.589024 1.0
0.21659 0.409339 0.587173 1.0
0.218472 0.41164 0.585301 1.0
0.220405 0.413936 0.583386 1.0
0.222326 0.416219 0.581455 1.0
0.224273 0.418485 0.579507 1.0
0.226292 0.420749 0.577521 1.0
0.228298 0.423003 0.575529 1.0
0.230292 0.425262 0.573509 1.0
0.232354 0.427507 0.571468 1.0
0.234418 0.429738 0.569412 1.0
0.236494 0.431981 0.567351 1.0
0.238559 0.434195 0.565258 1.0
0.240659 0.436433 0.563176 1.0
0.242782 0.438655 0.561063 1.0
0.244908 0.440883 0.558948 1.0
0.247068 0.443126 0.556836 1.0
0.249228 0.445357 0.554707 1.0
0.251414 0.447595 0.552578 1.0
0.253591 0.449854 0.550447 1.0
0.255782 0.452118 0.548322 1.0
0.257992 0.454385 0.546194 1.0
0.260238 0.456657 0.544064 1.0
0.262487 0.458956 0.541944 1.0
0.264746 0.461264 0.539834 1.0
0.267031 0.463588 0.537747 1.0
0.269365 0.465931 0.535653 1.0
0.27167 0.468302 0.533584 1.0
0.274045 0.470701 0.531541 1.0
0.276437 0.473109 0.529517 1.0
0.278846 0.475569 0.527507 1.0
0.281273 0.478037 0.525529 1.0
0.283755 0.480545 0.52358 1.0
0.286254 0.483087 0.521652 1.0
0.288817 0.485665 0.519766 1.0
0.291406 0.488292 0.517923 1.0
0.294012 0.490955 0.516096 1.0
0.296691 0.493641 0.514334 1.0
0.299399 0.496376 0.51259 1.0
0.302129 0.499165 0.510895 1.0
0.304936 0.502001 0.509249 1.0
0.307762 0.504874 0.507643 1.0
0.310668 0.507797 0.506069 1.0
0.31359 0.510755 0.504562 1.0
0.316562 0.513775 0.503071 1.0
0.319579 0.516828 0.501649 1.0
0.322646 0.519921 0.500247 1.0
0.325731 0.523075 0.498902 1.0
0.328896 0.526263 0.497597 1.0
0.332081 0.529491 0.496307 1.0
0.335316 0.532757 0.49508 1.0
0.338565 0.536058 0.493873 1.0
0.341872 0.539398 0.492693 1.0
0.345206 0.542783 0.491567 1.0
0.348575 0.546195 0.490446 1.0
0.351966 0.54963 0.489345 1.0
0.355415 0.553094 0.488287 1.0
0.358852 0.556596 0.487239 1.0
0.362345 0.560123 0.486202 1.0
0.365854 0.563673 0.485185 1.0
0.369381 0.56724 0.484185 1.0
0.372929 0.570823 0.483199 1.0
0.376515 0.574431 0.482229 1.0
0.380098 0.578061 0.481253 1.0
0.38371 0.581709 0.480296 1.0
0.387326 0.58538 0.479342 1.0
0.39098 0.589046 0.478387 1.0
0.394629 0.592751 0.477439 1.0
0.398306 0.596451 0.476496 1.0
0.401978 0.600169 0.475558 1.0
0.405692 0.603906 0.474615 1.0
0.409398 0.607651 0.473662 1.0
0.413126 0.611403 0.472723 1.0
0.41686 0.615163 0.47179 1.0
0.420597 0.618953 0.470843 1.0
0.424359 0.622735 0.469902 1.0
0.428133 0.626534 0.468954 1.0
0.431922 0.630349 0.467997 1.0
0.435709 0.634172 0.467055 1.0
0.439505 0.637999 0.466094 1.0
0.443323 0.64184 0.46514 1.0
0.447143 0.64569 0.464197 1.0
0.450983 0.64956 0.46322 1.0
0.454835 0.653426 0.462265 1.0
0.458687 0.657318 0.461305 1.0
0.462548 0.661207 0.460331 1.0
0.466433 0.66511 0.459373 1.0
0.470328 0.669029 0.458397 1.0
0.474226 0.672957 0.457422 1.0
0.478136 0.676893 0.456446 1.0
0.482064 0.680831 0.455471 1.0
0.485991 0.684792 0.454495 1.0
0.489937 0.688766 0.453502 1.0
0.493897 0.692746 0.452527 1.0
0.497874 0.69673 0.451532 1.0
0.501847 0.700731 0.450538 1.0
0.505825 0.704741 0.449545 1.0
0.509834 0.708768 0.448549 1.0
0.513854 0.712792 0.447538 1.0
0.517878 0.716845 0.446543 1.0
0.521903 0.720893 0.445532 1.0
0.525961 0.724966 0.444538 1.0
0.530021 0.729039 0.443523 1.0
0.534088 0.73313 0.442513 1.0
0.538185 0.737229 0.441493 1.0
0.542279 0.741336 0.440469 1.0
0.546397 0.745461 0.43945 1.0
0.550519 0.749592 0.438427 1.0
0.554662 0.753743 0.437409 1.0
0.558814 0.757902 0.436376 1.0
0.563001 0.762067 0.43535 1.0
0.567196 0.76625 0.434306 1.0
0.571406 0.770443 0.433272 1.0
0.575652 0.774644 0.432249 1.0
0.579917 0.778862 0.431207 1.0
0.584205 0.783089 0.430163 1.0
0.588525 0.787331 0.429123 1.0
0.592898 0.79158 0.428085 1.0
0.597297 0.795841 0.427048 1.0
0.601739 0.800118 0.425999 1.0
0.606235 0.804401 0.424971 1.0
0.610797 0.808695 0.423927 1.0
0.61541 0.812993 0.422894 1.0
0.620108 0.817305 0.421867 1.0
0.624872 0.821627 0.420848 1.0
0.629725 0.825948 0.419844 1.0
0.634681 0.830279 0.418834 1.0
0.639735 0.83461 0.417842 1.0
0.644895 0.838937 0.416866 1.0
0.650187 0.843264 0.415892 1.0
0.655603 0.847585 0.414941 1.0
0.661151 0.851901 0.414009 1.0
0.666842 0.8562 0.413104 1.0
0.672692 0.860483 0.412213 1.0
0.67868 0.864742 0.411341 1.0
0.684831 0.868982 0.410515 1.0
0.691137 0.873182 0.409702 1.0
0.697607 0.87735 0.408922 1.0
0.704236 0.881483 0.408178 1.0
0.711022 0.885567 0.407469 1.0
0.717955 0.889601 0.406798 1.0
0.725038 0.893583 0.406169 1.0
0.73226 0.897513 0.405572 1.0
0.739616 0.901376 0.405005 1.0
0.74709 0.905184 0.404485 1.0
0.754686 0.908919 0.404012 1.0
0.762378 0.912595 0.403574 1.0
0.770173 0.916201 0.403168 1.0
0.778055 0.919746 0.402796 1.0
0.786012 0.923226 0.402459 1.0
0.794034 0.926637 0.402157 1.0
0.802106 0.929992 0.40189 1.0
0.81023 0.933282 0.401656 1.0
0.818395 0.936527 0.401452 1.0
0.826599 0.939711 0.401272 1.0
0.834823 0.942847 0.401115 1.0
0.843067 0.945933 0.400978 1.0
0.851325 0.948981 0.400859 1.0
0.859601 0.951989 0.400755 1.0
0.867883 0.954967 0.400665 1.0
0.876163 0.957911 0.400588 1.0
0.884451 0.960825 0.400522 1.0
0.892736 0.963712 0.400466 1.0
0.901018 0.96658 0.400418 1.0
0.909297 0.969428 0.400377 1.0
0.917577 0.972263 0.400342 1.0
0.925845 0.975074 0.400311 1.0
0.934106 0.977879 0.400283 1.0
0.942371 0.980672 0.400258 1.0
0.950623 0.983452 0.400235 1.0
0.95887 0.986227 0.400212 1.0
0.96711 0.988992 0.40019 1.0
0.975342 0.991749 0.400168 1.0
0.983572 0.9945 0.400145 1.0
0.991797 0.997245 0.40012 1.0
1.0 0.999989 0.400094 1.0
