0.999995 0.999995 0.999995 1.0
0.995537 0.995537 0.995537 1.0
0.991088 0.991088 0.991088 1.0
0.986642 0.986642 0.986642 1.0
0.982198 0.982198 0.982198 1.0
0.977754 0.977754 0.977754 1.0
0.973319 0.973319 0.973319 1.0
0.968884 0.968884 0.968884 1.0
0.964453 0.964453 0.964453 1.0
0.960031 0.960031 0.960031 1.0
0.955611 0.955611 0.955611 1.0
0.951192 0.951192 0.951192 1.0
0.946776 0.946776 0.946776 1.0
0.942369 0.942369 0.942369 1.0
0.93796 0.93796 0.93796 1.0
0.933554 0.933554 0.933554 1.0
0.929156 0.929156 0.929156 1.0
0.924761 0.924761 0.924761 1.0
0.920371 0.920371 0.920371 1.0
0.915983 0.915983 0.915983 1.0
0.911603 0.911603 0.911603 1.0
0.907227 0.907227 0.907227 1.0
0.902852 0.902852 0.902852 1.0
0.898477 0.898477 0.898477 1.0
0.894113 0.894113 0.894113 1.0
0.889748 0.889748 0.889748 1.0
0.88539 0.88539 0.88539 1.0
0.881035 0.881035 0.881035 1.0
0.87668 0.87668 0.87668 1.0
0.872339 0.872339 0.872339 1.0
0.867998 0.867998 0.867998 1.0
0.863659 0.863659 0.863659 1.0
0.859321 0.859321 0.859321 1.0
0.854993 0.854993 0.854993 1.0
0.850662 0.850662 0.850662 1.0
0.846339 0.846339 0.846339 1.0
0.842027 0.842027 0.842027 1.0
0.837713 0.837713 0.837713 1.0
0.833401 0.833401 0.833401 1.0
0.829099 0.829099 0.829099 1.0
0.824791 0.824791 0.824791 1.0
0.820494 0.820494 0.820494 1.0
0.816207 0.816207 0.816207 1.0
0.811915 0.811915 0.811915 1.0
0.807631 0.807631 0.807631 1.0
0.803349 0.803349 0.803349 1.0
0.799077 0.799077 0.799077 1.0
0.794803 0.794803 0.794803 1.0
0.790534 0.790534 0.790534 1.0
0.786276 0.786276 0.786276 1.0
0.782017 0.782017 0.782017 1.0
0.777762 0.777762 0.777762 1.0
0.773506 0.773506 0.773506 1.0
0.76926 0.76926 0.76926 1.0
0.765025 0.765025 0.765025 1.0
0.760787 0.760787 0.760787 1.0
0.756553 0.756553 0.756553 1.0
0.752323 0.752323 0.752323 1.0
0.748104 0.748104 0.748104 1.0
0.743882 0.743882 0.743882 1.0
0.739673 0.739673 0.739673 1.0
0.735456 0.735456 0.735456 1.0
0.731248 0.731248 0.731248 1.0
0.727048 0.727048 0.727048 1.0
0.722849 0.722849 0.722849 1.0
0.718658 0.718658 0.718658 1.0
0.714468 0.714468 0.714468 1.0
0.71029 0.71029 0.71029 1.0
0.706113 0.706113 0.706113 1.0
0.701932 0.701932 0.701932 1.0
0.697764 0.697764 0.697764 1.0
0.6936 0.6936 0.6936 1.0
0.689446 0.689446 0.689446 1.0
0.685288 0.685288 0.685288 1.0
0.68113 0.68113 0.68113 1.0
0.676993 0.676993 0.676993 1.0
0.672851 0.672851 0.672851 1.0
0.668712 0.668712 0.668712 1.0
0.664575 0.664575 0.664575 1.0
0.660448 0.660448 0.660448 1.0
0.656333 0.656333 0.656333 1.0
0.652211 0.652211 0.652211 1.0
0.648093 0.648093 0.648093 1.0
0.643985 0.643985 0.643985 1.0
0.639888 0.639888 0.639888 1.0
0.635786 0.635786 0.635786 1.0
0.631694 0.631694 0.631694 1.0
0.627604 0.627604 0.627604 1.0
0.623525 0.623525 0.623525 1.0
0.619446 0.619446 0.619446 1.0
0.615363 0.615363 0.615363 1.0
0.6113 0.6113 0.6113 1.0
0.607239 0.607239 0.607239 1.0
0.603175 0.603175 0.603175 1.0
0.599122 0.599122 0.599122 1.0
0.595068 0.595068 0.595068 1.0
0.591024 0.591024 0.591024 1.0
0.586984 0.586984 0.586984 1.0
0.582949 0.582949 0.582949 1.0
0.578924 0.578924 0.578924 1.0
0.574895 0.574895 0.574895 1.0
0.570877 0.570877 0.570877 1.0
0.566872 0.566872 0.566872 1.0
0.562864 0.562864 0.562864 1.0
0.558851 0.558851 0.558851 1.0
0.554858 0.554858 0.554858 1.0
0.550866 0.550866 0.550866 1.0
0.54688 0.54688 0.54688 1.0
0.542899 0.542899 0.542899 1.0
0.538921 0.538921 0.538921 1.0
0.534946 0.534946 0.534946 1.0
0.530981 0.530981 0.530981 1.0
0.527025 0.527025 0.527025 1.0
0.523068 0.523068 0.523068 1.0
0.519119 0.519119 0.519119 1.0
0.515167 0.515167 0.515167 1.0
0.511226 0.511226 0.511226 1.0
0.507296 0.507296 0.507296 1.0
0.503361 0.503361 0.503361 1.0
0.499439 0.499439 0.499439 1.0
0.495526 0.495526 0.495526 1.0
0.491625 0.491625 0.491625 1.0
0.487717 0.487717 0.487717 1.0
0.483804 0.483804 0.483804 1.0
0.479919 0.479919 0.479919 1.0
0.476028 0.476028 0.476028 1.0
0.472147 0.472147 0.472147 1.0
0.46826 0.46826 0.46826 1.0
0.464402 0.464402 0.464402 1.0
0.460518 0.460518 0.460518 1.0
0.456663 0.456663 0.456663 1.0
0.452816 0.452816 0.452816 1.0
0.448967 0.448967 0.448967 1.0
0.44512 0.44512 0.44512 1.0
0.44128 0.44128 0.44128 1.0
0.437458 0.437458 0.437458 1.0
0.433617 0.433617 0.433617 1.0
0.429806 0.429806 0.429806 1.0
0.425988 0.425988 0.425988 1.0
0.422177 0.422177 0.422177 1.0
0.418377 0.418377 0.418377 1.0
0.414588 0.414588 0.414588 1.0
0.410806 0.410806 0.410806 1.0
0.407017 0.407017 0.407017 1.0
0.403244 0.403244 0.403244 1.0
0.399461 0.399461 0.399461 1.0
0.395712 0.395712 0.395712 1.0
0.391949 0.391949 0.391949 1.0
0.388196 0.388196 0.388196 1.0
0.384448 0.384448 0.384448 1.0
0.38072 0.38072 0.38072 1.0
0.376987 0.376987 0.376987 1.0
0.373253 0.373253 0.373253 1.0
0.369534 0.369534 0.369534 1.0
0.365826 0.365826 0.365826 1.0
0.362122 0.362122 0.362122 1.0
0.358414 0.358414 0.358414 1.0
0.354736 0.354736 0.354736 1.0
0.351046 0.351046 0.351046 1.0
0.347368 0.347368 0.347368 1.0
0.343682 0.343682 0.343682 1.0
0.340026 0.340026 0.340026 1.0
0.336354 0.336354 0.336354 1.0
0.33272 0.33272 0.33272 1.0
0.329072 0.329072 0.329072 1.0
0.325412 0.325412 0.325412 1.0
0.321786 0.321786 0.321786 1.0
0.318165 0.318165 0.318165 1.0
0.314539 0.314539 0.314539 1.0
0.310945 0.310945 0.310945 1.0
0.307325 0.307325 0.307325 1.0
0.303728 0.303728 0.303728 1.0
0.300142 0.300142 0.300142 1.0
0.296568 0.296568 0.296568 1.0
0.292982 0.292982 0.292982 1.0
0.289427 0.289427 0.289427 1.0
0.285847 0.285847 0.285847 1.0
0.282321 0.282321 0.282321 1.0
0.27877 0.27877 0.27877 1.0
0.27523 0.27523 0.27523 1.0
0.27168 0.27168 0.27168 1.0
0.268164 0.268164 0.268164 1.0
0.264651 0.264651 0.264651 1.0
0.26115 0.26115 0.26115 1.0
0.257645 0.257645 0.257645 1.0
0.254166 0.254166 0.254166 1.0
0.25067 0.25067 0.25067 1.0
0.2472 0.2472 0.2472 1.0
0.243717 0.243717 0.243717 1.0
0.240256 0.240256 0.240256 1.0
0.236837 0.236837 0.236837 1.0
0.233358 0.233358 0.233358 1.0
0.22992 0.22992 0.22992 1.0
0.226524 0.226524 0.226524 1.0
0.223105 0.223105 0.223105 1.0
0.21969 0.21969 0.21969 1.0
0.216301 0.216301 0.216301 1.0
0.212876 0.212876 0.212876 1.0
0.209498 0.209498 0.209498 1.0
0.206146 0.206146 0.206146 1.0
0.20275 0.20275 0.20275 1.0
0.199379 0.199379 0.199379 1.0
0.196056 0.196056 0.196056 1.0
0.192705 0.192705 0.192705 1.0
0.189375 0.189375 0.189375 1.0
0.186067 0.186067 0.186067 1.0
0.182722 0.182722 0.182722 1.0
0.179431 0.179431 0.179431 1.0
0.176112 0.176112 0.176112 1.0
0.172845 0.172845 0.172845 1.0
0.169598 0.169598 0.169598 1.0
0.166308 0.166308 0.166308 1.0
0.163067 0.163067 0.163067 1.0
0.159779 0.159779 0.159779 1.0
0.156584 0.156584 0.156584 1.0
0.153322 0.153322 0.153322 1.0
0.150137 0.150137 0.150137 1.0
0.146903 0.146903 0.146903 1.0
0.143723 0.143723 0.143723 1.0
0.140541 0.140541 0.140541 1.0
0.13737 0.13737 0.13737 1.0
0.134203 0.134204 0.134204 1.0
0.131045 0.131045 0.131045 1.0
0.127892 0.127892 0.127892 1.0
0.124733 0.124733 0.124733 1.0
0.121589 0.12159 0.12159 1.0
0.118541 0.118541 0.118541 1.0
0.115402 0.115403 0.115403 1.0
0.11234 0.11234 0.11234 1.0
0.109266 0.109267 0.109267 1.0
0.106202 0.106203 0.106203 1.0
0.103134 0.103135 0.103135 1.0
0.100056 0.100057 0.100057 1.0
0.097002 0.097004 0.097003 1.0
0.094024 0.094026 0.094026 1.0
0.091021 0.091024 0.091023 1.0
0.087931 0.087933 0.087932 1.0
0.084744 0.084745 0.084745 1.0
0.081468 0.08147 0.081469 1.0
0.077984 0.077985 0.077985 1.0
0.074504 0.074505 0.074505 1.0
0.070845 0.070846 0.070846 1.0
0.067013 0.067014 0.067014 1.0
0.063057 0.063057 0.063057 1.0
0.058816 0.058816 0.058816 1.0
0.054339 0.054339 0.054339 1.0
0.04971 0.04971 0.04971 1.0
0.044716 0.044716 0.044716 1.0
0.03933 0.039331 0.03933 1.0
0.033552 0.033552 0.033552 1.0
0.028009 0.028009 0.028009 1.0
0.022447 0.022447 0.022447 1.0
0.016884 0.016884 0.016884 1.0
0.011219 0.011219 0.011219 1.0
0.005564 0.005564 0.005564 1.0
1e-06 1e-06 1e-06 1.0
