0.20546508885315634 0.28389228173119524 0.36901806037680657 1.0
0.20970547081485497 0.2899658595407396 0.3772483615963592 1.0
0.21393856839811254 0.29605078609066754 0.38551833368494726 1.0
0.21816396361933593 0.3021466462761124 0.39382770994578803 1.0
0.2223812436823528 0.308253030426723 0.40217623013176457 1.0
0.22659000070695157 0.3143695340050048 0.4105636401171284 1.0
0.23078983146933918 0.3204957573178767 0.41898969158338023 1.0
0.23498033715368682 0.32663130524049705 0.4274541417182647 1.0
0.23916112311398563 0.3327757869514716 0.4359567529268769 1.0
0.24333179864550336 0.33892881567862926 0.44449729255396325 1.0
0.2474919767651746 0.3450900084546046 0.45307553261655004 1.0
0.25164127400030584 0.35125898588151616 0.4616912495460957 1.0
0.25577931018502126 0.3574353719040848 0.47034422393941516 1.0
0.2599057082639115 0.3636187935905727 0.479034240317671 1.0
0.26402009410238525 0.3698088809209632 0.4877610868927625 1.0
0.2681220963032496 0.376005266581842 0.4965245553404905 1.0
0.2722113460290831 0.3822075857674707 0.5053244405799074 1.0
0.27628747682998445 0.38841547598656745 0.5141605405582881 1.0
0.28035012447630886 0.394628576874346 0.5230326560411911 1.0
0.28439892679602313 0.40084653000938203 0.5319405904071021 1.0
0.28843352351633067 0.40706897873489833 0.5408841494461764 1.0
0.2924535561092453 0.41329556798408185 0.5498631411626086 1.0
0.29645866764078793 0.41952594410906263 0.5588773755801915 1.0
0.300448502623524 0.4257597547132009 0.5679266645506182 1.0
0.3044227068721461 0.4319966484863429 0.577010821564125 1.0
0.30838092736184086 0.4382362750427161 0.5861296615620462 1.0
0.31232281208917206 0.4444782847611514 0.5952830007509026 1.0
0.3162480099352372 0.45072232862732503 0.6044706564176207 1.0
0.32015617053085377 0.4569680580777203 0.6136924467454953 1.0
0.3240469441235431 0.4632151248450232 0.6229481906305319 1.0
0.3279199814460874 0.46946318080466315 0.6322377074977692 1.0
0.33177493358643906 0.4757118778222215 0.6415608171172221 1.0
0.33561145185877117 0.48196086760142925 0.6509173394190612 1.0
0.3394291876754554 0.4882098015324832 0.6603070943076489 1.0
0.34322779241976525 0.49445833054040683 0.669729901474058 1.0
0.3470069173190962 0.5007061049331792 0.6791855802066782 1.0
0.35076621331850927 0.5069527742493674 0.6886739491995167 1.0
0.35450533095438774 0.5131979871049768 0.6981948263577962 1.0
0.35822392022801564 0.5194413910392494 0.7077480286004365 1.0
0.3619216304788738 0.5256826323591209 0.7173333716589919 1.0
0.3655981102574543 0.531921355982052 0.7269506698726146 1.0
0.36925300719738535 0.5381572052769356 0.7365997359785827 1.0
0.3728859678866678 0.5443898219027792 0.7462803808979345 1.0
0.3764966377378094 0.5506188456448471 0.7559924135157018 1.0
0.38008466085664244 0.5568439142479386 0.7657356404552492 1.0
0.38364967990960724 0.5630646632464684 0.7755098658461694 1.0
0.3871913359892777 0.5692807257909978 0.7853148910851787 1.0
0.3907092684778925 0.5754917324708467 0.7951505145894141 1.0
0.39420311490865084 0.5816973111324117 0.8050165315415073 1.0
0.3976725108245259 0.5878970866927758 0.8149127336257771 1.0
0.4011170896343352 0.5940906809481948 0.8248389087548288 1.0
0.404536482465784 0.6002777123770043 0.8347948407858232 1.0
0.4079303180152139 0.6064577959364764 0.8447803092256124 1.0
0.4122738225140106 0.6125827649364484 0.8539728795306589 1.0
0.4234743092680468 0.6183629090833909 0.8572823958074599 1.0
0.43451355439394984 0.6241420116604338 0.8605439234546287 1.0
0.44540152127258065 0.6299198139866952 0.8637584157863483 1.0
0.45614705774480163 0.635696046598714 0.8669267894370059 1.0
0.46675805331514125 0.6414704293811512 0.8700499252210223 1.0
0.4772415691975496 0.6472426716715447 0.8731286689983749 1.0
0.4876039466474535 0.653012472338508 0.8761638325423061 1.0
0.49785089778694774 0.65877951983275 0.8791561944060666 1.0
0.5079875822048904 0.664543492210257 0.8821065007858537 1.0
0.5180186719145733 0.6703040571269337 0.8850154663774015 1.0
0.5279484067181685 0.6760608718039416 0.8878837752239369 1.0
0.5377806416161868 0.6818135829628891 0.8907120815534707 1.0
0.5475188875809508 0.6875618267299378 0.8935010106035942 1.0
0.5571663467630296 0.6933052285077846 0.8962511594321669 1.0
0.5667259430022714 0.6990434028143432 0.898963097712438 1.0
0.5762003483582223 0.7047759530868111 0.9016373685113211 1.0
0.5855920062492282 0.7105024714496317 0.9042744890496592 1.0
0.5949031516884474 0.716222538444683 0.9068749514434484 1.0
0.6041358290230825 0.7219357227217967 0.909439223425088 1.0
0.6132919075164006 0.727641580687482 0.911967749043811 1.0
0.6223730950573733 0.7333396561094377 0.9144609493445057 1.0
0.6313809502376518 0.7390294796741482 0.9169192230242106 1.0
0.6403168929981933 0.744710568494486 0.9193429470655824 1.0
0.6491822140166826 0.7503824255638666 0.9217324773466632 1.0
0.6579780829807547 0.7560445391530385 0.9240881492262788 1.0
0.6667055558699723 0.7616963821450969 0.9264102781043729 1.0
0.675365581350818 0.7673374113037142 0.928699159956557 1.0
0.6839590063729374 0.7729670664689348 0.9309550718421042 1.0
0.6924865810411174 0.7785847696741162 0.9331782723845244 1.0
0.7009489628254758 0.7841899241767396 0.9353690022237765 1.0
0.7093467201618083 0.7897819133948104 0.9375274844390356 1.0
0.7176803354846729 0.7953600997394308 0.9396539249407797 1.0
0.7259502077273131 0.8009238233327817 0.941748512830774 1.0
0.7341566543147462 0.8064724005992215 0.9438114207282907 1.0
0.7422999126690579 0.8120051227153985 0.9458428050606335 1.0
0.7503801412389239 0.8175212539031694 0.9478428063156986 1.0
0.758397420058544 0.823020029546643 0.949811549253902 1.0
0.7663517508342022 0.8285006541117408 0.9517491430763355 1.0
0.7742430565495094 0.833962298843217 0.953655681545423 1.0
0.7820711805727159 0.8394040992099537 0.9555312430536823 1.0
0.7898358852411304 0.8448251520644249 0.9573758906353366 1.0
0.7975368498883707 0.8502245124763154 0.9591896719145497 1.0
0.8051736682694992 0.8556011901931236 0.9609726189827924 1.0
0.8127458453267429 0.8609541456719041 0.962724748196392 1.0
0.8202527932238448 0.8662822856156981 0.9644460598834496 1.0
0.8276938265595822 0.8715844579351637 0.9661365379470507 1.0
0.8350681566496251 0.8768594460397847 0.9677961493488704 1.0
0.8423748847397327 0.8821059623429296 0.9694248434537359 1.0
0.849612993980649 0.8873226408397998 0.9710225512112428 1.0
0.856781339954078 0.8925080285853527 0.9725891841448594 1.0
0.8638786394870416 0.8976605758585209 0.9741246331116801 1.0
0.8709034574250206 0.9027786247465271 0.9756287667865574 1.0
0.8778541909474319 0.9078603958147476 0.9771014298120871 1.0
0.8847290508949027 0.9129039724377239 0.9785424405396207 1.0
0.8915260394260955 0.9179072822473393 0.9799515882648094 1.0
0.8982429231174531 0.9228680749930664 0.9813286298317841 1.0
0.904877200339958 0.92778389588904 0.9826732854397263 1.0
0.9114260613594456 0.9326520532173074 0.9839852334294171 1.0
0.9178863390599821 0.9374695785257078 0.9852641037476954 1.0
0.9242544474031121 0.9422331771394482 0.986509469672768 1.0
0.9305263035803756 0.9469391657962974 0.9877208372138292 1.0
0.9366972280793694 0.9515833928493059 0.9888976313426149 1.0
0.9427618142015017 0.9561611343731317 0.9900391778180787 1.0
0.9487137543006395 0.9606669561574367 0.9911446787320594 1.0
0.9545456029750073 0.9650945260481035 0.9922131788559606 1.0
0.9602484453601755 0.9694363516191619 0.9932435180624178 1.0
0.9658114168853548 0.9736834010834928 0.9942342618279526 1.0
0.9712209792093144 0.9778245327319798 0.9951835955523617 1.0
0.9764597714663491 0.9818455912029033 0.9960891554965866 1.0
0.9815046631178989 0.9857278780554811 0.9969477398888976 1.0
0.9863231439672132 0.9894453205501682 0.997754769020016 1.0
0.9908657048854254 0.9929585049831774 0.9985031365676625 1.0
0.9950460196333132 0.9961991803362918 0.9991801972359619 1.0
0.9986617111703814 0.999008402827723 0.9997556133546232 1.0
0.9997975576198134 0.9988006617357191 0.9984678971647941 1.0
0.9992232127944743 0.9954237726664293 0.9945464030212253 1.0
0.9985489524564323 0.9915250209647372 0.9900281465635979 1.0
0.9978055901660946 0.987294488917647 0.9851350464348466 1.0
0.9970061650169014 0.982813496980183 0.9799621566624225 1.0
0.9961581383697168 0.9781288201165218 0.9745641957091532 1.0
0.9952664231901031 0.9732712664904707 0.9689772235514064 1.0
0.9943345414615122 0.9682628256274489 0.9632269870802469 1.0
0.9933651692804469 0.9631200576962501 0.9573328792539618 1.0
0.9923604291357465 0.9578559229643625 0.9513100772645541 1.0
0.9913220613350479 0.9524808619215631 0.9451708055451106 1.0
0.9902515314274952 0.947003476603791 0.9389251328253823 1.0
0.9891501010428346 0.9414309828432568 0.9325815014385598 1.0
0.9880188765430696 0.9357695228953978 0.9261470933717058 1.0
0.9868588435633815 0.9300243888179945 0.9196280919243485 1.0
0.9856708922224607 0.9242001865297913 0.9130298739563258 1.0
0.9844558359589061 0.91830095912961 0.9063571544498352 1.0
0.983214425891484 0.9123302814476774 0.8996140973869361 1.0
0.9819473619604698 0.906291333790016 0.8928044022554056 1.0
0.9806553017059817 0.9001869603159212 0.8859313725485279 1.0
0.9793388672800146 0.8940197158553785 0.8789979707144159 1.0
0.9779986511170135 0.8877919038866946 0.8720068627394384 1.0
0.9766352205711174 0.881505607654535 0.8649604546843994 1.0
0.9752491217473317 0.8751627158938505 0.8578609228897135 1.0
0.9738408826967396 0.8687649442604202 0.8507102391388575 1.0
0.9724110161048701 0.8623138533058753 0.8435101917615471 1.0
0.9709600215723829 0.8558108636426702 0.8362624034327539 1.0
0.9694883875651646 0.849257268801689 0.8289683462563715 1.0
0.9679965930943261 0.8426542461778274 0.821629354596518 1.0
0.9664851091740917 0.8360028663772201 0.8142466360236887 1.0
0.9649544000959484 0.8293041012169545 0.8068212806692415 1.0
0.9634049245500137 0.8225588305792713 0.7993542692243488 1.0
0.9618371366188033 0.8157678482839104 0.791846479774491 1.0
0.9602514866640176 0.8089318671118754 0.7842986936247759 1.0
0.958648422123373 0.80205152308958 0.7767116002427495 1.0
0.9570283882316312 0.7951273791227274 0.7690858014221436 1.0
0.955391828677656 0.7881599280532933 0.7614218147520885 1.0
0.9537391862074766 0.781149595199842 0.7537200764606703 1.0
0.9520709031818212 0.7740967404305114 0.7459809436886636 1.0
0.9503874220953469 0.7670016598088264 0.7382046962382227 1.0
0.9486891860637695 0.7598645868447639 0.730391537831877 1.0
0.9469766392842979 0.7526856933767916 0.7225415969089453 1.0
0.9452502274740541 0.7454650901048027 0.7146549269792062 1.0
0.9435103982906295 0.7382028267887052 0.7067315065470957 1.0
0.9417576017384396 0.7308988921227922 0.6987712386136654 1.0
0.9399922905641669 0.723553213291749 0.6907739497578308 1.0
0.9382149206442634 0.7161656552101617 0.6827393887929342 1.0
0.9364259513672292 0.7087360194435579 0.6746672249892233 1.0
0.9346258460131638 0.7012640428052608 0.6665570458473471 1.0
0.9328150721329342 0.6937493956195809 0.658408354402259 1.0
0.9309941019291632 0.6861916796380274 0.6502205660309168 1.0
0.9291634126411382 0.6785904255912055 0.6419930047306848 1.0
0.9273234869356856 0.6709450903548199 0.6337248988282405 1.0
0.9254748133059819 0.6632550537035932 0.6254153760709293 1.0
0.9236178864802818 0.6555196146218909 0.6170634580436452 1.0
0.9217532078425056 0.6477379871342485 0.6086680538442751 1.0
0.9198812858666785 0.6399092956127705 0.600227952939216 1.0
0.9180026365672203 0.6320325695112983 0.5917418171071794 1.0
0.9161177839671636 0.6241067374682151 0.5832081713640185 1.0
0.9142272605864294 0.6161306207105272 0.5746253937431823 1.0
0.9123316079523952 0.6081029256812269 0.5659917037851051 1.0
0.9104313771350903 0.6000222357995938 0.5573051495635577 1.0
0.9085271293094825 0.5918870022496874 0.5485635930469641 1.0
0.9066194363474754 0.5836955336753945 0.5397646935567207 1.0
0.9047088814423876 0.5754459846405212 0.5309058890413523 1.0
0.9027960597688962 0.5671363426888768 0.5219843748330681 1.0
0.9008815791816277 0.5587644138113408 0.5129970794898209 1.0
0.8989660609558257 0.5503278060935004 0.5039406372483691 1.0
0.8970501405737936 0.5418239112773806 0.49481135651852665 1.0
0.8951344685611101 0.5332498839224837 0.48560518373093947 1.0
0.8932197113769503 0.5246026177928349 0.47631766170414186 1.0
0.8913065523632127 0.5158787190254466 0.46694388151308636 1.0
0.8893956927575687 0.507074475548358 0.45747842660995225 1.0
0.8874878527760094 0.4981858221089213 0.4479153076540588 1.0
0.8855837727709674 0.4892083001398954 0.4382478861314825 1.0
0.8836842144716608 0.4801370115249343 0.42846878435917485 1.0
0.8817899623139369 0.47096656511681706 0.4185697788358127 1.0
0.8799018248675857 0.46169101459855627 0.40854167306963557 1.0
0.8780206363698726 0.4523037859424149 0.3983741449082791 1.0
0.8761472583749113 0.44279759229171023 0.388055561910726 1.0
0.874282581529455 0.4331643335334873 0.3775727562825866 1.0
0.8724275274867673 0.4233949771027245 0.36691074811473773 1.0
0.8705830509714423 0.41347941559906676 0.3560524017794173 1.0
0.8687501420093772 0.40340629551759677 0.3449779948230057 1.0
0.8635109737531764 0.3956134294179496 0.33753774435301365 1.0
0.8543107248550297 0.3906136243698105 0.3344956482419567 1.0
0.8451024417287906 0.3856184989415228 0.3314283243390945 1.0
0.8358865858839152 0.3806283057665527 0.3283360864827327 1.0
0.8266636170681947 0.3756432962548666 0.3252192481825001 1.0
0.817433993500172 0.3706637207185875 0.32207812272807146 1.0
0.8081981720981474 0.36568982849541265 0.3189130232974444 1.0
0.7989566087062507 0.3607218680700361 0.31572426306496165 1.0
0.7897097583180404 0.3557600871938158 0.31251215530923687 1.0
0.7804580752980785 0.35080473300290604 0.3092770135211837 1.0
0.7712020136019252 0.3458560521350814 0.30601915151230324 1.0
0.7619420269949807 0.3409142908454647 0.3027388835234121 1.0
0.7526785692706099 0.33597969512136705 0.2994365243339918 1.0
0.7434120944679643 0.3310525107964536 0.29611238937233453 1.0
0.7341430570899268 0.3261329836644308 0.2927667948266544 1.0
0.7248719123216006 0.32122135959246034 0.2894000577573649 1.0
0.7155991162497649 0.3163178846345 0.2860124962106935 1.0
0.7063251260837166 0.3114228051447675 0.28260442933383056 1.0
0.697050400377939 0.3065363678915326 0.2791761774918042 1.0
0.6877753992570236 0.30165882017143064 0.2757280623862868 1.0
0.678500584643294 0.29679040992450706 0.2722604071765345 1.0
0.669226420487594 0.2919313858501921 0.26877353660267667 1.0
0.6599533730036954 0.28708199752441993 0.26526777711158545 1.0
0.6506819109068213 0.28224249551809805 0.26174345698554585 1.0
0.6414125056567733 0.27741313151715485 0.25820090647397964 1.0
0.6321456317061896 0.2725941584443783 0.2546404579284735 1.0
0.6228817667544648 0.2677858305832875 0.25106244594137683 1.0
0.6136213920079024 0.2629884037042712 0.24746720748825762 1.0
0.6043649924466862 0.25820213519324464 0.24385508207450002 1.0
0.5951130570992875 0.25342728418308397 0.2402264118863749 1.0
0.5858660793249694 0.24866411168810942 0.2365815419468929 1.0
0.5766245571050647 0.24391288074190448 0.23292082027681293 1.0
0.5673889933437661 0.2391738565387666 0.22924459806116504 1.0
0.5581598961791938 0.23444730657910795 0.22555322982169107 1.0
0.5489377793055707 0.22973350081914012 0.22184707359562655 1.0
0.5397231623073669 0.22503271182519397 0.2181264911212774 1.0
0.5305165710063567 0.22034521493305131 0.2143918480308714 1.0
0.5213185378225828 0.2156712884126905 0.2106435140512118 1.0
0.512129602150294 0.211011213638866 0.2068818632126791 1.0
0.5029503107500035 0.20636527526798437 0.20310727406718732 1.0
0.49378121815790105 0.20173376142176064 0.19932012991573822 1.0
0.4846228871139426 0.19711696387817984 0.19552081904625918 1.0
0.47547588901005194 0.19251517827032716 0.19170973498248636 1.0
0.4663408043599763 0.18792870429369413 0.1878872767446898 1.0
