0.941176 0.8 0.552941 1.0
0.9396381960784314 0.7956939607843138 0.5470970784313726 1.0
0.9381003921568628 0.7913879215686275 0.5412531568627451 1.0
0.9365625882352941 0.7870818823529412 0.5354092352941177 1.0
0.9350247843137255 0.7827758431372549 0.5295653137254902 1.0
0.9334869803921568 0.7784698039215687 0.5237213921568628 1.0
0.9319491764705883 0.7741637647058824 0.5178774705882353 1.0
0.9304113725490196 0.7698577254901962 0.5120335490196078 1.0
0.928873568627451 0.7655516862745099 0.5061896274509804 1.0
0.9273357647058823 0.7612456470588236 0.5003457058823529 1.0
0.9257979607843138 0.7569396078431373 0.4945017843137255 1.0
0.9242601568627451 0.752633568627451 0.48865786274509804 1.0
0.9227223529411764 0.7483275294117647 0.4828139411764706 1.0
0.9211845294117647 0.743867705882353 0.47681623529411765 1.0
0.9196466470588235 0.7389465294117648 0.4703571764705882 1.0
0.9181087647058823 0.7340253529411765 0.4638981176470588 1.0
0.9165708823529412 0.7291041764705882 0.4574390588235294 1.0
0.915033 0.724183 0.45098 1.0
0.9134951176470588 0.7192618235294118 0.44452094117647056 1.0
0.9119572352941177 0.7143406470588235 0.4380618823529412 1.0
0.9104193529411765 0.7094194705882353 0.43160282352941176 1.0
0.9088814705882353 0.7044982941176471 0.42514376470588233 1.0
0.9073435882352942 0.6995771176470589 0.41868470588235296 1.0
0.905805705882353 0.6946559411764706 0.41222564705882353 1.0
0.9042678235294118 0.6897347647058824 0.4057665882352941 1.0
0.9027299411764707 0.6848135882352941 0.3993075294117647 1.0
0.9011151764705883 0.6807382352941176 0.39454013725490195 1.0
0.8994235294117647 0.6775087058823529 0.39146441176470587 1.0
0.8977318823529412 0.6742791764705882 0.3883886862745098 1.0
0.8960402352941177 0.6710496470588235 0.3853129607843137 1.0
0.8943485882352942 0.6678201176470588 0.3822372352941176 1.0
0.8926569411764707 0.6645905882352942 0.37916150980392155 1.0
0.8909652941176471 0.6613610588235294 0.37608578431372547 1.0
0.8892736470588236 0.6581315294117647 0.37301005882352944 1.0
0.887582 0.654902 0.3699343333333333 1.0
0.8858903529411765 0.6516724705882353 0.36685860784313723 1.0
0.8841987058823529 0.6484429411764706 0.3637828823529412 1.0
0.8825070588235294 0.6452134117647059 0.3607071568627451 1.0
0.8808154117647059 0.6419838823529411 0.35763143137254905 1.0
0.8791237647058824 0.6387543529411764 0.35455570588235297 1.0
0.8774321176470589 0.6355248235294118 0.3514799803921569 1.0
0.8757404705882353 0.6322952941176471 0.3484042549019608 1.0
0.8740488235294118 0.6290657647058824 0.34532852941176473 1.0
0.8723571764705883 0.6258362352941176 0.34225280392156865 1.0
0.8706655294117648 0.6226067058823529 0.33917707843137257 1.0
0.8689738823529413 0.6193771764705882 0.3361013529411765 1.0
0.8672822352941176 0.6161476470588235 0.3330256274509804 1.0
0.8655905882352941 0.6129181176470588 0.32994990196078433 1.0
0.8638989411764706 0.609688588235294 0.32687417647058825 1.0
0.8622072941176471 0.6064590588235295 0.32379845098039217 1.0
0.8605156470588236 0.6032295294117647 0.3207227254901961 1.0
0.858824 0.6 0.317647 1.0
0.8572861176470589 0.5972318431372549 0.31610911764705885 1.0
0.8557482352941177 0.5944636862745099 0.3145712352941177 1.0
0.8542103529411765 0.5916955294117647 0.31303335294117646 1.0
0.8526724705882354 0.5889273725490196 0.3114954705882353 1.0
0.8511345882352942 0.5861592156862745 0.3099575882352941 1.0
0.849596705882353 0.5833910588235294 0.30841970588235296 1.0
0.8480588235294118 0.5806229019607843 0.3068818235294118 1.0
0.8465209411764706 0.5778547450980392 0.30534394117647057 1.0
0.8449830588235294 0.5750865882352941 0.3038060588235294 1.0
0.8434451764705883 0.572318431372549 0.30226817647058823 1.0
0.8419072941176471 0.5695502745098039 0.30073029411764707 1.0
0.8403694117647059 0.5667821176470588 0.2991924117647059 1.0
0.8388315294117648 0.5640139607843138 0.29765452941176473 1.0
0.8372936470588236 0.5612458039215686 0.2961166470588235 1.0
0.8357557647058824 0.5584776470588235 0.29457876470588235 1.0
0.8342178823529411 0.5557094901960784 0.2930408823529412 1.0
0.83268 0.5529413333333333 0.291503 1.0
0.8311421176470588 0.5501731764705882 0.2899651176470588 1.0
0.8296042352941176 0.5474050196078432 0.2884272352941176 1.0
0.8280663529411765 0.544636862745098 0.28688935294117646 1.0
0.8265284705882353 0.5418687058823529 0.2853514705882353 1.0
0.8249905882352941 0.5391005490196078 0.2838135882352941 1.0
0.823452705882353 0.5363323921568628 0.28227570588235296 1.0
0.8219148235294118 0.5335642352941177 0.28073782352941173 1.0
0.8203769411764706 0.5307960784313726 0.27919994117647057 1.0
0.8192235294117647 0.5282585882352941 0.27750829411764705 1.0
0.8184545882352942 0.5259517647058823 0.2756628823529412 1.0
0.8176856470588235 0.5236449411764705 0.2738174705882353 1.0
0.816916705882353 0.5213381176470588 0.2719720588235294 1.0
0.8161477647058824 0.519031294117647 0.2701266470588235 1.0
0.8153788235294118 0.5167244705882353 0.2682812352941177 1.0
0.8146098823529412 0.5144176470588235 0.26643582352941175 1.0
0.8138409411764707 0.5121108235294117 0.2645904117647059 1.0
0.813072 0.509804 0.262745 1.0
0.8123030588235294 0.5074971764705882 0.26089958823529413 1.0
0.8115341176470589 0.5051903529411764 0.2590541764705882 1.0
0.8107651764705882 0.5028835294117647 0.25720876470588233 1.0
0.8099962352941177 0.5005767058823529 0.25536335294117646 1.0
0.809227294117647 0.49826988235294123 0.2535179411764706 1.0
0.8084583529411765 0.4959630588235294 0.2516725294117647 1.0
0.8076894117647059 0.4936562352941177 0.2498271176470588 1.0
0.8069204705882354 0.49134941176470587 0.24798170588235294 1.0
0.8061515294117647 0.4890425882352941 0.24613629411764704 1.0
0.8053825882352942 0.48673576470588237 0.24429088235294116 1.0
0.8046136470588235 0.4844289411764706 0.2424454705882353 1.0
0.803844705882353 0.4821221176470588 0.24060005882352942 1.0
0.8030757647058824 0.4798152941176471 0.23875464705882354 1.0
0.8023068235294118 0.4775084705882353 0.23690923529411764 1.0
0.8015378823529412 0.47520164705882356 0.23506382352941177 1.0
0.8007689411764707 0.47289482352941176 0.23321841176470587 1.0
0.8 0.470588 0.231373 1.0
0.7992310588235294 0.46843498039215686 0.23029649019607842 1.0
0.7984621176470589 0.4662819607843137 0.22921998039215685 1.0
0.7976931764705882 0.4641289411764706 0.22814347058823528 1.0
0.7969242352941177 0.4619759215686275 0.22706696078431374 1.0
0.7961552941176471 0.45982290196078435 0.22599045098039217 1.0
0.7953863529411765 0.4576698823529412 0.2249139411764706 1.0
0.7946174117647059 0.45551686274509806 0.22383743137254902 1.0
0.7938484705882353 0.4533638431372549 0.22276092156862745 1.0
0.7930795294117647 0.4512108235294118 0.22168441176470588 1.0
0.7923105882352941 0.44905780392156863 0.2206079019607843 1.0
0.7915416470588236 0.4469047843137255 0.21953139215686274 1.0
0.7907727058823529 0.4447517647058824 0.2184548823529412 1.0
0.7900037647058824 0.4425987450980392 0.2173783725490196 1.0
0.7892348235294118 0.44044572549019606 0.21630186274509802 1.0
0.7884658823529411 0.4382927058823529 0.21522535294117645 1.0
0.7876969411764706 0.43613968627450983 0.2141488431372549 1.0
0.786928 0.4339866666666667 0.21307233333333334 1.0
0.7861590588235294 0.43183364705882354 0.21199582352941176 1.0
0.7853901176470588 0.4296806274509804 0.2109193137254902 1.0
0.7846211764705883 0.42752760784313726 0.20984280392156862 1.0
0.7838522352941176 0.4253745882352941 0.20876629411764705 1.0
0.783083294117647 0.423221568627451 0.20768978431372548 1.0
0.7823143529411765 0.42106854901960783 0.2066132745098039 1.0
0.7815454117647058 0.4189155294117647 0.20553676470588234 1.0
0.7807764705882353 0.4167625098039216 0.2044602549019608 1.0
0.7800075294117647 0.41460949019607846 0.20338374509803922 1.0
0.7792385882352941 0.4124564705882353 0.20230723529411765 1.0
0.7784696470588235 0.41030345098039217 0.20123072549019608 1.0
0.777700705882353 0.408150431372549 0.2001542156862745 1.0
0.7769317647058823 0.40599741176470594 0.19907770588235296 1.0
0.7761628235294118 0.40384439215686274 0.19800119607843136 1.0
0.7753938823529412 0.4016913725490196 0.1969246862745098 1.0
0.7746249411764706 0.39953835294117646 0.19584817647058822 1.0
0.773856 0.3973853333333333 0.19477166666666665 1.0
0.7730870588235293 0.39523231372549017 0.19369515686274508 1.0
0.7723181176470588 0.3930792941176471 0.19261864705882353 1.0
0.7715491764705882 0.39092627450980394 0.19154213725490196 1.0
0.7707802352941177 0.3887732549019608 0.1904656274509804 1.0
0.770011294117647 0.38662023529411765 0.18938911764705882 1.0
0.7692423529411765 0.3844672156862745 0.18831260784313725 1.0
0.7684734117647058 0.38231419607843137 0.18723609803921568 1.0
0.7677044705882353 0.3801611764705882 0.1861595882352941 1.0
0.7669355294117647 0.3780081568627451 0.18508307843137253 1.0
0.7661665882352942 0.37585513725490194 0.18400656862745096 1.0
0.7653976470588235 0.37370211764705885 0.18293005882352942 1.0
0.764628705882353 0.37154909803921576 0.18185354901960787 1.0
0.7638597647058823 0.36939607843137257 0.18077703921568627 1.0
0.7630908235294118 0.3672430588235294 0.1797005294117647 1.0
0.7623218823529412 0.3650900392156863 0.17862401960784313 1.0
0.7615529411764707 0.36293701960784314 0.17754750980392156 1.0
0.760784 0.360784 0.176471 1.0
0.7600150588235294 0.3592461568627451 0.1757020588235294 1.0
0.7592461176470588 0.35770831372549017 0.17493311764705882 1.0
0.7584771764705882 0.3561704705882353 0.17416417647058824 1.0
0.7577082352941177 0.3546326274509804 0.17339523529411763 1.0
0.756939294117647 0.3530947843137255 0.17262629411764704 1.0
0.7561703529411765 0.35155694117647057 0.17185735294117646 1.0
0.7554014117647059 0.35001909803921566 0.17108841176470588 1.0
0.7546324705882352 0.3484812549019608 0.1703194705882353 1.0
0.7538635294117647 0.3469434117647059 0.1695505294117647 1.0
0.7530945882352941 0.345405568627451 0.1687815882352941 1.0
0.7523256470588235 0.3438677254901961 0.16801264705882354 1.0
0.7515567058823529 0.34232988235294115 0.16724370588235293 1.0
0.7507877647058824 0.3407920392156863 0.16647476470588235 1.0
0.7500188235294117 0.3392541960784314 0.16570582352941177 1.0
0.7492498823529411 0.33771635294117647 0.16493688235294118 1.0
0.7484809411764706 0.33617850980392155 0.1641679411764706 1.0
0.7477119999999999 0.33464066666666664 0.163399 1.0
0.7469430588235294 0.3331028235294118 0.1626300588235294 1.0
0.7461741176470588 0.33156498039215687 0.16186111764705882 1.0
0.7454051764705882 0.33002713725490196 0.16109217647058824 1.0
0.7446362352941176 0.32848929411764705 0.16032323529411766 1.0
0.743867294117647 0.32695145098039213 0.15955429411764704 1.0
0.7430983529411764 0.3254136078431372 0.15878535294117646 1.0
0.7423294117647058 0.32387576470588236 0.15801641176470588 1.0
0.7415604705882353 0.32233792156862745 0.1572474705882353 1.0
0.7407915490196078 0.3208000588235294 0.1564785294117647 1.0
0.7400226470588235 0.3192621764705883 0.15570958823529413 1.0
0.7392537450980392 0.3177242941176471 0.15494064705882354 1.0
0.7384848431372548 0.31618641176470585 0.15417170588235293 1.0
0.7377159411764705 0.3146485294117647 0.15340276470588235 1.0
0.7369470392156863 0.3131106470588235 0.15263382352941177 1.0
0.7361781372549019 0.31157276470588235 0.15186488235294118 1.0
0.7354092352941176 0.3100348823529412 0.1510959411764706 1.0
0.7346403333333333 0.308497 0.150327 1.0
0.733871431372549 0.30695911764705885 0.1495580588235294 1.0
0.7331025294117647 0.30542123529411763 0.14878911764705882 1.0
0.7323336274509804 0.30388335294117647 0.14802017647058824 1.0
0.731564725490196 0.3023454705882353 0.14725123529411765 1.0
0.7307958235294117 0.30080758823529413 0.14648229411764704 1.0
0.7300269215686275 0.29926970588235297 0.14571335294117646 1.0
0.7292580196078431 0.2977318235294118 0.14494441176470588 1.0
0.7284891176470588 0.2961939411764706 0.1441754705882353 1.0
0.7277202156862745 0.29465605882352947 0.1434065294117647 1.0
0.7269513137254902 0.29311817647058824 0.1426375882352941 1.0
0.7261824117647059 0.2915802941176471 0.14186864705882352 1.0
0.7254135098039216 0.2900424117647059 0.14109970588235293 1.0
0.7246446078431372 0.28850452941176474 0.14033076470588235 1.0
0.723875705882353 0.2869666470588236 0.13956182352941177 1.0
0.7231068039215687 0.28542876470588235 0.13879288235294115 1.0
0.7223379019607843 0.2838908823529412 0.13802394117647057 1.0
0.721569 0.282353 0.137255 1.0
0.7208000588235294 0.2811226862745098 0.1367936274509804 1.0
0.7200311176470588 0.2798923725490196 0.13633225490196077 1.0
0.7192621764705882 0.2786620588235294 0.13587088235294117 1.0
0.7184932352941177 0.27743174509803925 0.13540950980392155 1.0
0.717724294117647 0.27620143137254904 0.13494813725490196 1.0
0.7169553529411765 0.27497111764705884 0.13448676470588233 1.0
0.7161864117647059 0.27374080392156863 0.13402539215686274 1.0
0.7154174705882353 0.2725104901960785 0.13356401960784314 1.0
0.7146485294117647 0.2712801764705882 0.13310264705882352 1.0
0.7138795882352941 0.27004986274509807 0.1326412745098039 1.0
0.7131106470588235 0.26881954901960786 0.1321799019607843 1.0
0.7123417058823529 0.26758923529411766 0.1317185294117647 1.0
0.7115727647058824 0.26635892156862745 0.13125715686274508 1.0
0.7108038235294117 0.26512860784313724 0.1307957843137255 1.0
0.7100348823529411 0.26389829411764704 0.13033441176470587 1.0
0.7092659411764706 0.2626679803921569 0.12987303921568627 1.0
0.7084969999999999 0.2614376666666667 0.12941166666666665 1.0
0.7077280588235294 0.2602073529411765 0.12895029411764705 1.0
0.7069591176470588 0.25897703921568627 0.12848892156862743 1.0
0.7061901764705882 0.25774672549019606 0.12802754901960783 1.0
0.7054212352941176 0.25651641176470585 0.12756617647058824 1.0
0.704652294117647 0.25528609803921565 0.12710480392156862 1.0
0.7038833529411764 0.2540557843137255 0.12664343137254902 1.0
0.7031144117647059 0.2528254705882353 0.12618205882352942 1.0
0.7023454705882353 0.2515951568627451 0.1257206862745098 1.0
0.7010382549019607 0.25005729411764704 0.1250286274509804 1.0
0.6991927647058823 0.24821188235294117 0.12410588235294116 1.0
0.6973472745098038 0.24636647058823527 0.12318313725490196 1.0
0.6955017843137254 0.2445210588235294 0.12226039215686274 1.0
0.6936562941176471 0.24267564705882352 0.12133764705882352 1.0
0.6918108039215686 0.24083023529411762 0.1204149019607843 1.0
0.6899653137254902 0.23898482352941175 0.1194921568627451 1.0
0.6881198235294117 0.23713941176470588 0.11856941176470588 1.0
0.6862743333333333 0.23529399999999998 0.11764666666666666 1.0
0.6844288431372549 0.2334485882352941 0.11672392156862746 1.0
0.6825833529411764 0.23160317647058823 0.11580117647058824 1.0
0.6807378627450981 0.22975776470588233 0.11487843137254902 1.0
0.6788923725490196 0.22791235294117645 0.1139556862745098 1.0
0.6768162352941176 0.2256055294117647 0.11326364705882354 1.0
0.6746632156862746 0.22314490196078438 0.11264850980392159 1.0
0.6725101960784314 0.2206842745098039 0.11203337254901961 1.0
0.6703571764705882 0.21822364705882352 0.11141823529411765 1.0
0.6682041568627451 0.21576301960784314 0.11080309803921569 1.0
0.666051137254902 0.21330239215686275 0.11018796078431373 1.0
0.6638981176470589 0.21084176470588234 0.10957282352941176 1.0
0.6617450980392157 0.20838113725490195 0.10895768627450982 1.0
0.6595920784313726 0.20592050980392157 0.10834254901960785 1.0
0.6574390588235294 0.20345988235294118 0.10772741176470589 1.0
0.6552860392156863 0.20099925490196077 0.10711227450980393 1.0
0.6531330196078431 0.1985386274509804 0.10649713725490197 1.0
0.65098 0.196078 0.105882 1.0
