0.00367 0.005082 0.002454 1.0
0.005663 0.009394 0.010695 1.0
0.007674 0.0139 0.019154 1.0
0.009708 0.018228 0.027418 1.0
0.011981 0.022573 0.035904 1.0
0.01404 0.026935 0.043975 1.0
0.01615 0.031315 0.05138 1.0
0.018294 0.035927 0.058123 1.0
0.020473 0.040333 0.064433 1.0
0.022689 0.044608 0.070257 1.0
0.024947 0.048672 0.075728 1.0
0.027247 0.052453 0.080952 1.0
0.029592 0.05624 0.085837 1.0
0.031984 0.059842 0.090619 1.0
0.034477 0.063258 0.095163 1.0
0.037057 0.066553 0.09953 1.0
0.039346 0.06983 0.103998 1.0
0.041492 0.072993 0.108476 1.0
0.043238 0.076022 0.113097 1.0
0.045051 0.079044 0.117653 1.0
0.046508 0.082102 0.12227 1.0
0.047784 0.084964 0.126972 1.0
0.049035 0.087853 0.13174 1.0
0.049925 0.09066 0.136487 1.0
0.050671 0.093388 0.141349 1.0
0.051245 0.096126 0.146191 1.0
0.051698 0.098921 0.151077 1.0
0.05216 0.101711 0.156035 1.0
0.052632 0.104509 0.160983 1.0
0.053115 0.107415 0.165953 1.0
0.053612 0.110322 0.170991 1.0
0.054125 0.113245 0.176024 1.0
0.054655 0.116178 0.181122 1.0
0.055201 0.119133 0.186266 1.0
0.055777 0.122093 0.191399 1.0
0.056384 0.125156 0.196606 1.0
0.056955 0.128228 0.201777 1.0
0.057498 0.131313 0.207043 1.0
0.058136 0.134437 0.212303 1.0
0.058867 0.137574 0.217588 1.0
0.059601 0.140732 0.222913 1.0
0.060281 0.143906 0.22826 1.0
0.060943 0.147106 0.233599 1.0
0.061699 0.15035 0.239005 1.0
0.062585 0.153583 0.244413 1.0
0.063381 0.15688 0.249856 1.0
0.064199 0.160147 0.255349 1.0
0.065067 0.16352 0.260829 1.0
0.065965 0.166855 0.266348 1.0
0.066906 0.170203 0.271861 1.0
0.06788 0.173572 0.277439 1.0
0.068913 0.176975 0.283021 1.0
0.069887 0.180377 0.288612 1.0
0.070924 0.183813 0.294223 1.0
0.071974 0.187281 0.299872 1.0
0.073118 0.190723 0.305543 1.0
0.074222 0.194231 0.311213 1.0
0.075341 0.197696 0.31691 1.0
0.076503 0.201186 0.322635 1.0
0.077709 0.204732 0.328362 1.0
0.078959 0.208256 0.334122 1.0
0.080255 0.211814 0.339892 1.0
0.081609 0.215346 0.345666 1.0
0.082887 0.218921 0.351475 1.0
0.084299 0.222494 0.357309 1.0
0.085598 0.22609 0.36313 1.0
0.087109 0.22965 0.368992 1.0
0.088529 0.233252 0.374856 1.0
0.090015 0.236896 0.380747 1.0
0.091564 0.240476 0.386631 1.0
0.093033 0.244102 0.39255 1.0
0.094704 0.247758 0.398482 1.0
0.096248 0.251395 0.404418 1.0
0.097979 0.255039 0.410388 1.0
0.099642 0.258672 0.416349 1.0
0.101383 0.262321 0.422323 1.0
0.103203 0.265984 0.428328 1.0
0.104971 0.269647 0.434331 1.0
0.106919 0.273308 0.440353 1.0
0.108794 0.276974 0.446386 1.0
0.110796 0.280624 0.45244 1.0
0.112829 0.284309 0.458486 1.0
0.114836 0.287988 0.464562 1.0
0.116986 0.291687 0.470635 1.0
0.119188 0.29536 0.476721 1.0
0.121396 0.299066 0.482819 1.0
0.123708 0.302746 0.488929 1.0
0.126126 0.306472 0.495056 1.0
0.128541 0.310183 0.501188 1.0
0.131066 0.313894 0.507327 1.0
0.133637 0.317616 0.513482 1.0
0.136253 0.321349 0.51964 1.0
0.138999 0.32509 0.525817 1.0
0.141836 0.328866 0.532002 1.0
0.144744 0.332645 0.538202 1.0
0.147724 0.336417 0.5444 1.0
0.150788 0.340235 0.550616 1.0
0.153954 0.344049 0.556846 1.0
0.157229 0.347914 0.563083 1.0
0.160607 0.351779 0.569319 1.0
0.164133 0.355699 0.575583 1.0
0.167706 0.359624 0.58184 1.0
0.171419 0.363587 0.588109 1.0
0.175265 0.367587 0.594392 1.0
0.179226 0.371629 0.600674 1.0
0.183305 0.375718 0.606966 1.0
0.187565 0.379846 0.613242 1.0
0.191894 0.38402 0.619535 1.0
0.196417 0.388241 0.625804 1.0
0.201015 0.392511 0.632072 1.0
0.205827 0.396829 0.63832 1.0
0.210739 0.401218 0.644544 1.0
0.215817 0.405646 0.650748 1.0
0.22103 0.410127 0.656915 1.0
0.226372 0.414649 0.663036 1.0
0.231855 0.419234 0.669101 1.0
0.237474 0.423854 0.675105 1.0
0.24318 0.428532 0.681034 1.0
0.249055 0.43324 0.68689 1.0
0.255036 0.437998 0.692653 1.0
0.261091 0.442773 0.698295 1.0
0.267239 0.447563 0.703833 1.0
0.273508 0.452398 0.709242 1.0
0.279816 0.457215 0.714499 1.0
0.286168 0.462049 0.719619 1.0
0.292592 0.466879 0.724569 1.0
0.299049 0.471693 0.729348 1.0
0.305518 0.476477 0.733948 1.0
0.311961 0.481232 0.738357 1.0
0.31844 0.485956 0.742578 1.0
0.324876 0.490646 0.746591 1.0
0.331288 0.495266 0.750405 1.0
0.337672 0.499827 0.754012 1.0
0.343988 0.504348 0.757409 1.0
0.350272 0.508784 0.760601 1.0
0.356473 0.513144 0.763584 1.0
0.362597 0.517441 0.766369 1.0
0.368662 0.521642 0.76895 1.0
0.374638 0.525784 0.771348 1.0
0.380536 0.52984 0.773546 1.0
0.386338 0.533807 0.775571 1.0
0.392078 0.537716 0.777427 1.0
0.397732 0.541523 0.779108 1.0
0.403303 0.545276 0.780636 1.0
0.40879 0.548951 0.782021 1.0
0.414204 0.552548 0.78326 1.0
0.419551 0.556072 0.784376 1.0
0.424823 0.559551 0.785364 1.0
0.430026 0.562964 0.786243 1.0
0.435177 0.566313 0.787016 1.0
0.440255 0.569607 0.787687 1.0
0.445286 0.572867 0.788275 1.0
0.450272 0.576076 0.788785 1.0
0.455212 0.579234 0.789218 1.0
0.460098 0.582352 0.789582 1.0
0.464961 0.585451 0.789885 1.0
0.469792 0.588497 0.790134 1.0
0.474582 0.591534 0.790333 1.0
0.479345 0.594535 0.790488 1.0
0.484077 0.597517 0.790604 1.0
0.488801 0.600474 0.790685 1.0
0.493499 0.60342 0.790734 1.0
0.498197 0.606341 0.790756 1.0
0.502852 0.60926 0.790754 1.0
0.507519 0.612153 0.790731 1.0
0.512164 0.615042 0.79069 1.0
0.516809 0.617927 0.790634 1.0
0.521439 0.620809 0.790566 1.0
0.526076 0.623681 0.790487 1.0
0.5307 0.62654 0.790399 1.0
0.535321 0.629403 0.790306 1.0
0.539944 0.63227 0.790209 1.0
0.544573 0.635131 0.790109 1.0
0.549202 0.637997 0.790009 1.0
0.553824 0.640861 0.78991 1.0
0.55845 0.64373 0.789815 1.0
0.563097 0.646609 0.789724 1.0
0.567734 0.649493 0.789639 1.0
0.572383 0.652376 0.789563 1.0
0.577037 0.65527 0.789496 1.0
0.581693 0.65818 0.789442 1.0
0.586368 0.661093 0.789401 1.0
0.591047 0.664026 0.789377 1.0
0.595739 0.666964 0.78937 1.0
0.600443 0.669929 0.789384 1.0
0.60516 0.672904 0.78942 1.0
0.609892 0.675894 0.789482 1.0
0.614636 0.678906 0.789572 1.0
0.619411 0.681941 0.789692 1.0
0.624191 0.685007 0.789847 1.0
0.62899 0.688096 0.790038 1.0
0.633816 0.691207 0.79027 1.0
0.638657 0.694353 0.790546 1.0
0.643523 0.697537 0.79087 1.0
0.648417 0.700758 0.791244 1.0
0.653336 0.704011 0.791674 1.0
0.65829 0.707307 0.792164 1.0
0.663273 0.710647 0.792717 1.0
0.668281 0.714028 0.793339 1.0
0.673322 0.717468 0.794031 1.0
0.678397 0.720943 0.794794 1.0
0.683508 0.724484 0.79564 1.0
0.688662 0.728074 0.796572 1.0
0.69384 0.731726 0.797595 1.0
0.699066 0.735437 0.798713 1.0
0.704334 0.739216 0.79993 1.0
0.709643 0.743052 0.801241 1.0
0.714987 0.746954 0.802662 1.0
0.720376 0.75093 0.804198 1.0
0.725811 0.754971 0.805841 1.0
0.731277 0.759079 0.807606 1.0
0.736794 0.763263 0.80949 1.0
0.742352 0.767519 0.811496 1.0
0.74795 0.771854 0.813625 1.0
0.753582 0.776256 0.81589 1.0
0.759257 0.780731 0.818274 1.0
0.764976 0.785284 0.820797 1.0
0.770726 0.789903 0.82345 1.0
0.776512 0.794598 0.826237 1.0
0.78233 0.799364 0.82916 1.0
0.788178 0.804194 0.83221 1.0
0.794064 0.809095 0.835391 1.0
0.799971 0.814056 0.838704 1.0
0.8059 0.819083 0.842152 1.0
0.811858 0.824176 0.845719 1.0
0.817833 0.829331 0.84942 1.0
0.82383 0.834537 0.853235 1.0
0.829848 0.8398 0.857174 1.0
0.835874 0.845109 0.86123 1.0
0.841917 0.850469 0.865398 1.0
0.847964 0.855881 0.869677 1.0
0.854024 0.861331 0.874062 1.0
0.860096 0.866825 0.878548 1.0
0.866168 0.872362 0.88313 1.0
0.872247 0.87793 0.887806 1.0
0.878324 0.883534 0.892575 1.0
0.884407 0.889169 0.897425 1.0
0.890486 0.894836 0.902352 1.0
0.896571 0.900524 0.907359 1.0
0.902651 0.906243 0.912433 1.0
0.908728 0.911983 0.917579 1.0
0.914806 0.917749 0.922782 1.0
0.920878 0.923531 0.928041 1.0
0.926953 0.929328 0.933358 1.0
0.933024 0.935148 0.938729 1.0
0.939097 0.940984 0.944142 1.0
0.945168 0.946835 0.949594 1.0
0.951235 0.952699 0.955088 1.0
0.9573 0.958578 0.960614 1.0
0.963367 0.964462 0.966166 1.0
0.969433 0.970364 0.971751 1.0
0.975501 0.976274 0.977357 1.0
0.981575 0.9822 0.982983 1.0
0.987647 0.988127 0.988628 1.0
0.993723 0.994068 0.994287 1.0
0.999801 1.0 0.999961 1.0
