0.929412 0.921569 0.980392 1.0
0.9241832156862745 0.9154175098039216 0.9776238431372549 1.0
0.9189544313725491 0.9092660196078431 0.9748556862745098 1.0
0.9137256470588235 0.9031145294117647 0.9720875294117647 1.0
0.908496862745098 0.8969630392156862 0.9693193725490197 1.0
0.9032680784313726 0.8908115490196078 0.9665512156862746 1.0
0.898039294117647 0.8846600588235294 0.9637830588235294 1.0
0.8928105098039215 0.878508568627451 0.9610149019607843 1.0
0.8875817254901961 0.8723570784313726 0.9582467450980392 1.0
0.8823529411764706 0.8662055882352941 0.9554785882352941 1.0
0.8771241568627451 0.8600540980392156 0.9527104313725491 1.0
0.8718953725490196 0.8539026078431372 0.949942274509804 1.0
0.8666665882352941 0.8477511176470588 0.9471741176470588 1.0
0.8614378039215687 0.8415996274509804 0.9444059607843137 1.0
0.8562090196078431 0.835448137254902 0.9416378039215686 1.0
0.8509802352941176 0.8292966470588236 0.9388696470588235 1.0
0.8457514509803922 0.823145156862745 0.9361014901960785 1.0
0.8405226666666666 0.8169936666666666 0.9333333333333333 1.0
0.8352938823529411 0.8108421764705882 0.9305651764705882 1.0
0.8300650980392157 0.8046906862745098 0.9277970196078431 1.0
0.8248363137254902 0.7985391960784314 0.925028862745098 1.0
0.8196075294117646 0.792387705882353 0.9222607058823529 1.0
0.8143787450980392 0.7862362156862746 0.9194925490196078 1.0
0.8091499607843137 0.780084725490196 0.9167243921568627 1.0
0.8039211764705883 0.7739332352941176 0.9139562352941176 1.0
0.7986923921568627 0.7677817450980392 0.9111880784313725 1.0
0.7941556666666666 0.7625529803921569 0.9080354509803921 1.0
0.790311 0.7582469411764706 0.9044983529411764 1.0
0.7864663333333333 0.7539409019607843 0.9009612549019608 1.0
0.7826216666666667 0.749634862745098 0.897424156862745 1.0
0.7787769999999999 0.7453288235294118 0.8938870588235294 1.0
0.7749323333333333 0.7410227843137255 0.8903499607843137 1.0
0.7710876666666666 0.7367167450980392 0.886812862745098 1.0
0.767243 0.732410705882353 0.8832757647058823 1.0
0.7633983333333333 0.7281046666666666 0.8797386666666667 1.0
0.7595536666666666 0.7237986274509803 0.8762015686274509 1.0
0.755709 0.7194925882352942 0.8726644705882353 1.0
0.7518643333333334 0.7151865490196079 0.8691273725490196 1.0
0.7480196666666666 0.7108805098039216 0.8655902745098039 1.0
0.7441749999999999 0.7065744705882353 0.8620531764705882 1.0
0.7403303333333333 0.702268431372549 0.8585160784313726 1.0
0.7364856666666667 0.6979623921568627 0.8549789803921569 1.0
0.732641 0.6936563529411764 0.8514418823529412 1.0
0.7287963333333333 0.6893503137254902 0.8479047843137255 1.0
0.7249516666666667 0.6850442745098039 0.8443676862745098 1.0
0.7211069999999999 0.6807382352941177 0.8408305882352941 1.0
0.7172623333333333 0.6764321960784314 0.8372934901960785 1.0
0.7134176666666666 0.6721261568627451 0.8337563921568627 1.0
0.709573 0.6678201176470588 0.830219294117647 1.0
0.7057283333333333 0.6635140784313726 0.8266821960784314 1.0
0.7018836666666666 0.6592080392156863 0.8231450980392157 1.0
0.698039 0.654902 0.819608 1.0
0.6941943333333332 0.6507497647058823 0.8157633333333333 1.0
0.6903496666666666 0.6465975294117647 0.8119186666666667 1.0
0.6865049999999999 0.6424452941176471 0.808074 1.0
0.6826603333333333 0.6382930588235294 0.8042293333333334 1.0
0.6788156666666666 0.6341408235294117 0.8003846666666666 1.0
0.674971 0.6299885882352941 0.79654 1.0
0.6711263333333333 0.6258363529411765 0.7926953333333333 1.0
0.6672816666666667 0.6216841176470588 0.7888506666666667 1.0
0.6634369999999999 0.6175318823529411 0.785006 1.0
0.6595923333333333 0.6133796470588235 0.7811613333333334 1.0
0.6557476666666666 0.6092274117647059 0.7773166666666667 1.0
0.651903 0.6050751764705882 0.773472 1.0
0.6480583333333333 0.6009229411764706 0.7696273333333333 1.0
0.6442136666666667 0.5967707058823529 0.7657826666666667 1.0
0.6403690000000001 0.5926184705882354 0.7619380000000001 1.0
0.6365243333333334 0.5884662352941176 0.7580933333333334 1.0
0.6326796666666666 0.584314 0.7542486666666667 1.0
0.6288349999999999 0.5801617647058823 0.750404 1.0
0.6249903333333333 0.5760095294117646 0.7465593333333334 1.0
0.6211456666666666 0.571857294117647 0.7427146666666666 1.0
0.617301 0.5677050588235294 0.73887 1.0
0.6134563333333333 0.5635528235294117 0.7350253333333333 1.0
0.6096116666666667 0.5594005882352941 0.7311806666666667 1.0
0.6057669999999999 0.5552483529411765 0.727336 1.0
0.6019223333333333 0.5510961176470588 0.7234913333333334 1.0
0.5983083333333333 0.5471745490196078 0.7198004509803921 1.0
0.5949249999999999 0.5434836470588235 0.7162633529411765 1.0
0.5915416666666666 0.5397927450980392 0.7127262549019608 1.0
0.5881583333333333 0.5361018431372548 0.7091891568627451 1.0
0.5847749999999999 0.5324109411764706 0.7056520588235294 1.0
0.5813916666666666 0.5287200392156863 0.7021149607843138 1.0
0.5780083333333333 0.525029137254902 0.698577862745098 1.0
0.5746249999999999 0.5213382352941176 0.6950407647058824 1.0
0.5712416666666666 0.5176473333333333 0.6915036666666666 1.0
0.5678583333333334 0.513956431372549 0.687966568627451 1.0
0.564475 0.5102655294117646 0.6844294705882353 1.0
0.5610916666666667 0.5065746274509804 0.6808923725490196 1.0
0.5577083333333334 0.502883725490196 0.6773552745098039 1.0
0.5543250000000001 0.4991928235294118 0.6738181764705883 1.0
0.5509416666666667 0.49550192156862743 0.6702810784313725 1.0
0.5475583333333334 0.4918110196078431 0.6667439803921569 1.0
0.544175 0.48812011764705876 0.6632068823529411 1.0
0.5407916666666667 0.4844292156862745 0.6596697843137255 1.0
0.5374083333333333 0.48073831372549014 0.6561326862745098 1.0
0.534025 0.4770474117647059 0.6525955882352941 1.0
0.5306416666666667 0.4733565098039215 0.6490584901960784 1.0
0.5272583333333334 0.46966560784313727 0.6455213921568628 1.0
0.523875 0.4659747058823529 0.641984294117647 1.0
0.5204916666666667 0.4622838039215686 0.6384471960784314 1.0
0.5171083333333333 0.4585929019607843 0.6349100980392156 1.0
0.513725 0.454902 0.631373 1.0
0.5115720196078432 0.4522876078431372 0.6289123725490195 1.0
0.5094190392156862 0.4496732156862745 0.6264517450980391 1.0
0.5072660588235294 0.44705882352941173 0.6239911176470588 1.0
0.5051130784313725 0.444444431372549 0.6215304901960784 1.0
0.5029600980392157 0.44183003921568625 0.619069862745098 1.0
0.5008071176470588 0.4392156470588235 0.6166092352941176 1.0
0.49865413725490193 0.4366012549019608 0.6141486078431372 1.0
0.4965011568627451 0.433986862745098 0.6116879803921569 1.0
0.4943481764705882 0.43137247058823525 0.6092273529411765 1.0
0.4921951960784314 0.42875807843137254 0.6067667254901961 1.0
0.4900422156862745 0.42614368627450977 0.6043060980392156 1.0
0.48788923529411765 0.42352929411764706 0.6018454705882353 1.0
0.48573625490196076 0.4209149019607843 0.5993848431372549 1.0
0.48358327450980393 0.4183005098039215 0.5969242156862745 1.0
0.48143029411764704 0.4156861176470588 0.5944635882352941 1.0
0.4792773137254902 0.41307172549019605 0.5920029607843137 1.0
0.4771243333333333 0.41045733333333334 0.5895423333333333 1.0
0.4749713529411765 0.4078429411764706 0.587081705882353 1.0
0.4728183725490196 0.4052285490196078 0.5846210784313726 1.0
0.47066539215686276 0.40261415686274515 0.5821604509803922 1.0
0.46851241176470587 0.39999976470588233 0.5796998235294117 1.0
0.46635943137254904 0.3973853725490196 0.5772391960784313 1.0
0.46420645098039215 0.39477098039215686 0.5747785686274509 1.0
0.4620534705882353 0.3921565882352941 0.5723179411764706 1.0
0.4599004901960784 0.3895421960784314 0.5698573137254902 1.0
0.45774749019607847 0.38715849019607845 0.5674736078431373 1.0
0.4555944705882353 0.3850054705882353 0.5651668235294117 1.0
0.4534414509803922 0.38285245098039217 0.5628600392156863 1.0
0.45128843137254904 0.380699431372549 0.5605532549019607 1.0
0.44913541176470595 0.37854641176470594 0.5582464705882354 1.0
0.44698239215686275 0.37639339215686274 0.5559396862745098 1.0
0.4448293725490196 0.3742403725490196 0.5536329019607843 1.0
0.44267635294117647 0.37208735294117645 0.5513261176470589 1.0
0.4405233333333333 0.3699343333333333 0.5490193333333333 1.0
0.4383703137254902 0.36778131372549017 0.5467125490196079 1.0
0.4362172941176471 0.3656282941176471 0.5444057647058823 1.0
0.43406427450980395 0.36347527450980394 0.5420989803921569 1.0
0.4319112549019608 0.3613222549019608 0.5397921960784314 1.0
0.42975823529411766 0.35916923529411765 0.5374854117647059 1.0
0.4276052156862745 0.3570162156862745 0.5351786274509804 1.0
0.4254521960784314 0.35486319607843136 0.5328718431372549 1.0
0.42329917647058823 0.3527101764705882 0.5305650588235294 1.0
0.4211461568627451 0.3505571568627451 0.5282582745098039 1.0
0.41899313725490195 0.34840413725490194 0.5259514901960785 1.0
0.41684011764705886 0.34625111764705885 0.523644705882353 1.0
0.4146870980392158 0.34409809803921576 0.5213379215686276 1.0
0.4125340784313726 0.34194507843137256 0.519031137254902 1.0
0.41038105882352943 0.3397920588235294 0.5167243529411765 1.0
0.4082280392156863 0.3376390392156863 0.514417568627451 1.0
0.40607501960784315 0.33548601960784313 0.5121107843137255 1.0
0.403922 0.333333 0.509804 1.0
0.40161517647058825 0.33056484313725487 0.5074971764705882 1.0
0.39930835294117645 0.3277966862745098 0.5051903529411765 1.0
0.3970015294117647 0.3250285294117647 0.5028835294117647 1.0
0.39469470588235295 0.3222603725490196 0.5005767058823529 1.0
0.3923878823529412 0.3194922156862745 0.49826988235294123 1.0
0.3900810588235294 0.3167240588235294 0.4959630588235294 1.0
0.38777423529411764 0.3139559019607843 0.4936562352941177 1.0
0.3854674117647059 0.3111877450980392 0.4913494117647059 1.0
0.38316058823529414 0.30841958823529414 0.4890425882352941 1.0
0.38085376470588234 0.305651431372549 0.48673576470588237 1.0
0.37854694117647064 0.302883274509804 0.4844289411764707 1.0
0.37624011764705884 0.30011511764705884 0.4821221176470588 1.0
0.3739332941176471 0.2973469607843137 0.47981529411764706 1.0
0.3716264705882353 0.2945788039215686 0.4775084705882353 1.0
0.36931964705882353 0.29181064705882354 0.47520164705882356 1.0
0.3670128235294118 0.2890424901960784 0.47289482352941176 1.0
0.36470600000000003 0.28627433333333335 0.470588 1.0
0.3623991764705882 0.28350617647058823 0.46828117647058826 1.0
0.3600923529411765 0.2807380196078431 0.46597435294117645 1.0
0.3577855294117647 0.27796986274509805 0.4636675294117647 1.0
0.355478705882353 0.27520170588235293 0.46136070588235295 1.0
0.35317188235294117 0.27243354901960787 0.4590538823529412 1.0
0.3508650588235294 0.26966539215686275 0.4567470588235294 1.0
0.34855823529411767 0.2668972352941177 0.45444023529411764 1.0
0.3462514117647059 0.26412907843137257 0.4521334117647059 1.0
0.34425217647058826 0.26166849019607846 0.44998039215686275 1.0
0.3425605294117648 0.2595154705882354 0.44798117647058827 1.0
0.3408688823529412 0.2573624509803922 0.44598196078431374 1.0
0.33917723529411764 0.25520943137254903 0.4439827450980392 1.0
0.3374855882352941 0.2530564117647059 0.4419835294117647 1.0
0.3357939411764706 0.25090339215686275 0.4399843137254902 1.0
0.3341022941176471 0.2487503725490196 0.4379850980392157 1.0
0.33241064705882356 0.24659735294117646 0.43598588235294117 1.0
0.330719 0.24444433333333335 0.4339866666666667 1.0
0.32902735294117647 0.2422913137254902 0.43198745098039215 1.0
0.32733570588235295 0.24013829411764706 0.42998823529411767 1.0
0.3256440588235294 0.23798527450980392 0.42798901960784314 1.0
0.3239524117647059 0.2358322549019608 0.42598980392156865 1.0
0.32226076470588233 0.23367923529411766 0.4239905882352941 1.0
0.3205691176470588 0.23152621568627452 0.42199137254901964 1.0
0.3188774705882353 0.22937319607843137 0.4199921568627451 1.0
0.31718582352941177 0.22722017647058823 0.41799294117647057 1.0
0.31549417647058825 0.22506715686274514 0.41599372549019614 1.0
0.3138025294117647 0.22291413725490197 0.4139945098039216 1.0
0.31211088235294115 0.22076111764705883 0.41199529411764707 1.0
0.31041923529411763 0.2186080980392157 0.40999607843137253 1.0
0.3087275882352941 0.21645507843137254 0.40799686274509805 1.0
0.3070359411764706 0.21430205882352943 0.4059976470588236 1.0
0.305344294117647 0.21214903921568629 0.40399843137254904 1.0
0.3036526470588235 0.20999601960784314 0.4019992156862745 1.0
0.301961 0.207843 0.4 1.0
0.3005769215686274 0.20615135294117648 0.39846211764705886 1.0
0.29919284313725486 0.20445970588235293 0.3969242352941177 1.0
0.29780876470588236 0.2027680588235294 0.39538635294117647 1.0
0.2964246862745098 0.2010764117647059 0.3938484705882353 1.0
0.29504060784313724 0.19938476470588234 0.39231058823529413 1.0
0.2936565294117647 0.19769311764705882 0.39077270588235297 1.0
0.2922724509803921 0.1960014705882353 0.3892348235294118 1.0
0.2908883725490196 0.1943098235294118 0.38769694117647063 1.0
0.28950429411764705 0.19261817647058824 0.3861590588235294 1.0
0.2881202156862745 0.1909265294117647 0.38462117647058824 1.0
0.28673613725490193 0.18923488235294117 0.3830832941176471 1.0
0.2853520588235294 0.18754323529411765 0.3815454117647059 1.0
0.28396798039215687 0.18585158823529413 0.38000752941176474 1.0
0.2825839019607843 0.18415994117647058 0.3784696470588235 1.0
0.28119982352941175 0.18246829411764706 0.37693176470588236 1.0
0.2798157450980392 0.18077664705882351 0.3753938823529412 1.0
0.27843166666666663 0.179085 0.373856 1.0
0.2770475882352941 0.17739335294117647 0.3723181176470588 1.0
0.27566350980392157 0.17570170588235293 0.37078023529411763 1.0
0.274279431372549 0.1740100588235294 0.36924235294117647 1.0
0.27289535294117645 0.1723184117647059 0.3677044705882353 1.0
0.2715112745098039 0.17062676470588234 0.36616658823529413 1.0
0.2701271960784314 0.16893511764705882 0.36462870588235297 1.0
0.2687431176470588 0.16724347058823533 0.3630908235294118 1.0
0.26735903921568627 0.16555182352941175 0.3615529411764706 1.0
0.265769908496732 0.1636807385620915 0.35975877124183003 1.0
0.26397572549019604 0.1616302156862745 0.35770831372549017 1.0
0.2621815424836601 0.1595796928104575 0.3556578562091503 1.0
0.26038735947712416 0.1575291699346405 0.35360739869281044 1.0
0.2585931764705882 0.15547864705882353 0.35155694117647057 1.0
0.25679899346405227 0.15342812418300653 0.3495064836601307 1.0
0.25500481045751633 0.15137760130718952 0.34745602614379084 1.0
0.2532106274509804 0.14932707843137252 0.345405568627451 1.0
0.25141644444444444 0.14727655555555555 0.34335511111111106 1.0
0.24962226143790847 0.14522603267973855 0.3413046535947712 1.0
0.24782807843137253 0.14317550980392155 0.3392541960784313 1.0
0.24603389542483659 0.14112498692810455 0.33720373856209146 1.0
0.24423971241830064 0.13907446405228757 0.3351532810457516 1.0
0.2424455294117647 0.13702394117647057 0.33310282352941173 1.0
0.24065134640522878 0.13497341830065362 0.3310523660130719 1.0
0.23867774509803918 0.13248717647058816 0.3288737450980391 1.0
0.23598647058823527 0.12825805882352936 0.32618247058823524 1.0
0.23329519607843135 0.12402894117647054 0.3234911960784313 1.0
0.23060392156862744 0.11979982352941172 0.3207999215686274 1.0
0.22791264705882353 0.11557070588235291 0.31810864705882347 1.0
0.22522137254901958 0.11134158823529408 0.3154173725490196 1.0
0.22253009803921567 0.10711247058823527 0.31272609803921564 1.0
0.21983882352941175 0.10288335294117645 0.31003482352941175 1.0
0.21714754901960784 0.09865423529411763 0.3073435490196078 1.0
0.21445627450980392 0.09442511764705883 0.3046522745098039 1.0
0.211765 0.090196 0.301961 1.0
