0.960784 0.964706 1.0 1.0
0.9524795294117647 0.9567090588235294 0.9953863529411765 1.0
0.9441750588235294 0.9487121176470588 0.9907727058823529 1.0
0.9358705882352941 0.9407151764705882 0.9861590588235294 1.0
0.9275661176470589 0.9327182352941176 0.9815454117647059 1.0
0.9192616470588235 0.924721294117647 0.9769317647058824 1.0
0.9109571764705883 0.9167243529411765 0.9723181176470588 1.0
0.9026527058823529 0.9087274117647058 0.9677044705882353 1.0
0.8943482352941177 0.9007304705882353 0.9630908235294118 1.0
0.8860437647058824 0.8927335294117646 0.9584771764705883 1.0
0.8777392941176471 0.8847365882352941 0.9538635294117647 1.0
0.8694348235294118 0.8767396470588235 0.9492498823529412 1.0
0.8611303529411765 0.8687427058823529 0.9446362352941177 1.0
0.853671705882353 0.8613609215686274 0.9401763921568628 1.0
0.8487505294117648 0.8558246078431372 0.9361779607843137 1.0
0.8438293529411766 0.8502882941176471 0.9321795294117647 1.0
0.8389081764705882 0.8447519803921568 0.9281810980392157 1.0
0.833987 0.8392156666666667 0.9241826666666667 1.0
0.8290658235294118 0.8336793529411765 0.9201842352941176 1.0
0.8241446470588235 0.8281430392156862 0.9161858039215687 1.0
0.8192234705882353 0.8226067254901961 0.9121873725490196 1.0
0.8143022941176471 0.8170704117647059 0.9081889411764705 1.0
0.8093811176470589 0.8115340980392157 0.9041905098039216 1.0
0.8044599411764706 0.8059977843137255 0.9001920784313725 1.0
0.7995387647058824 0.8004614705882352 0.8961936470588235 1.0
0.7946175882352942 0.7949251568627451 0.8921952156862745 1.0
0.7912342745098039 0.7906191176470588 0.8888119215686274 1.0
0.7893888235294118 0.7875433529411765 0.8860437647058823 1.0
0.7875433725490196 0.7844675882352942 0.8832756078431372 1.0
0.7856979215686275 0.7813918235294117 0.8805074509803922 1.0
0.7838524705882353 0.7783160588235294 0.8777392941176471 1.0
0.7820070196078431 0.775240294117647 0.8749711372549019 1.0
0.780161568627451 0.7721645294117647 0.8722029803921568 1.0
0.7783161176470589 0.7690887647058824 0.8694348235294118 1.0
0.7764706666666666 0.766013 0.8666666666666667 1.0
0.7746252156862745 0.7629372352941177 0.8638985098039216 1.0
0.7727797647058824 0.7598614705882353 0.8611303529411765 1.0
0.7709343137254903 0.7567857058823529 0.8583621960784313 1.0
0.769088862745098 0.7537099411764706 0.8555940392156862 1.0
0.7672434117647059 0.7506341764705883 0.8528258823529412 1.0
0.7653979607843138 0.7475584117647059 0.8500577254901961 1.0
0.7635525098039216 0.7444826470588236 0.847289568627451 1.0
0.7617070588235294 0.7414068823529412 0.8445214117647059 1.0
0.7598616078431373 0.7383311176470588 0.8417532549019607 1.0
0.7580161568627451 0.7352553529411765 0.8389850980392157 1.0
0.756170705882353 0.7321795882352942 0.8362169411764706 1.0
0.7543252549019608 0.7291038235294118 0.8334487843137255 1.0
0.7524798039215687 0.7260280588235295 0.8306806274509804 1.0
0.7506343529411765 0.7229522941176472 0.8279124705882352 1.0
0.7487889019607844 0.7198765294117648 0.8251443137254902 1.0
0.7469434509803922 0.7168007647058824 0.8223761568627451 1.0
0.745098 0.713725 0.819608 1.0
0.7410995294117647 0.710034137254902 0.8157633333333333 1.0
0.7371010588235295 0.706343274509804 0.8119186666666667 1.0
0.7331025882352942 0.7026524117647059 0.808074 1.0
0.7291041176470588 0.6989615490196079 0.8042293333333334 1.0
0.7251056470588235 0.6952706862745098 0.8003846666666666 1.0
0.7211071764705883 0.6915798235294118 0.79654 1.0
0.717108705882353 0.6878889607843137 0.7926953333333333 1.0
0.7131102352941177 0.6841980980392157 0.7888506666666667 1.0
0.7091117647058823 0.6805072352941177 0.785006 1.0
0.7051132941176471 0.6768163725490197 0.7811613333333334 1.0
0.7011148235294118 0.6731255098039216 0.7773166666666667 1.0
0.6971163529411765 0.6694346470588236 0.773472 1.0
0.6931178823529411 0.6657437843137255 0.7696273333333333 1.0
0.6891194117647059 0.6620529215686275 0.7657826666666667 1.0
0.6851209411764706 0.6583620588235295 0.7619380000000001 1.0
0.6811224705882353 0.6546711960784314 0.7580933333333334 1.0
0.677124 0.6509803333333334 0.7542486666666667 1.0
0.6731255294117646 0.6472894705882354 0.750404 1.0
0.6691270588235294 0.6435986078431373 0.7465593333333334 1.0
0.6651285882352941 0.6399077450980393 0.7427146666666666 1.0
0.6611301176470588 0.6362168823529413 0.73887 1.0
0.6571316470588235 0.6325260196078432 0.7350253333333333 1.0
0.6531331764705882 0.6288351568627452 0.7311806666666667 1.0
0.6491347058823529 0.625144294117647 0.727336 1.0
0.6451362352941176 0.621453431372549 0.7234913333333334 1.0
0.6414453529411764 0.6177625490196079 0.7195697647058824 1.0
0.6380620588235294 0.6140716470588236 0.7155712941176471 1.0
0.6346787647058824 0.6103807450980393 0.7115728235294118 1.0
0.6312954705882352 0.6066898431372549 0.7075743529411765 1.0
0.6279121764705882 0.6029989411764707 0.7035758823529412 1.0
0.6245288823529412 0.5993080392156863 0.699577411764706 1.0
0.6211455882352941 0.595617137254902 0.6955789411764706 1.0
0.617762294117647 0.5919262352941177 0.6915804705882354 1.0
0.614379 0.5882353333333333 0.687582 1.0
0.610995705882353 0.5845444313725491 0.6835835294117647 1.0
0.6076124117647058 0.5808535294117647 0.6795850588235295 1.0
0.6042291176470588 0.5771626274509805 0.6755865882352942 1.0
0.6008458235294117 0.5734717254901961 0.6715881176470588 1.0
0.5974625294117647 0.5697808235294118 0.6675896470588236 1.0
0.5940792352941177 0.5660899215686275 0.6635911764705883 1.0
0.5906959411764706 0.5623990196078432 0.659592705882353 1.0
0.5873126470588235 0.5587081176470589 0.6555942352941176 1.0
0.5839293529411764 0.5550172156862745 0.6515957647058824 1.0
0.5805460588235294 0.5513263137254902 0.6475972941176471 1.0
0.5771627647058823 0.5476354117647059 0.6435988235294118 1.0
0.5737794705882353 0.5439445098039216 0.6396003529411765 1.0
0.5703961764705883 0.5402536078431374 0.6356018823529412 1.0
0.5670128823529412 0.536562705882353 0.6316034117647059 1.0
0.5636295882352941 0.5328718039215686 0.6276049411764706 1.0
0.560246294117647 0.5291809019607843 0.6236064705882354 1.0
0.556863 0.52549 0.619608 1.0
0.5548637450980393 0.5233369803921569 0.6173011764705882 1.0
0.5528644901960784 0.5211839607843137 0.6149943529411765 1.0
0.5508652352941177 0.5190309411764706 0.6126875294117647 1.0
0.548865980392157 0.5168779215686274 0.610380705882353 1.0
0.5468667254901961 0.5147249019607844 0.6080738823529412 1.0
0.5448674705882353 0.5125718823529412 0.6057670588235294 1.0
0.5428682156862745 0.5104188627450981 0.6034602352941176 1.0
0.5408689607843138 0.5082658431372549 0.6011534117647059 1.0
0.538869705882353 0.5061128235294118 0.5988465882352941 1.0
0.5368704509803922 0.5039598039215687 0.5965397647058823 1.0
0.5348711960784314 0.5018067843137255 0.5942329411764706 1.0
0.5328719411764706 0.4996537647058824 0.5919261176470588 1.0
0.5308726862745098 0.4975007450980392 0.589619294117647 1.0
0.528873431372549 0.49534772549019607 0.5873124705882353 1.0
0.5268741764705883 0.4931947058823529 0.5850056470588235 1.0
0.5248749215686275 0.49104168627450984 0.5826988235294117 1.0
0.5228756666666667 0.4888886666666667 0.580392 1.0
0.5208764117647059 0.48673564705882355 0.5780851764705882 1.0
0.5188771568627452 0.4845826274509804 0.5757783529411764 1.0
0.5168779019607844 0.48242960784313726 0.5734715294117647 1.0
0.5148786470588236 0.4802765882352941 0.5711647058823529 1.0
0.5128793921568628 0.478123568627451 0.5688578823529411 1.0
0.510880137254902 0.47597054901960784 0.5665510588235294 1.0
0.5088808823529413 0.4738175294117647 0.5642442352941176 1.0
0.5068816274509804 0.4716645098039216 0.5619374117647058 1.0
0.5049592941176471 0.46951149019607846 0.5596306078431372 1.0
0.5031138823529412 0.4673584705882353 0.5573238235294117 1.0
0.5012684705882353 0.4652054509803922 0.5550170392156862 1.0
0.49942305882352944 0.46305243137254903 0.5527102549019607 1.0
0.4975776470588236 0.46089941176470595 0.5504034705882354 1.0
0.4957322352941177 0.45874639215686275 0.5480966862745098 1.0
0.4938868235294118 0.4565933725490196 0.5457899019607843 1.0
0.49204141176470595 0.45444035294117646 0.5434831176470588 1.0
0.490196 0.4522873333333333 0.5411763333333333 1.0
0.48835058823529415 0.4501343137254902 0.5388695490196078 1.0
0.4865051764705883 0.4479812941176471 0.5365627647058823 1.0
0.4846597647058824 0.44582827450980395 0.5342559803921568 1.0
0.48281435294117653 0.4436752549019608 0.5319491960784314 1.0
0.4809689411764706 0.44152223529411766 0.5296424117647058 1.0
0.4791235294117647 0.4393692156862745 0.5273356274509804 1.0
0.47727811764705885 0.4372161960784314 0.5250288431372548 1.0
0.475432705882353 0.43506317647058823 0.5227220588235294 1.0
0.4735872941176471 0.4329101568627451 0.5204152745098038 1.0
0.4717418823529412 0.43075713725490195 0.5181084901960784 1.0
0.4698964705882353 0.42860411764705886 0.515801705882353 1.0
0.4680510588235295 0.42645109803921577 0.5134949215686275 1.0
0.46620564705882356 0.42429807843137257 0.511188137254902 1.0
0.4643602352941177 0.42214505882352943 0.5088813529411764 1.0
0.46251482352941176 0.4199920392156863 0.506574568627451 1.0
0.4606694117647059 0.41783901960784314 0.5042677843137254 1.0
0.458824 0.415686 0.501961 1.0
0.4571323137254902 0.4138405490196078 0.4999617450980392 1.0
0.4554406274509804 0.4119950980392157 0.4979624901960784 1.0
0.4537489411764706 0.4101496470588235 0.4959632352941176 1.0
0.4520572549019608 0.4083041960784314 0.49396398039215683 1.0
0.450365568627451 0.4064587450980392 0.4919647254901961 1.0
0.4486738823529412 0.40461329411764707 0.4899654705882353 1.0
0.44698219607843137 0.4027678431372549 0.4879662156862745 1.0
0.4452905098039216 0.40092239215686276 0.48596696078431373 1.0
0.44359882352941177 0.3990769411764706 0.48396770588235294 1.0
0.44190713725490194 0.3972314901960784 0.48196845098039215 1.0
0.4402154509803922 0.3953860392156863 0.4799691960784314 1.0
0.43852376470588234 0.3935405882352941 0.47796994117647057 1.0
0.43683207843137256 0.39169513725490196 0.4759706862745098 1.0
0.43514039215686273 0.3898496862745098 0.473971431372549 1.0
0.43344870588235296 0.38800423529411765 0.4719721764705882 1.0
0.43175701960784313 0.38615878431372547 0.46997292156862747 1.0
0.43006533333333336 0.38431333333333334 0.4679736666666667 1.0
0.4283736470588235 0.38246788235294116 0.4659744117647059 1.0
0.42668196078431375 0.38062243137254903 0.4639751568627451 1.0
0.4249902745098039 0.37877698039215685 0.4619759019607843 1.0
0.4232985882352941 0.37693152941176467 0.4599766470588235 1.0
0.4216069019607843 0.37508607843137254 0.45797739215686273 1.0
0.4199152156862745 0.37324062745098036 0.45597813725490194 1.0
0.4182235294117647 0.37139517647058823 0.45397888235294115 1.0
0.4165318431372549 0.36954972549019605 0.4519796274509804 1.0
0.41491707843137254 0.3677811764705882 0.44998039215686275 1.0
0.4133792352941177 0.36608952941176476 0.44798117647058827 1.0
0.4118413921568627 0.3643978823529412 0.44598196078431374 1.0
0.41030354901960786 0.3627062352941176 0.4439827450980392 1.0
0.40876570588235295 0.3610145882352941 0.4419835294117647 1.0
0.40722786274509803 0.35932294117647057 0.4399843137254902 1.0
0.4056900196078431 0.35763129411764705 0.4379850980392157 1.0
0.4041521764705882 0.3559396470588235 0.43598588235294117 1.0
0.40261433333333335 0.354248 0.4339866666666667 1.0
0.40107649019607844 0.3525563529411765 0.43198745098039215 1.0
0.3995386470588235 0.3508647058823529 0.42998823529411767 1.0
0.3980008039215686 0.3491730588235294 0.42798901960784314 1.0
0.3964629607843137 0.34748141176470587 0.42598980392156865 1.0
0.39492511764705884 0.34578976470588235 0.4239905882352941 1.0
0.39338727450980393 0.34409811764705883 0.42199137254901964 1.0
0.391849431372549 0.3424064705882353 0.4199921568627451 1.0
0.3903115882352941 0.34071482352941174 0.41799294117647057 1.0
0.38877374509803925 0.33902317647058827 0.41599372549019614 1.0
0.38723590196078433 0.3373315294117647 0.4139945098039216 1.0
0.3856980588235294 0.3356398823529412 0.41199529411764707 1.0
0.3841602156862745 0.33394823529411766 0.40999607843137253 1.0
0.3826223725490196 0.33225658823529414 0.40799686274509805 1.0
0.3810845294117647 0.3305649411764706 0.4059976470588236 1.0
0.3795466862745098 0.32887329411764704 0.40399843137254904 1.0
0.3780088431372549 0.3271816470588235 0.4019992156862745 1.0
0.376471 0.32549 0.4 1.0
0.37477931372549017 0.3236445490196078 0.3980007843137255 1.0
0.3730876274509804 0.3217990980392157 0.396001568627451 1.0
0.37139594117647057 0.3199536470588235 0.39400235294117647 1.0
0.3697042549019608 0.3181081960784314 0.392003137254902 1.0
0.36801256862745096 0.3162627450980392 0.39000392156862745 1.0
0.3663208823529412 0.3144172941176471 0.388004705882353 1.0
0.36462919607843136 0.3125718431372549 0.38600549019607844 1.0
0.3629375098039216 0.3107263921568628 0.384006274509804 1.0
0.36124582352941176 0.3088809411764706 0.3820070588235294 1.0
0.35955413725490193 0.30703549019607845 0.3800078431372549 1.0
0.35786245098039215 0.30519003921568627 0.3780086274509804 1.0
0.3561707647058823 0.3033445882352941 0.37600941176470587 1.0
0.35447907843137255 0.30149913725490196 0.3740101960784314 1.0
0.3527873921568627 0.2996536862745098 0.37201098039215685 1.0
0.35109570588235295 0.29780823529411765 0.3700117647058824 1.0
0.3494040196078431 0.29596278431372547 0.36801254901960784 1.0
0.34771233333333335 0.29411733333333334 0.36601333333333336 1.0
0.3460206470588235 0.29227188235294116 0.3640141176470588 1.0
0.34432896078431374 0.290426431372549 0.36201490196078434 1.0
0.3426372745098039 0.28858098039215685 0.3600156862745098 1.0
0.3409455882352941 0.2867355294117647 0.35801647058823527 1.0
0.3392539019607843 0.28489007843137254 0.3560172549019608 1.0
0.3375622156862745 0.28304462745098036 0.35401803921568625 1.0
0.33587052941176476 0.2811991764705883 0.35201882352941183 1.0
0.3341788431372549 0.27935372549019605 0.35001960784313724 1.0
0.33192329411764704 0.27689315686274507 0.34748212418300656 1.0
0.3291038823529412 0.2738174705882353 0.3444063725490196 1.0
0.3262844705882353 0.2707417843137255 0.3413306209150327 1.0
0.3234650588235294 0.26766609803921565 0.33825486928104576 1.0
0.32064564705882354 0.2645904117647059 0.3351791176470588 1.0
0.31782623529411763 0.26151472549019605 0.3321033660130719 1.0
0.31500682352941173 0.25843903921568623 0.32902761437908495 1.0
0.3121874117647059 0.25536335294117646 0.325951862745098 1.0
0.309368 0.25228766666666663 0.3228761111111111 1.0
0.3065485882352941 0.2492119803921568 0.31980035947712415 1.0
0.3037291764705882 0.246136294117647 0.3167246078431372 1.0
0.3009097647058823 0.2430606078431372 0.3136488562091503 1.0
0.2980903529411764 0.2399849215686274 0.31057310457516335 1.0
0.29527094117647057 0.2369092352941176 0.3074973529411764 1.0
0.2924515294117648 0.23383354901960787 0.30442160130718954 1.0
0.28927327450980383 0.23052715686274503 0.3009613725490195 1.0
0.28465964705882346 0.22629794117647054 0.29596323529411755 1.0
0.2800460196078431 0.22206872549019602 0.2909650980392156 1.0
0.2754323921568627 0.21783950980392153 0.28596696078431366 1.0
0.2708187647058823 0.213610294117647 0.2809688235294117 1.0
0.2662051372549019 0.20938107843137252 0.2759706862745097 1.0
0.26159150980392154 0.20515186274509803 0.27097254901960777 1.0
0.25697788235294117 0.2009226470588235 0.2659744117647058 1.0
0.25236425490196074 0.19669343137254902 0.2609762745098039 1.0
0.24775062745098037 0.19246421568627453 0.2559781372549019 1.0
0.243137 0.188235 0.25098 1.0
