0.729412 0.819608 0.968627 1.0
0.7231067058823529 0.8143792549019608 0.9667815882352941 1.0
0.7168014117647058 0.8091505098039216 0.9649361764705883 1.0
0.7104961176470588 0.8039217647058824 0.9630907647058824 1.0
0.7041908235294118 0.7986930196078431 0.9612453529411765 1.0
0.6978855294117646 0.793464274509804 0.9593999411764705 1.0
0.6915802352941176 0.7882355294117647 0.9575545294117647 1.0
0.6852749411764706 0.7830067843137255 0.9557091176470588 1.0
0.6789696470588235 0.7777780392156862 0.9538637058823529 1.0
0.6726643529411764 0.7725492941176471 0.952018294117647 1.0
0.6663590588235293 0.7673205490196078 0.9501728823529412 1.0
0.6600537647058823 0.7620918039215686 0.9483274705882353 1.0
0.6537484705882353 0.7568630588235294 0.9464820588235294 1.0
0.6474431764705881 0.7516343137254902 0.9446366470588236 1.0
0.6411378823529411 0.7464055686274509 0.9427912352941177 1.0
0.6348325882352941 0.7411768235294117 0.9409458235294117 1.0
0.628527294117647 0.7359480784313726 0.9391004117647058 1.0
0.6222219999999999 0.7307193333333333 0.937255 1.0
0.6159167058823529 0.7254905882352941 0.9354095882352941 1.0
0.6096114117647058 0.7202618431372548 0.9335641764705882 1.0
0.6033061176470588 0.7150330980392157 0.9317187647058823 1.0
0.5970008235294118 0.7098043529411764 0.9298733529411765 1.0
0.5906955294117646 0.7045756078431372 0.9280279411764706 1.0
0.5843902352941176 0.6993468627450979 0.9261825294117647 1.0
0.5780849411764706 0.6941181176470588 0.9243371176470588 1.0
0.5717796470588234 0.6888893725490195 0.9224917058823529 1.0
0.5673967058823529 0.6842757647058823 0.9211845294117647 1.0
0.5649361176470588 0.680277294117647 0.9204155882352941 1.0
0.5624755294117647 0.6762788235294117 0.9196466470588235 1.0
0.5600149411764705 0.6722803529411764 0.918877705882353 1.0
0.5575543529411765 0.6682818823529412 0.9181087647058823 1.0
0.5550937647058823 0.6642834117647058 0.9173398235294118 1.0
0.5526331764705882 0.6602849411764705 0.9165708823529412 1.0
0.5501725882352941 0.6562864705882353 0.9158019411764706 1.0
0.547712 0.652288 0.915033 1.0
0.5452514117647058 0.6482895294117647 0.9142640588235293 1.0
0.5427908235294118 0.6442910588235293 0.9134951176470588 1.0
0.5403302352941176 0.6402925882352941 0.9127261764705882 1.0
0.5378696470588236 0.6362941176470588 0.9119572352941177 1.0
0.5354090588235294 0.6322956470588235 0.911188294117647 1.0
0.5329484705882352 0.6282971764705881 0.9104193529411765 1.0
0.5304878823529412 0.6242987058823529 0.9096504117647058 1.0
0.528027294117647 0.6203002352941176 0.9088814705882353 1.0
0.525566705882353 0.6163017647058823 0.9081125294117647 1.0
0.5231061176470588 0.612303294117647 0.9073435882352942 1.0
0.5206455294117648 0.6083048235294117 0.9065746470588235 1.0
0.5181849411764706 0.6043063529411764 0.905805705882353 1.0
0.5157243529411765 0.6003078823529411 0.9050367647058823 1.0
0.5132637647058824 0.5963094117647059 0.9042678235294117 1.0
0.5108031764705883 0.5923109411764705 0.9034988823529412 1.0
0.5083425882352941 0.5883124705882352 0.9027299411764705 1.0
0.505882 0.5843139999999999 0.901961 1.0
0.5021911372549019 0.5793928235294117 0.9010382549019608 1.0
0.49850027450980394 0.5744716470588235 0.9001155098039215 1.0
0.4948094117647059 0.5695504705882353 0.8991927647058824 1.0
0.49111854901960783 0.5646292941176471 0.8982700196078431 1.0
0.48742768627450983 0.5597081176470587 0.8973472745098039 1.0
0.48373682352941183 0.5547869411764705 0.8964245294117648 1.0
0.4800459607843137 0.5498657647058823 0.8955017843137255 1.0
0.4763550980392157 0.5449445882352941 0.8945790392156863 1.0
0.47266423529411766 0.5400234117647058 0.893656294117647 1.0
0.46897337254901966 0.5351022352941177 0.8927335490196079 1.0
0.4652825098039216 0.5301810588235294 0.8918108039215686 1.0
0.46159164705882355 0.5252598823529412 0.8908880588235294 1.0
0.4579007843137255 0.520338705882353 0.8899653137254901 1.0
0.4542099215686275 0.5154175294117647 0.889042568627451 1.0
0.4505190588235295 0.5104963529411766 0.8881198235294118 1.0
0.4468281960784314 0.5055751764705883 0.8871970784313725 1.0
0.4431373333333334 0.500654 0.8862743333333333 1.0
0.4394464705882353 0.4957328235294118 0.8853515882352941 1.0
0.43575560784313727 0.4908116470588236 0.8844288431372549 1.0
0.43206474509803927 0.4858904705882353 0.8835060980392156 1.0
0.4283738823529412 0.4809692941176471 0.8825833529411764 1.0
0.42468301960784316 0.4760481176470589 0.8816606078431373 1.0
0.42099215686274516 0.4711269411764707 0.880737862745098 1.0
0.4173012941176471 0.46620576470588243 0.8798151176470588 1.0
0.41361043137254905 0.46128458823529417 0.8788923725490195 1.0
0.41061158823529414 0.4567478627450981 0.8768931372549019 1.0
0.4083047647058824 0.45259558823529417 0.8738174117647058 1.0
0.4059979411764706 0.44844331372549023 0.8707416862745098 1.0
0.40369111764705884 0.44429103921568636 0.8676659607843137 1.0
0.4013842941176471 0.4401387647058824 0.8645902352941177 1.0
0.39907747058823534 0.43598649019607855 0.8615145098039216 1.0
0.39677064705882353 0.43183421568627456 0.8584387843137256 1.0
0.3944638235294118 0.4276819411764706 0.8553630588235295 1.0
0.39215700000000003 0.4235296666666667 0.8522873333333334 1.0
0.38985017647058823 0.41937739215686276 0.8492116078431373 1.0
0.3875433529411765 0.4152251176470589 0.8461358823529412 1.0
0.3852365294117647 0.41107284313725495 0.8430601568627452 1.0
0.382929705882353 0.406920568627451 0.8399844313725491 1.0
0.3806228823529412 0.40276829411764714 0.836908705882353 1.0
0.3783160588235294 0.39861601960784315 0.8338329803921569 1.0
0.37600923529411767 0.3944637450980393 0.8307572549019608 1.0
0.37370241176470587 0.39031147058823534 0.8276815294117648 1.0
0.3713955882352941 0.3861591960784314 0.8246058039215687 1.0
0.36908876470588237 0.3820069215686275 0.8215300784313726 1.0
0.3667819411764706 0.37785464705882355 0.8184543529411765 1.0
0.3644751176470588 0.3737023725490196 0.8153786274509804 1.0
0.3621682941176471 0.3695500980392158 0.8123029019607844 1.0
0.3598614705882353 0.36539782352941175 0.8092271764705883 1.0
0.35755464705882356 0.36124554901960787 0.8061514509803922 1.0
0.35524782352941175 0.35709327450980394 0.8030757254901961 1.0
0.352941 0.352941 0.8 1.0
0.3517107254901961 0.35032664705882355 0.7961553333333333 1.0
0.35048045098039216 0.34771229411764704 0.7923106666666667 1.0
0.34925017647058826 0.3450979411764706 0.788466 1.0
0.34801990196078436 0.3424835882352942 0.7846213333333334 1.0
0.3467896274509804 0.33986923529411767 0.7807766666666667 1.0
0.34555935294117646 0.3372548823529412 0.7769320000000001 1.0
0.34432907843137256 0.3346405294117647 0.7730873333333333 1.0
0.3430988039215686 0.33202617647058824 0.7692426666666666 1.0
0.3418685294117647 0.3294118235294118 0.765398 1.0
0.34063825490196076 0.3267974705882353 0.7615533333333333 1.0
0.33940798039215686 0.3241831176470588 0.7577086666666667 1.0
0.33817770588235296 0.3215687647058824 0.7538640000000001 1.0
0.336947431372549 0.3189544117647059 0.7500193333333334 1.0
0.3357171568627451 0.3163400588235294 0.7461746666666667 1.0
0.33448688235294116 0.31372570588235293 0.7423299999999999 1.0
0.33325660784313726 0.3111113529411765 0.7384853333333333 1.0
0.3320263333333333 0.308497 0.7346406666666666 1.0
0.3307960588235294 0.3058826470588235 0.730796 1.0
0.32956578431372546 0.30326829411764705 0.7269513333333333 1.0
0.32833550980392157 0.30065394117647065 0.7231066666666667 1.0
0.32710523529411767 0.29803958823529414 0.719262 1.0
0.3258749607843137 0.2954252352941176 0.7154173333333333 1.0
0.3246446862745098 0.29281088235294117 0.7115726666666666 1.0
0.32341441176470587 0.2901965294117647 0.7077279999999999 1.0
0.32218413725490197 0.28758217647058826 0.7038833333333333 1.0
0.3207231568627451 0.2851215882352941 0.6989621568627451 1.0
0.3190314705882353 0.28281476470588235 0.6929644705882353 1.0
0.3173397843137255 0.2805079411764706 0.6869667843137255 1.0
0.3156480980392157 0.27820111764705885 0.6809690980392157 1.0
0.3139564117647059 0.2758942941176471 0.674971411764706 1.0
0.31226472549019607 0.2735874705882353 0.6689737254901961 1.0
0.31057303921568624 0.27128064705882354 0.6629760392156863 1.0
0.30888135294117647 0.26897382352941174 0.6569783529411765 1.0
0.30718966666666664 0.266667 0.6509806666666667 1.0
0.30549798039215686 0.26436017647058824 0.6449829803921568 1.0
0.30380629411764704 0.2620533529411765 0.638985294117647 1.0
0.30211460784313726 0.2597465294117647 0.6329876078431372 1.0
0.30042292156862743 0.25743970588235293 0.6269899215686274 1.0
0.29873123529411766 0.2551328823529412 0.6209922352941176 1.0
0.29703954901960783 0.2528260588235294 0.6149945490196078 1.0
0.29534786274509806 0.2505192352941176 0.608996862745098 1.0
0.2936561764705882 0.24821241176470588 0.6029991764705882 1.0
0.2919644901960784 0.24590558823529413 0.5970014901960784 1.0
0.2902728039215686 0.24359876470588235 0.5910038039215686 1.0
0.2885811176470588 0.24129194117647057 0.5850061176470588 1.0
0.2868894313725491 0.23898511764705888 0.5790084313725491 1.0
0.2851977450980392 0.23667829411764704 0.5730107450980392 1.0
0.2835060588235294 0.2343714705882353 0.5670130588235294 1.0
0.2818143725490196 0.23206464705882351 0.5610153725490196 1.0
0.28012268627450976 0.22975782352941176 0.5550176862745098 1.0
0.278431 0.227451 0.54902 1.0
0.2759704117647059 0.22483660784313725 0.5427147058823529 1.0
0.2735098235294117 0.2222222156862745 0.5364094117647058 1.0
0.2710492352941176 0.21960782352941174 0.5301041176470588 1.0
0.2685886470588235 0.216993431372549 0.5237988235294118 1.0
0.2661280588235294 0.21437903921568627 0.5174935294117646 1.0
0.26366747058823525 0.21176464705882353 0.5111882352941176 1.0
0.26120688235294115 0.20915025490196076 0.5048829411764706 1.0
0.25874629411764705 0.20653586274509803 0.4985776470588235 1.0
0.25628570588235294 0.2039214705882353 0.49227235294117644 1.0
0.2538251176470588 0.20130707843137255 0.48596705882352936 1.0
0.25136452941176474 0.19869268627450987 0.4796617647058825 1.0
0.24890394117647058 0.19607829411764705 0.47335647058823527 1.0
0.24644335294117647 0.1934639019607843 0.46705117647058825 1.0
0.24398276470588234 0.19084950980392157 0.4607458823529411 1.0
0.2415221764705882 0.18823511764705883 0.4544405882352941 1.0
0.2390615882352941 0.1856207254901961 0.448135294117647 1.0
0.236601 0.18300633333333333 0.44183 1.0
0.23414041176470587 0.1803919411764706 0.4355247058823529 1.0
0.23167982352941174 0.17777754901960785 0.42921941176470585 1.0
0.22921923529411764 0.1751631568627451 0.4229141176470588 1.0
0.22675864705882354 0.17254876470588237 0.41660882352941175 1.0
0.2242980588235294 0.1699343725490196 0.4103035294117647 1.0
0.22183747058823527 0.16731998039215687 0.4039982352941176 1.0
0.21937688235294117 0.16470558823529413 0.3976929411764706 1.0
0.21691629411764704 0.16209119607843137 0.39138764705882356 1.0
0.21514774509803922 0.15970749019607844 0.3865433529411765 1.0
0.21407123529411767 0.15755447058823535 0.3831600588235295 1.0
0.21299472549019607 0.15540145098039215 0.37977676470588234 1.0
0.2119182156862745 0.15324843137254904 0.3763934705882353 1.0
0.21084170588235293 0.1510954117647059 0.3730101764705882 1.0
0.20976519607843136 0.14894239215686275 0.36962688235294117 1.0
0.2086886862745098 0.1467893725490196 0.3662435882352941 1.0
0.20761217647058822 0.1446363529411765 0.36286029411764703 1.0
0.20653566666666667 0.14248333333333335 0.359477 1.0
0.2054591568627451 0.1403303137254902 0.35609370588235295 1.0
0.20438264705882353 0.13817729411764706 0.35271041176470586 1.0
0.20330613725490196 0.13602427450980392 0.3493271176470588 1.0
0.2022296274509804 0.13387125490196078 0.3459438235294118 1.0
0.20115311764705882 0.13171823529411766 0.3425605294117647 1.0
0.20007660784313724 0.12956521568627452 0.33917723529411764 1.0
0.1990000980392157 0.12741219607843138 0.3357939411764706 1.0
0.19792358823529413 0.12525917647058823 0.3324106470588235 1.0
0.19684707843137259 0.12310615686274516 0.3290273529411766 1.0
0.19577056862745099 0.12095313725490198 0.3256440588235294 1.0
0.19469405882352941 0.11880011764705883 0.32226076470588233 1.0
0.19361754901960784 0.11664709803921569 0.3188774705882353 1.0
0.19254103921568627 0.11449407843137255 0.3154941764705882 1.0
0.19146452941176473 0.11234105882352942 0.31211088235294115 1.0
0.19038801960784316 0.11018803921568629 0.3087275882352941 1.0
0.18931150980392158 0.10803501960784315 0.305344294117647 1.0
0.188235 0.105882 0.301961 1.0
0.18715849019607844 0.10372898039215686 0.2987314705882353 1.0
0.18608198039215687 0.10157596078431373 0.29550194117647055 1.0
0.1850054705882353 0.09942294117647059 0.29227241176470586 1.0
0.18392896078431373 0.09726992156862746 0.2890428823529412 1.0
0.18285245098039216 0.09511690196078432 0.28581335294117644 1.0
0.1817759411764706 0.09296388235294117 0.28258382352941175 1.0
0.18069943137254904 0.09081086274509804 0.27935429411764706 1.0
0.1796229215686275 0.08865784313725497 0.27612476470588243 1.0
0.1785464117647059 0.08650482352941177 0.27289523529411763 1.0
0.17746990196078433 0.08435180392156863 0.26966570588235295 1.0
0.17639339215686275 0.08219878431372549 0.2664361764705882 1.0
0.17531688235294118 0.08004576470588236 0.2632066470588235 1.0
0.1742403725490196 0.07789274509803921 0.25997711764705883 1.0
0.17316386274509804 0.07573972549019607 0.2567475882352941 1.0
0.1720873529411765 0.07358670588235294 0.2535180588235294 1.0
0.17101084313725493 0.0714336862745098 0.2502885294117647 1.0
0.16993433333333335 0.06928066666666667 0.247059 1.0
0.16885782352941178 0.06712764705882353 0.2438294705882353 1.0
0.1677813137254902 0.0649746274509804 0.24059994117647057 1.0
0.16670480392156864 0.06282160784313726 0.23737041176470586 1.0
0.16562829411764707 0.06066858823529412 0.23414088235294117 1.0
0.1645517843137255 0.05851556862745098 0.23091135294117646 1.0
0.16347527450980393 0.05636254901960784 0.22768182352941174 1.0
0.16239876470588238 0.05420952941176477 0.22445229411764717 1.0
0.16132225490196078 0.05205650980392157 0.22122276470588237 1.0
0.16255254901960786 0.050287960784313725 0.2186083725490196 1.0
0.16608964705882354 0.04890388235294117 0.2166091176470588 1.0
0.1696267450980392 0.047519803921568626 0.21460986274509802 1.0
0.1731638431372549 0.046135725490196074 0.21261060784313726 1.0
0.1767009411764706 0.04475164705882353 0.21061135294117647 1.0
0.1802380392156863 0.043367568627450975 0.20861209803921568 1.0
0.18377513725490197 0.04198349019607843 0.2066128431372549 1.0
0.18731223529411764 0.040599411764705884 0.2046135882352941 1.0
0.19084933333333334 0.03921533333333333 0.20261433333333334 1.0
0.19438643137254902 0.03783125490196078 0.20061507843137255 1.0
0.1979235294117647 0.03644717647058823 0.19861582352941176 1.0
0.2014606274509804 0.03506309803921569 0.19661656862745097 1.0
0.20499772549019607 0.033679019607843134 0.19461731372549018 1.0
0.20853482352941177 0.03229494117647058 0.19261805882352942 1.0
0.21207192156862734 0.030910862745098078 0.19061880392156869 1.0
0.21560901960784312 0.02952678431372549 0.18861954901960784 1.0
0.21914611764705882 0.028142705882352938 0.18662029411764705 1.0
0.2226832156862745 0.02675862745098039 0.1846210392156863 1.0
0.22622031372549017 0.025374549019607843 0.1826217843137255 1.0
0.22975741176470588 0.023990470588235294 0.1806225294117647 1.0
0.23329450980392155 0.02260639215686274 0.17862327450980392 1.0
0.23683160784313723 0.021222313725490195 0.17662401960784313 1.0
0.24036870588235293 0.019838235294117646 0.17462476470588234 1.0
0.2439058039215686 0.018454156862745097 0.17262550980392158 1.0
0.24744290196078428 0.017070078431372544 0.1706262549019608 1.0
0.25098 0.015686 0.168627 1.0
