1.0 0.972549 0.94902 1.0
0.9953863529411765 0.9642445294117648 0.9394851764705883 1.0
0.9907727058823529 0.9559400588235294 0.9299503529411765 1.0
0.9861590588235294 0.9476355882352941 0.9204155294117647 1.0
0.9815454117647059 0.9393311176470588 0.9108807058823529 1.0
0.9769317647058824 0.9310266470588235 0.9013458823529412 1.0
0.9723181176470588 0.9227221764705882 0.8918110588235294 1.0
0.9677044705882353 0.9144177058823529 0.8822762352941177 1.0
0.9630908235294118 0.9061132352941176 0.8727414117647059 1.0
0.9584771764705883 0.8978087647058823 0.8632065882352942 1.0
0.9538635294117647 0.889504294117647 0.8536717647058824 1.0
0.9492498823529412 0.8811998235294117 0.8441369411764706 1.0
0.9446362352941177 0.8728953529411765 0.8346021176470588 1.0
0.9399457058823529 0.864590862745098 0.8250672941176471 1.0
0.9350245294117647 0.8562863137254901 0.8155324705882353 1.0
0.9301033529411765 0.8479817647058824 0.8059976470588236 1.0
0.9251821764705882 0.8396772156862745 0.7964628235294118 1.0
0.920261 0.8313726666666666 0.7869280000000001 1.0
0.9153398235294118 0.8230681176470588 0.7773931764705883 1.0
0.9104186470588235 0.814763568627451 0.7678583529411765 1.0
0.9054974705882353 0.8064590196078432 0.7583235294117647 1.0
0.9005762941176471 0.7981544705882353 0.7487887058823529 1.0
0.8956551176470589 0.7898499215686274 0.7392538823529412 1.0
0.8907339411764705 0.7815453725490196 0.7297190588235294 1.0
0.8858127647058823 0.7732408235294118 0.7201842352941177 1.0
0.8808915882352941 0.764936274509804 0.7106494117647059 1.0
0.8761242156862745 0.757400705882353 0.7026524705882353 1.0
0.8715106470588235 0.7506341176470589 0.6961934117647058 1.0
0.8668970784313725 0.7438675294117647 0.6897343529411765 1.0
0.8622835098039215 0.7371009411764706 0.6832752941176471 1.0
0.8576699411764706 0.7303343529411765 0.6768162352941176 1.0
0.8530563725490196 0.7235677647058824 0.6703571764705882 1.0
0.8484428039215686 0.7168011764705883 0.6638981176470589 1.0
0.8438292352941177 0.7100345882352942 0.6574390588235295 1.0
0.8392156666666667 0.703268 0.65098 1.0
0.8346020980392157 0.6965014117647059 0.6445209411764706 1.0
0.8299885294117647 0.6897348235294118 0.6380618823529411 1.0
0.8253749607843137 0.6829682352941178 0.6316028235294118 1.0
0.8207613921568627 0.6762016470588236 0.6251437647058824 1.0
0.8173011764705882 0.670588411764706 0.6198381176470589 1.0
0.8142254117647059 0.6653596274509804 0.6149169411764706 1.0
0.8111496470588235 0.660130843137255 0.6099957647058823 1.0
0.8080738823529412 0.6549020588235295 0.6050745882352941 1.0
0.8049981176470589 0.6496732745098039 0.6001534117647058 1.0
0.8019223529411764 0.6444444901960785 0.5952322352941176 1.0
0.7988465882352941 0.639215705882353 0.5903110588235294 1.0
0.7957708235294118 0.6339869215686275 0.5853898823529411 1.0
0.7926950588235294 0.628758137254902 0.5804687058823529 1.0
0.7896192941176471 0.6235293529411765 0.5755475294117647 1.0
0.7865435294117648 0.6183005686274511 0.5706263529411765 1.0
0.7834677647058823 0.6130717843137256 0.5657051764705882 1.0
0.780392 0.607843 0.560784 1.0
0.7773162352941176 0.6029218235294118 0.556170431372549 1.0
0.7742404705882353 0.5980006470588236 0.5515568627450981 1.0
0.7711647058823529 0.5930794705882353 0.546943294117647 1.0
0.7680889411764705 0.5881582941176471 0.5423297254901961 1.0
0.7650131764705882 0.5832371176470589 0.5377161568627451 1.0
0.7619374117647059 0.5783159411764707 0.5331025882352941 1.0
0.7588616470588235 0.5733947647058824 0.5284890196078431 1.0
0.7557858823529411 0.5684735882352941 0.5238754509803921 1.0
0.7527101176470588 0.5635524117647058 0.5192618823529411 1.0
0.7496343529411764 0.5586312352941176 0.5146483137254902 1.0
0.7465585882352941 0.5537100588235294 0.5100347450980391 1.0
0.7434828235294118 0.5487888823529412 0.5054211764705883 1.0
0.740560862745098 0.5440983921568627 0.5010382745098039 1.0
0.7381003137254901 0.5400999607843137 0.4973473725490196 1.0
0.7356397647058823 0.5361015294117647 0.49365647058823536 1.0
0.7331792156862744 0.5321030980392156 0.48996556862745094 1.0
0.7307186666666666 0.5281046666666667 0.48627466666666663 1.0
0.7282581176470588 0.5241062352941176 0.4825837647058823 1.0
0.7257975686274509 0.5201078039215686 0.478892862745098 1.0
0.7233370196078431 0.5161093725490196 0.4752019607843137 1.0
0.7208764705882352 0.5121109411764706 0.4715110588235294 1.0
0.7184159215686274 0.5081125098039215 0.4678201568627451 1.0
0.7159553725490196 0.5041140784313726 0.46412925490196083 1.0
0.7134948235294117 0.5001156470588235 0.46043835294117647 1.0
0.7110342745098039 0.49611721568627454 0.45674745098039216 1.0
0.7082661176470588 0.49196498039215686 0.4530565490196078 1.0
0.7051903529411765 0.4876589411764706 0.4493656470588235 1.0
0.7021145882352942 0.4833529019607843 0.44567474509803917 1.0
0.6990388235294117 0.47904686274509806 0.44198384313725486 1.0
0.6959630588235294 0.47474082352941177 0.43829294117647055 1.0
0.692887294117647 0.47043478431372554 0.4346020392156863 1.0
0.6898115294117647 0.4661287450980392 0.43091113725490193 1.0
0.6867357647058824 0.46182270588235297 0.4272202352941176 1.0
0.6836599999999999 0.4575166666666667 0.4235293333333333 1.0
0.6805842352941176 0.4532106274509804 0.419838431372549 1.0
0.6775084705882353 0.4489045882352941 0.4161475294117647 1.0
0.6744327058823529 0.4445985490196078 0.4124566274509804 1.0
0.6713569411764706 0.44029250980392154 0.4087657254901961 1.0
0.6687425882352941 0.4369091764705883 0.40599758823529414 1.0
0.6662820392156863 0.43383341176470586 0.4035370392156863 1.0
0.6638214901960784 0.4307576470588235 0.40107649019607844 1.0
0.6613609411764706 0.4276818823529412 0.3986159411764706 1.0
0.6589003921568627 0.4246061176470588 0.39615539215686274 1.0
0.6564398431372549 0.42153035294117647 0.3936948431372549 1.0
0.653979294117647 0.41845458823529413 0.39123429411764704 1.0
0.6515187450980392 0.4153788235294118 0.38877374509803925 1.0
0.6490581960784314 0.41230305882352947 0.3863131960784314 1.0
0.6465976470588235 0.4092272941176471 0.38385264705882355 1.0
0.6441370980392157 0.40615152941176474 0.3813920980392157 1.0
0.6416765490196078 0.40307576470588236 0.37893154901960785 1.0
0.639216 0.4 0.376471 1.0
0.6370629803921569 0.3972318431372549 0.37462550980392156 1.0
0.6349099607843137 0.39446368627450984 0.3727800196078431 1.0
0.6327569411764706 0.3916955294117647 0.3709345294117647 1.0
0.6306039215686274 0.38892737254901966 0.3690890392156863 1.0
0.6284509019607843 0.38615921568627454 0.3672435490196079 1.0
0.6262978823529411 0.3833910588235294 0.36539805882352944 1.0
0.6241448627450981 0.3806229019607843 0.363552568627451 1.0
0.6219918431372549 0.3778547450980392 0.36170707843137256 1.0
0.6198388235294118 0.3750865882352941 0.3598615882352941 1.0
0.6176858039215687 0.372318431372549 0.3580160980392157 1.0
0.6155327843137255 0.3695502745098039 0.35617060784313725 1.0
0.6133797647058824 0.3667821176470588 0.3543251176470589 1.0
0.611149843137255 0.36409084313725487 0.3524796470588235 1.0
0.6086892156862745 0.36163021568627446 0.35063423529411764 1.0
0.6062285882352941 0.3591695882352941 0.34878882352941176 1.0
0.6037679607843137 0.3567089607843137 0.3469434117647059 1.0
0.6013073333333333 0.35424833333333333 0.345098 1.0
0.598846705882353 0.3517877058823529 0.3432525882352941 1.0
0.5963860784313726 0.3493270784313725 0.3414071764705882 1.0
0.5939254509803922 0.34686645098039215 0.3395617647058824 1.0
0.5914648235294118 0.34440582352941174 0.33771635294117647 1.0
0.5890041960784314 0.3419451960784314 0.3358709411764706 1.0
0.5865435686274509 0.33948456862745097 0.33402552941176467 1.0
0.5840829411764706 0.33702394117647055 0.3321801176470588 1.0
0.5816223137254902 0.3345633137254902 0.3303347058823529 1.0
0.5791617254901961 0.3321027254901961 0.3286430588235294 1.0
0.5767011764705883 0.32964217647058824 0.32710517647058823 1.0
0.5742406274509804 0.3271816274509804 0.32556729411764707 1.0
0.5717800784313726 0.32472107843137255 0.3240294117647059 1.0
0.5693195294117648 0.32226052941176475 0.32249152941176473 1.0
0.5668589803921569 0.31979998039215685 0.3209536470588235 1.0
0.564398431372549 0.317339431372549 0.31941576470588234 1.0
0.5619378823529412 0.31487888235294115 0.3178778823529412 1.0
0.5594773333333333 0.3124183333333333 0.31634 1.0
0.5570167843137255 0.30995778431372545 0.31480211764705884 1.0
0.5545562352941176 0.30749723529411765 0.3132642352941177 1.0
0.5520956862745098 0.3050366862745098 0.3117263529411765 1.0
0.5496351372549019 0.30257613725490196 0.31018847058823534 1.0
0.5474052352941176 0.30034623529411764 0.3086505882352941 1.0
0.5452522156862745 0.2981932156862745 0.30711270588235295 1.0
0.5430991960784314 0.29604019607843135 0.3055748235294118 1.0
0.5409461764705882 0.2938871764705882 0.3040369411764706 1.0
0.5387931568627451 0.29173415686274506 0.30249905882352945 1.0
0.5366401372549019 0.2895811372549019 0.30096117647058823 1.0
0.5344871176470588 0.2874281176470588 0.29942329411764707 1.0
0.5323340980392157 0.28527509803921575 0.29788541176470595 1.0
0.5301810784313725 0.28312207843137255 0.29634752941176473 1.0
0.5280280588235293 0.2809690588235294 0.29480964705882357 1.0
0.5258750392156862 0.27881603921568626 0.29327176470588234 1.0
0.523722019607843 0.2766630196078431 0.2917338823529412 1.0
0.521569 0.27451 0.290196 1.0
0.5191083725490195 0.27266450980392154 0.2889657254901961 1.0
0.5166477450980391 0.2708190196078431 0.28773545098039216 1.0
0.5141871176470588 0.26897352941176467 0.28650517647058826 1.0
0.5117264901960784 0.26712803921568623 0.2852749019607843 1.0
0.509265862745098 0.2652825490196078 0.2840446274509804 1.0
0.5068052352941176 0.2634370588235294 0.28281435294117646 1.0
0.5043446078431373 0.261591568627451 0.28158407843137256 1.0
0.5018839803921569 0.25974607843137254 0.2803538039215686 1.0
0.49942335294117646 0.2579005882352941 0.2791235294117647 1.0
0.4969627254901961 0.25605509803921567 0.27789325490196076 1.0
0.49450209803921574 0.2542096078431373 0.27666298039215687 1.0
0.49204147058823533 0.2523641176470588 0.2754327058823529 1.0
0.48958086274509804 0.2504417450980392 0.27412552941176466 1.0
0.4871203137254902 0.24828872549019607 0.2725876470588235 1.0
0.48465976470588235 0.24613570588235292 0.2710497647058823 1.0
0.48219921568627455 0.24398268627450978 0.26951188235294116 1.0
0.4797386666666667 0.24182966666666666 0.267974 1.0
0.47727811764705885 0.23967664705882352 0.2664361176470588 1.0
0.474817568627451 0.23752362745098038 0.26489823529411766 1.0
0.47235701960784315 0.23537060784313724 0.2633603529411765 1.0
0.4698964705882353 0.23321758823529412 0.2618224705882353 1.0
0.46743592156862745 0.23106456862745098 0.2602845882352941 1.0
0.4649753725490196 0.22891154901960784 0.25874670588235293 1.0
0.46251482352941176 0.22675852941176472 0.25720882352941177 1.0
0.4600542745098039 0.22460550980392158 0.2556709411764706 1.0
0.45774749019607847 0.2227600980392157 0.25428686274509804 1.0
0.4555944705882354 0.2212222941176471 0.25305658823529414 1.0
0.4534414509803922 0.21968449019607844 0.2518263137254902 1.0
0.45128843137254904 0.2181466862745098 0.2505960392156863 1.0
0.4491354117647059 0.21660888235294118 0.24936576470588237 1.0
0.44698239215686275 0.21507107843137255 0.24813549019607845 1.0
0.4448293725490196 0.21353327450980392 0.24690521568627452 1.0
0.44267635294117647 0.21199547058823529 0.2456749411764706 1.0
0.4405233333333333 0.21045766666666665 0.24444466666666667 1.0
0.4383703137254902 0.20891986274509802 0.24321439215686275 1.0
0.4362172941176471 0.2073820588235294 0.24198411764705885 1.0
0.43406427450980395 0.2058442549019608 0.24075384313725492 1.0
0.4319112549019608 0.20430645098039216 0.239523568627451 1.0
0.4295275294117647 0.20253788235294118 0.23829323529411767 1.0
0.42706690196078434 0.20069239215686274 0.23706288235294118 1.0
0.4246062745098039 0.1988469019607843 0.23583252941176472 1.0
0.4221456470588235 0.19700141176470587 0.23460217647058826 1.0
0.4196850196078432 0.1951559215686275 0.2333718235294118 1.0
0.41722439215686274 0.19331043137254902 0.2321414705882353 1.0
0.4147637647058824 0.1914649411764706 0.23091111764705882 1.0
0.412303137254902 0.18961945098039215 0.22968076470588236 1.0
0.40984250980392156 0.18777396078431371 0.2284504117647059 1.0
0.4073818823529412 0.1859284705882353 0.2272200588235294 1.0
0.4049212549019608 0.18408298039215687 0.22598970588235295 1.0
0.40246062745098043 0.18223749019607843 0.22475935294117647 1.0
0.4 0.180392 0.223529 1.0
0.3975393725490196 0.17854658823529412 0.22199119607843137 1.0
0.39507874509803925 0.17670117647058822 0.22045339215686274 1.0
0.39261811764705884 0.17485576470588235 0.2189155882352941 1.0
0.3901574901960784 0.17301035294117648 0.21737778431372548 1.0
0.38769686274509807 0.17116494117647058 0.21583998039215685 1.0
0.38523623529411766 0.1693195294117647 0.21430217647058825 1.0
0.38277560784313724 0.16747411764705883 0.21276437254901961 1.0
0.38031498039215694 0.16562870588235298 0.211226568627451 1.0
0.3778543529411765 0.16378329411764705 0.20968876470588235 1.0
0.37539372549019606 0.16193788235294118 0.20815096078431372 1.0
0.37293309803921565 0.16009247058823528 0.2066131568627451 1.0
0.3704724705882353 0.1582470588235294 0.20507535294117646 1.0
0.3678580784313725 0.1564016274509804 0.2035375294117647 1.0
0.3647823921568627 0.15455613725490197 0.20199964705882353 1.0
0.36170670588235293 0.15271064705882353 0.20046176470588234 1.0
0.3586310196078431 0.1508651568627451 0.19892388235294117 1.0
0.35555533333333333 0.14901966666666666 0.197386 1.0
0.3524796470588235 0.14717417647058825 0.1958481176470588 1.0
0.3494039607843137 0.14532868627450982 0.19431023529411764 1.0
0.3463282745098039 0.14348319607843138 0.19277235294117648 1.0
0.3432525882352941 0.14163770588235294 0.19123447058823528 1.0
0.3401769019607843 0.1397922156862745 0.18969658823529412 1.0
0.3371012156862745 0.1379467254901961 0.18815870588235295 1.0
0.3340255294117648 0.13610123529411772 0.1866208235294118 1.0
0.3309498431372549 0.13425574509803923 0.1850829411764706 1.0
0.3278741176470588 0.13225649019607844 0.1833912549019608 1.0
0.3247983529411765 0.1301034705882353 0.18154576470588235 1.0
0.3217225882352941 0.12795045098039215 0.17970027450980391 1.0
0.31864682352941176 0.12579743137254903 0.1778547843137255 1.0
0.3155710588235294 0.12364441176470589 0.17600929411764707 1.0
0.31249529411764704 0.12149139215686275 0.17416380392156863 1.0
0.3094195294117647 0.11933837254901962 0.1723183137254902 1.0
0.30634376470588237 0.11718535294117648 0.17047282352941176 1.0
0.303268 0.11503233333333335 0.16862733333333335 1.0
0.30019223529411765 0.1128793137254902 0.16678184313725491 1.0
0.2971164705882353 0.11072629411764706 0.16493635294117648 1.0
0.2940407058823529 0.10857327450980392 0.16309086274509804 1.0
0.2909649411764706 0.10642025490196079 0.1612453725490196 1.0
0.28788917647058826 0.10426723529411765 0.15778517647058823 1.0
0.284813411764706 0.10211421568627457 0.15378674509803933 1.0
0.28173764705882354 0.09996119607843137 0.1497883137254902 1.0
0.2786618823529412 0.09780817647058823 0.14578988235294119 1.0
0.2755861176470588 0.0956551568627451 0.14179145098039217 1.0
0.2725103529411765 0.09350213725490196 0.13779301960784315 1.0
0.2694345882352941 0.09134911764705883 0.1337945882352941 1.0
0.26635882352941176 0.08919609803921569 0.1297961568627451 1.0
0.2632830588235294 0.08704307843137254 0.12579772549019608 1.0
0.26020729411764704 0.08489005882352942 0.12179929411764706 1.0
0.2571315294117647 0.08273703921568627 0.11780086274509805 1.0
0.2540557647058823 0.08058401960784314 0.11380243137254903 1.0
0.25098 0.078431 0.109804 1.0
