0.988235 0.882353 0.843137 1.0
0.9863126470588235 0.8738946666666667 0.8327564117647059 1.0
0.984390294117647 0.8654363333333334 0.8223758235294117 1.0
0.9824679411764706 0.856978 0.8119952352941177 1.0
0.9805455882352941 0.8485196666666667 0.8016146470588236 1.0
0.9786232352941177 0.8400613333333333 0.7912340588235294 1.0
0.9767008823529412 0.831603 0.7808534705882353 1.0
0.9747785294117647 0.8231446666666666 0.7704728823529412 1.0
0.9728561764705882 0.8146863333333333 0.7600922941176471 1.0
0.9709338235294118 0.806228 0.7497117058823529 1.0
0.9690114705882353 0.7977696666666666 0.7393311176470588 1.0
0.968627 0.7893114117647059 0.7280277843137255 1.0
0.968627 0.7808531764705882 0.7164937647058823 1.0
0.968627 0.7723949411764706 0.7049597450980393 1.0
0.968627 0.763936705882353 0.6934257254901961 1.0
0.968627 0.7554784705882353 0.681891705882353 1.0
0.968627 0.7470202352941177 0.6703576862745099 1.0
0.968627 0.7385619999999999 0.6588236666666667 1.0
0.968627 0.7301037647058823 0.6472896470588236 1.0
0.968627 0.7216455294117647 0.6357556274509805 1.0
0.968627 0.713187294117647 0.6242216078431373 1.0
0.9683963235294117 0.7065744705882353 0.6160324411764706 1.0
0.9680118627450981 0.7011919215686274 0.6100731764705883 1.0
0.9676274019607843 0.6958093725490196 0.604113911764706 1.0
0.9672429411764706 0.6904268235294118 0.5981546470588236 1.0
0.9668584803921568 0.6850442745098039 0.5921953823529412 1.0
0.9664740196078432 0.6796617254901961 0.5862361176470589 1.0
0.9660895588235294 0.6742791764705882 0.5802768529411765 1.0
0.9657050980392157 0.6688966274509804 0.5743175882352942 1.0
0.9653206372549019 0.6635140784313726 0.5683583235294118 1.0
0.9649361764705883 0.6581315294117647 0.5623990588235295 1.0
0.9645517156862745 0.6527489803921569 0.5564397941176471 1.0
0.9641672549019608 0.647366431372549 0.5504805294117647 1.0
0.963782794117647 0.6419838823529412 0.5445212647058825 1.0
0.9633983333333334 0.6366013333333334 0.538562 1.0
0.9630138725490196 0.6312187843137255 0.5326027352941177 1.0
0.9626294117647058 0.6258362352941177 0.5266434705882354 1.0
0.9622449509803921 0.6204536862745098 0.520684205882353 1.0
0.9618604901960784 0.6150711372549019 0.5147249411764706 1.0
0.9614760294117647 0.6096885882352941 0.5087656764705882 1.0
0.9610915686274509 0.6043060392156863 0.502806411764706 1.0
0.9606302222222222 0.5986159215686275 0.49650113071895435 1.0
0.9598613333333333 0.5916955294117647 0.4888117843137255 1.0
0.9590924444444444 0.5847751372549019 0.4811224379084968 1.0
0.9583235555555555 0.5778547450980392 0.473433091503268 1.0
0.9575546666666667 0.5709343529411766 0.4657437450980393 1.0
0.9567857777777777 0.5640139607843138 0.4580543986928105 1.0
0.9560168888888889 0.557093568627451 0.4503650522875817 1.0
0.955248 0.5501731764705883 0.44267570588235294 1.0
0.9544791111111111 0.5432527843137256 0.4349863594771243 1.0
0.9537102222222222 0.5363323921568628 0.42729701307189544 1.0
0.9529413333333333 0.529412 0.4196076666666667 1.0
0.9521724444444444 0.5224916078431373 0.41191832026143793 1.0
0.9514035555555556 0.5155712156862746 0.40422897385620926 1.0
0.9506346666666666 0.5086508235294118 0.3965396274509804 1.0
0.9498657777777777 0.501730431372549 0.38885028104575164 1.0
0.9490968888888889 0.4948100392156863 0.3811609346405229 1.0
0.9474052352941177 0.48904300000000006 0.37531705882352945 1.0
0.9456110522875817 0.48340411111111115 0.36967823529411764 1.0
0.9438168692810457 0.47776522222222223 0.3640394117647059 1.0
0.9420226862745098 0.47212633333333337 0.35840058823529414 1.0
0.9402285032679738 0.4664874444444445 0.3527617647058824 1.0
0.9384343202614379 0.4608485555555556 0.3471229411764706 1.0
0.9366401372549019 0.4552096666666667 0.3414841176470588 1.0
0.934845954248366 0.4495707777777778 0.3358452941176471 1.0
0.93305177124183 0.4439318888888889 0.3302064705882353 1.0
0.9312575882352941 0.4382930000000001 0.3245676470588236 1.0
0.9294634052287581 0.43265411111111113 0.31892882352941176 1.0
0.9276692222222223 0.42701522222222227 0.31329 1.0
0.9258750392156863 0.42137633333333335 0.30765117647058826 1.0
0.9240808562091503 0.4157374444444445 0.3020123529411765 1.0
0.9222866732026144 0.4100985555555556 0.29637352941176476 1.0
0.9198773137254902 0.404767274509804 0.2911960392156863 1.0
0.9170578366013071 0.3996410653594772 0.28632610457516344 1.0
0.9142383594771242 0.39451485620915044 0.2814561699346406 1.0
0.9114188823529411 0.3893886470588236 0.2765862352941177 1.0
0.9085994052287582 0.38426243790849673 0.2717163006535948 1.0
0.9057799281045752 0.37913622875816994 0.26684636601307193 1.0
0.9029604509803921 0.3740100196078432 0.26197643137254906 1.0
0.9001409738562092 0.36888381045751634 0.2571064967320262 1.0
0.8973214967320261 0.36375760130718954 0.2522365620915033 1.0
0.8945020196078431 0.35863139215686274 0.2473666274509804 1.0
0.8916825424836602 0.35350518300653605 0.2424966928104576 1.0
0.8888630653594771 0.34837897385620914 0.23762675816993467 1.0
0.886043588235294 0.34325276470588234 0.2327568235294118 1.0
0.8832241111111111 0.33812655555555554 0.22788688888888892 1.0
0.880404633986928 0.33300034640522874 0.22301695424836604 1.0
0.8776620784313726 0.3284892745098039 0.21891596078431372 1.0
0.8750990065359476 0.325413522875817 0.21660916339869282 1.0
0.8725359346405228 0.32233777124183005 0.2143023660130719 1.0
0.869972862745098 0.3192620196078432 0.21199556862745103 1.0
0.8674097908496732 0.3161862679738562 0.20968877124183008 1.0
0.8648467189542484 0.3131105163398693 0.20738197385620916 1.0
0.8622836470588235 0.31003476470588237 0.20507517647058823 1.0
0.8597205751633986 0.30695901307189544 0.2027683790849673 1.0
0.8571575032679738 0.3038832614379085 0.20046158169934641 1.0
0.854594431372549 0.30080750980392157 0.1981547843137255 1.0
0.8520313594771242 0.29773175816993463 0.19584798692810457 1.0
0.8494682875816993 0.29465600653594776 0.1935411895424837 1.0
0.8469052156862745 0.2915802549019608 0.19123439215686275 1.0
0.8443421437908496 0.2885045032679739 0.18892759477124182 1.0
0.8417790718954248 0.28542875163398695 0.18662079738562093 1.0
0.839216 0.282353 0.184314 1.0
0.836716931372549 0.28004618627450983 0.1825839019607843 1.0
0.834217862745098 0.27773937254901965 0.18085380392156863 1.0
0.831718794117647 0.2754325588235294 0.17912370588235293 1.0
0.8292197254901961 0.2731257450980393 0.1773936078431373 1.0
0.8267206568627451 0.27081893137254903 0.17566350980392156 1.0
0.8242215882352941 0.26851211764705885 0.1739334117647059 1.0
0.8217225196078431 0.26620530392156866 0.1722033137254902 1.0
0.8192234509803922 0.2638984901960784 0.17047321568627452 1.0
0.8167243823529412 0.26159167647058823 0.16874311764705882 1.0
0.8142253137254902 0.25928486274509804 0.16701301960784315 1.0
0.8117262450980391 0.25697804901960786 0.16528292156862745 1.0
0.8092271764705883 0.25467123529411767 0.16355282352941178 1.0
0.8067281078431372 0.25236442156862743 0.16182272549019608 1.0
0.8042290392156862 0.25005760784313724 0.16009262745098038 1.0
0.8017299705882353 0.24775079411764706 0.1583625294117647 1.0
0.7992309019607843 0.24544398039215687 0.156632431372549 1.0
0.7967318333333333 0.24313716666666665 0.15490233333333334 1.0
0.7942327647058823 0.24083035294117644 0.15317223529411764 1.0
0.7917336960784314 0.23852353921568625 0.15144213725490197 1.0
0.7892346274509804 0.2362167254901961 0.1497120392156863 1.0
0.7863895490196078 0.23314098039215683 0.1477896862745098 1.0
0.7833137973856209 0.22955261437908495 0.1457391633986928 1.0
0.780238045751634 0.22596424836601306 0.14368864052287583 1.0
0.777162294117647 0.22237588235294117 0.14163811764705883 1.0
0.7740865424836602 0.2187875163398693 0.13958759477124183 1.0
0.7710107908496732 0.2151991503267974 0.13753707189542486 1.0
0.7679350392156863 0.2116107843137255 0.13548654901960785 1.0
0.7648592875816993 0.2080224183006536 0.13343602614379085 1.0
0.7617835359477124 0.2044340522875817 0.13138550326797388 1.0
0.7587077843137255 0.20084568627450994 0.12933498039215693 1.0
0.7556320326797386 0.19725732026143794 0.12728445751633988 1.0
0.7525562810457517 0.19366895424836605 0.1252339346405229 1.0
0.7494805294117647 0.19008058823529417 0.12318341176470592 1.0
0.7464047777777778 0.18649222222222228 0.12113288888888893 1.0
0.7433290261437908 0.1829038562091504 0.11908236601307193 1.0
0.7404070784313725 0.1795461764705883 0.11726252941176472 1.0
0.7378440065359477 0.1767267647058824 0.11598096078431375 1.0
0.7352809346405229 0.1739073529411765 0.11469939215686277 1.0
0.732717862745098 0.1710879411764706 0.11341782352941178 1.0
0.7301547908496732 0.16826852941176473 0.1121362549019608 1.0
0.7275917189542483 0.16544911764705886 0.11085468627450983 1.0
0.7250286470588235 0.16262970588235295 0.10957311764705883 1.0
0.7224655751633987 0.15981029411764708 0.10829154901960786 1.0
0.7199025032679738 0.15699088235294117 0.10700998039215687 1.0
0.717339431372549 0.1541714705882353 0.10572841176470589 1.0
0.7147763594771243 0.1513520588235295 0.10444684313725494 1.0
0.7122132875816993 0.14853264705882352 0.10316527450980392 1.0
0.7096502156862745 0.14571323529411764 0.10188370588235295 1.0
0.7070871437908496 0.14289382352941177 0.10060213725490197 1.0
0.7045240718954248 0.14007441176470586 0.09932056862745098 1.0
0.701961 0.137255 0.098039 1.0
0.699141588235294 0.13469186274509803 0.09675743137254902 1.0
0.6963221764705881 0.13212872549019608 0.09547586274509805 1.0
0.6935027647058823 0.12956558823529413 0.09419429411764706 1.0
0.6906833529411764 0.12700245098039215 0.09291272549019608 1.0
0.6878639411764705 0.12443931372549019 0.0916311568627451 1.0
0.6850445294117646 0.12187617647058824 0.09034958823529413 1.0
0.6822251176470588 0.11931303921568628 0.08906801960784315 1.0
0.6794057058823529 0.11674990196078433 0.08778645098039217 1.0
0.676586294117647 0.11418676470588236 0.08650488235294118 1.0
0.6737668823529411 0.11162362745098041 0.0852233137254902 1.0
0.6709474705882353 0.10906049019607852 0.08394174509803927 1.0
0.6681280588235294 0.10649735294117649 0.08266017647058825 1.0
0.6653086470588235 0.10393421568627453 0.08137860784313727 1.0
0.6624892352941176 0.10137107843137258 0.08009703921568628 1.0
0.6596698235294117 0.09880794117647063 0.0788154705882353 1.0
0.6570298039215686 0.09750077777777778 0.07878987581699345 1.0
0.6544666666666666 0.0967318888888889 0.07930255555555556 1.0
0.6519035294117647 0.095963 0.07981523529411765 1.0
0.6493403921568628 0.09519411111111112 0.08032791503267973 1.0
0.6467772549019608 0.09442522222222223 0.08084059477124182 1.0
0.6442141176470588 0.09365633333333334 0.08135327450980392 1.0
0.6416509803921568 0.09288744444444445 0.08186595424836601 1.0
0.6390878431372549 0.09211855555555556 0.0823786339869281 1.0
0.636524705882353 0.09134966666666668 0.0828913137254902 1.0
0.633961568627451 0.09058077777777779 0.08340399346405229 1.0
0.631398431372549 0.08981188888888889 0.08391667320261438 1.0
0.6288352941176472 0.08904300000000002 0.08442935294117646 1.0
0.6262721568627452 0.08827411111111111 0.08494203267973857 1.0
0.6237090196078432 0.08750522222222222 0.08545471241830066 1.0
0.6211458823529412 0.08673633333333333 0.08596739215686275 1.0
0.6185827450980392 0.086480045751634 0.08689013725490197 1.0
0.6160196078431373 0.08699266013071896 0.08842798039215688 1.0
0.6134564705882354 0.08750527450980393 0.08996582352941178 1.0
0.6108933333333334 0.0880178888888889 0.09150366666666668 1.0
0.6083301960784314 0.08853050326797386 0.09304150980392158 1.0
0.6057670588235294 0.08904311764705883 0.09457935294117648 1.0
0.6032039215686275 0.0895557320261438 0.09611719607843137 1.0
0.6006407843137255 0.09006834640522876 0.09765503921568627 1.0
0.5980776470588236 0.09058096078431373 0.09919288235294117 1.0
0.5955145098039216 0.0910935751633987 0.10073072549019607 1.0
0.5929513725490196 0.09160618954248366 0.10226856862745098 1.0
0.5903882352941177 0.09211880392156863 0.10380641176470587 1.0
0.5878250980392158 0.09263141830065358 0.10534425490196073 1.0
0.5852619607843138 0.09314403267973856 0.10688209803921568 1.0
0.5826988235294118 0.09365664705882353 0.10841994117647058 1.0
0.5801356862745098 0.09414362745098039 0.10995778431372548 1.0
0.5775725490196079 0.09439990196078431 0.11149562745098038 1.0
0.5750094117647059 0.09465617647058823 0.11303347058823529 1.0
0.5724462745098039 0.09491245098039215 0.11457131372549019 1.0
0.569883137254902 0.09516872549019607 0.1161091568627451 1.0
0.56732 0.095425 0.117647 1.0
0.5647568627450981 0.09568127450980392 0.1191848431372549 1.0
0.5621937254901961 0.09593754901960784 0.12072268627450981 1.0
0.5596305882352941 0.09619382352941176 0.12226052941176471 1.0
0.5570674509803921 0.09645009803921568 0.12379837254901963 1.0
0.5545043137254901 0.0967063725490196 0.1253362156862745 1.0
0.5519411764705883 0.09696264705882353 0.12687405882352942 1.0
0.5493780392156863 0.09721892156862745 0.12841190196078434 1.0
0.5468149019607844 0.09747519607843137 0.1299497450980392 1.0
0.5442517647058823 0.0977314705882353 0.13148758823529413 1.0
0.5416886274509803 0.09798774509803922 0.13302543137254905 1.0
0.5387154509803921 0.098039 0.13456330588235296 1.0
0.5356397647058824 0.098039 0.13610118823529413 1.0
0.5325640784313725 0.098039 0.1376390705882353 1.0
0.5294883921568627 0.098039 0.1391769529411765 1.0
0.5264127058823529 0.098039 0.14071483529411766 1.0
0.5233370196078432 0.098039 0.14225271764705882 1.0
0.5202613333333334 0.098039 0.1437906 1.0
0.5171856470588235 0.098039 0.14532848235294116 1.0
0.5141099607843137 0.098039 0.14686636470588232 1.0
0.511034274509804 0.098039 0.14840424705882352 1.0
0.5079585882352942 0.098039 0.14994212941176469 1.0
0.5048829019607843 0.098039 0.15148001176470585 1.0
0.5017918352941177 0.09805438039215686 0.15297175686274508 1.0
0.4984085411764707 0.0983619882352941 0.15358689411764703 1.0
0.49502524705882356 0.09866959607843137 0.154202031372549 1.0
0.4916419529411765 0.09897720392156863 0.15481716862745099 1.0
0.4882586588235294 0.09928481176470588 0.15543230588235293 1.0
0.4848753647058824 0.09959241960784314 0.1560474431372549 1.0
0.4814920705882353 0.0999000274509804 0.15666258039215686 1.0
0.47810877647058825 0.10020763529411765 0.15727771764705883 1.0
0.47472548235294115 0.1005152431372549 0.15789285490196078 1.0
0.4713421882352941 0.10082285098039216 0.15850799215686276 1.0
0.467958894117647 0.1011304588235294 0.1591231294117647 1.0
0.4645756 0.10143806666666666 0.15973826666666668 1.0
0.46119230588235294 0.10174567450980392 0.16035340392156863 1.0
0.45805505882352937 0.10211478431372549 0.16109158823529413 1.0
0.45549192156862744 0.10262739869281046 0.1621168823529412 1.0
0.45292878431372546 0.10314001307189542 0.16314217647058826 1.0
0.45036564705882354 0.10365262745098039 0.1641674705882353 1.0
0.4478025098039216 0.10416524183006534 0.16519276470588234 1.0
0.4452393725490196 0.10467785620915032 0.1662180588235294 1.0
0.44267623529411765 0.10519047058823529 0.16724335294117648 1.0
0.44011309803921567 0.10570308496732027 0.16826864705882352 1.0
0.4375499607843137 0.10621569934640523 0.1692939411764706 1.0
0.43498682352941176 0.1067283137254902 0.17031923529411766 1.0
0.4324236862745098 0.10724092810457517 0.1713445294117647 1.0
0.42986054901960785 0.10775354248366013 0.17236982352941177 1.0
0.42729741176470587 0.1082661568627451 0.1733951176470588 1.0
0.4247342745098039 0.10877877124183007 0.17442041176470588 1.0
0.42217113725490196 0.10929138562091503 0.17544570588235292 1.0
0.419608 0.109804 0.176471 1.0
