1.0 1.0 0.9999046116818321 1.0
0.9995645096905014 0.9987673193024461 0.9933518034499921 1.0
0.9989988001023179 0.9970874289998027 0.9851426094033567 1.0
0.9983773479572936 0.9951875626296013 0.9763134292313659 1.0
0.997719462858938 0.9931193454885193 0.967135454953416 1.0
0.9970353045381809 0.9909101011495799 0.9577404919027507 1.0
0.9963313189639565 0.988577468977858 0.9482046052308616 1.0
0.9956120271626027 0.9861341126280424 0.9385756327110734 1.0
0.9948808079757073 0.9835897442556066 0.9288851678285333 1.0
0.9941403005504491 0.9809521511369724 0.9191546674971435 1.0
0.9933926345158198 0.97822777726918 0.9093989001527668 1.0
0.9926395720092066 0.9754220804864803 0.8996280374623286 1.0
0.9918826004725313 0.9725397656993734 0.8898489924433937 1.0
0.991122996054795 0.9695849448754502 0.8800663109499809 1.0
0.9903618685159269 0.9665612512319383 0.8702827847388708 1.0
0.9896001939814886 0.9634719234777108 0.8604998837978428 1.0
0.9888388394321387 0.9603198697025354 0.8507180673805311 1.0
0.9880785814010614 0.9571077169787382 0.8409370113472963 1.0
0.9873201205087149 0.9538378506479047 0.8311557763739187 1.0
0.986564092940018 0.9505124459767348 0.8213729335160591 1.0
0.985811079632683 0.9471334940456563 0.8115866584567464 1.0
0.985061613723298 0.9437028231956278 0.8017948023735727 1.0
0.9843161866474847 0.940222116996253 0.7919949450803278 1.0
0.9835752531864778 0.9366929294486146 0.7821844345284591 1.0
0.9828392356791548 0.9331166979604918 0.7723604156533843 1.0
0.9821085275658842 0.9294947545055345 0.7625198507650315 1.0
0.9813834963921898 0.9258283352859453 0.7526595331112684 1.0
0.9806644863717987 0.92211858914997 0.7427760948213489 1.0
0.9799518205873804 0.918366584964154 0.7328660101193175 1.0
0.9792458028911272 0.9145733181011647 0.7229255944542881 1.0
0.9785467195549385 0.910739716173759 0.7129510000038083 1.0
0.9778548407103999 0.9068666441218766 0.702938207853081 1.0
0.9771704216112339 0.9029549087412255 0.6928830170251908 1.0
0.9764937037450009 0.8990052627268915 0.6827810304271802 1.0
0.9758249158161222 0.8950184082935795 0.6726276376772059 1.0
0.9751642746185404 0.8909950004244288 0.6624179946834596 1.0
0.9745119858132857 0.8869356497924413 0.65214699975122 1.0
0.9738682446237777 0.8828409253920644 0.6418092658957262 1.0
0.9732332364596435 0.8787113569130788 0.6313990889307306 1.0
0.9726071374782256 0.8745474368844423 0.6209104107806606 1.0
0.9719901150915434 0.8703496226119766 0.6103367773220415 1.0
0.9713823284253759 0.86611833793059 0.5996712898903787 1.0
0.9707839287361629 0.8618539747890269 0.5889065493826422 1.0
0.970195059790644 0.8575568946828392 0.5780345916315556 1.0
0.9696158582124802 0.8532274299492778 0.5670468124106218 1.0
0.9690464537995488 0.8488658849361156 0.5559338800281411 1.0
0.9684869698151078 0.8444725370549262 0.5446856329569256 1.0
0.9679375232556365 0.8400476377280621 0.533290959286927 1.0
0.9673982250978003 0.8355914132374532 0.5217376539287466 1.0
0.9668691805266897 0.8311040654823602 0.5100122483650537 1.0
0.96635048914723 0.8265857726523482 0.4980998062418242 1.0
0.9658422451804324 0.8220366898209701 0.48598367606485465 1.0
0.9653445376459676 0.8174569494649677 0.4736451895046491 1.0
0.9648574505323723 0.8128466619131739 0.46106328999611584 1.0
0.9643810629560595 0.8082059157287508 0.4482140709688048 1.0
0.9639154493101688 0.8035347780278855 0.4350701954215305 1.0
0.9634606794041879 0.798833294737611 0.42160015750586527 1.0
0.9626646979740728 0.7941582443187901 0.4095729976083314 1.0
0.9600418112612078 0.7897584810453996 0.40671247677901917 1.0
0.9573985950521654 0.7853497801682566 0.40384927654735414 1.0
0.9547352794461242 0.7809323593427738 0.40098361372863256 1.0
0.9520520883781834 0.7765064303704267 0.3981157001745246 1.0
0.9493492398902769 0.7720721994624629 0.3952457429975311 1.0
0.9466269463858413 0.7676298674870996 0.3923739447820415 1.0
0.9438854148694905 0.7631796302014369 0.38950050378297374 1.0
0.9411248471728018 0.758721678469214 0.386625614112933 1.0
0.9383454401672447 0.7542561984654306 0.383749465918734 1.0
0.9355473859651826 0.7497833718687592 0.38087224554804106 1.0
0.9327308721097919 0.7453033760426035 0.37799413570683854 1.0
0.9298960817546862 0.7408163842055738 0.37511531560837913 1.0
0.9270431938339476 0.7363225655920931 0.3722359611141772 1.0
0.9241723832232291 0.7318220856037789 0.3693562448676051 1.0
0.9212838208925201 0.7273151059521985 0.36647633642058874 1.0
0.9183776740511298 0.7228017847935451 0.363596402353844 1.0
0.9154541062854001 0.7182822768557291 0.3607166063910966 1.0
0.9125132776896093 0.7137567335583545 0.3578371095076505 1.0
0.9095553449905032 0.7092253031259952 0.35495807003367497 1.0
0.9065804616658535 0.7046881306951654 0.35207964375254824 1.0
0.9035887780574093 0.700145358415341 0.3492019839945491 1.0
0.9005804414785864 0.695597125544359 0.3463252417261848 1.0
0.8975555963172092 0.6910435685385058 0.3434495656354222 1.0
0.8945143841336006 0.6864848211375651 0.34057510221307147 1.0
0.8914569437542933 0.6819210144450893 0.3377019958305291 1.0
0.8883834113616127 0.6773522770041319 0.3348303888141162 1.0
0.8852939205793728 0.6727787348686521 0.33196042151618577 1.0
0.8821886025549002 0.6682005116708025 0.32909223238320323 1.0
0.8790675860375948 0.6636177286842755 0.3262259580209541 1.0
0.8759309974542165 0.6590305048838855 0.32336173325703976 1.0
0.8727789609810758 0.6544389570015341 0.32049969120082894 1.0
0.8696115986132992 0.6498431995787084 0.3176399633009717 1.0
0.8664290302313208 0.6452433450156375 0.31478267940064025 1.0
0.8632313736647488 0.6406395036172251 0.3119279677905847 1.0
0.8600187447537446 0.6360317836358673 0.30907595526015574 1.0
0.8567912574080421 0.6314202913112521 0.3062267671463619 1.0
0.8535490236637268 0.6268051309072253 0.3033805273810928 1.0
0.8502921537378905 0.6221864047458013 0.300537358536585 1.0
0.8470207560812661 0.6175642132383884 0.29769738186922984 1.0
0.8437349374289445 0.6129386549142849 0.29486071736179725 1.0
0.8404348028492642 0.6083098264465004 0.2920274837641579 1.0
0.8371204557909703 0.6036778226749429 0.28919779863258566 1.0
0.8337919981287192 0.5990427366270089 0.28637177836769445 1.0
0.830449530207007 0.5944046595355998 0.2835495382510936 1.0
0.8270931508826085 0.5897636808545901 0.2807311924807966 1.0
0.8237229575655841 0.5851198882717539 0.27791685420548184 1.0
0.820339046258926 0.5804733677191574 0.27510663555761605 1.0
0.8169415115969113 0.5758242033810137 0.27230064768553114 1.0
0.8135304468822154 0.571172477698987 0.2694990007844804 1.0
0.810105944121848 0.5665182713749329 0.2667018041267215 1.0
0.8066680940619618 0.5618616633710445 0.26390916609068743 1.0
0.8032169862215879 0.5572027309073699 0.2611211941892788 1.0
0.7997527089253444 0.5525415494566649 0.2583379950972961 1.0
0.7962753493351682 0.5478781927365222 0.255559674678094 1.0
0.7927849934811106 0.5432127326987269 0.2527863380094517 1.0
0.7892817262912393 0.5385452395157622 0.2500180894087135 1.0
0.7857656316206897 0.5338757815643932 0.24725503245723535 1.0
0.7822367922799033 0.529204425406243 0.24449727002415145 1.0
0.778695290062085 0.5245312357652562 0.24174490428950635 1.0
0.7751412057699256 0.5198562755019503 0.23899803676677533 1.0
0.7715746192416073 0.5151796055843307 0.23625676832478887 1.0
0.7679956093761431 0.5105012850553398 0.23352119920910364 1.0
0.7644042541580661 0.5058213709966912 0.23079142906283623 1.0
0.7608006306815063 0.5011399184889392 0.22806755694697606 1.0
0.7571848151736816 0.4964569805676014 0.22534968136021155 1.0
0.7535568830178343 0.49177260817515206 0.22263790025827412 1.0
0.7499169087756344 0.48708685010867875 0.219932311072839 1.0
0.7462649662090811 0.48239975296297716 0.21723301072999046 1.0
0.7426011283019249 0.4777113610688452 0.2145400956682631 1.0
0.7389254672806358 0.47302171642630814 0.21185366185629406 1.0
0.7352380546349444 0.46833085863249063 0.20917380481008052 1.0
0.7315389611379757 0.4636388248038236 0.2065006196098806 1.0
0.7278282568659983 0.45894564949224853 0.20383420091675925 1.0
0.724106011217819 0.4542513645950535 0.2011746429887843 1.0
0.7203722929338326 0.4495559992579396 0.19852203969691212 1.0
0.716627170114764 0.4448595797708911 0.19587648454054768 1.0
0.7128707102401096 0.4401621294563756 0.19323807066281476 1.0
0.7091029801863105 0.4354636685493652 0.19060689086552793 1.0
0.7053240462446729 0.4307642140686285 0.1879830376238889 1.0
0.7015339741390619 0.4260637796786852 0.18536660310091196 1.0
0.6977328290433835 0.4213623755417729 0.1827576791615958 1.0
0.6939206755988842 0.41666000815910886 0.180156357386843 1.0
0.6900975779312832 0.41195668020067366 0.17756272908713677 1.0
0.6862635996677644 0.40725239032266336 0.17497688531598354 1.0
0.6824188039538432 0.4025471329716905 0.17239891688313372 1.0
0.678563253470143 0.3978408981747233 0.16982891436758357 1.0
0.6746970104490886 0.3931336713136577 0.16726696813035724 1.0
0.6708201366915526 0.3884254328833142 0.16471316832709226 1.0
0.6669326935834745 0.38371615823154265 0.1621676049204182 1.0
0.6630347421124761 0.37900581727998034 0.15963036769213854 1.0
0.6591263428844996 0.3742943742238745 0.15710154625522088 1.0
0.6552075561404951 0.3695817872092253 0.15458123006559712 1.0
0.6512784417731884 0.3648680079853267 0.15206950843378336 1.0
0.6473390593439493 0.3601529815305868 0.1495664705363029 1.0
0.6433894680998007 0.3554366456493034 0.14707220542694588 1.0
0.6394297269905906 0.3507189305368159 0.14458680204782828 1.0
0.6354598946863657 0.34599975831018864 0.1421103492402854 1.0
0.6314800295949782 0.34127904250128144 0.1396429357555702 1.0
0.6274901898799631 0.3365566875087154 0.13718465026538387 1.0
0.6234904334787256 0.3318325880048619 0.13473558137220715 1.0
0.6194808181210727 0.3271066282935495 0.13229581761945036 1.0
0.6154614013481433 0.3223786816136956 0.12986544750141263 1.0
0.6114322405317688 0.31764860938352013 0.1274445594730332 1.0
0.6073933928943247 0.3129162603793648 0.12503324195945495 1.0
0.6033449155291157 0.30818146984244366 0.12263158336535765 1.0
0.5992868654213549 0.30344405850602996 0.12023967208408237 1.0
0.595219299469791 0.2987038315346715 0.11785759650652478 1.0
0.5911422745090522 0.2939605773659671 0.11548544502977184 1.0
0.5870558473327673 0.28921406644423386 0.1131233060654997 1.0
0.5829600747175401 0.2844640498340067 0.11077126804808471 1.0
0.5788550134478536 0.2797102576997185 0.10842941944242929 1.0
0.5747407203419875 0.2749523976360669 0.10609784875147152 1.0
0.5706172522790355 0.27019015283144276 0.10377664452337151 1.0
0.5664846662271227 0.26542318004433124 0.10146589535832481 1.0
0.5623430192729244 0.2606511073697082 0.09916568991499891 1.0
0.5581923686525992 0.25587353176911376 0.09687611691654832 1.0
0.5540327717842565 0.25109001633414274 0.0945972651561699 1.0
0.549864286302091 0.24630008724849 0.09232922350216663 1.0
0.5456869700923251 0.24150323040824184 0.0900720809024741 1.0
0.541500881331112 0.2366988876536808 0.08782592638860051 1.0
0.5373060785245684 0.2318864525582387 0.08559084907891443 1.0
0.5331026205511169 0.2270652657111359 0.08336693818123961 1.0
0.5288905667063319 0.22223460941937206 0.0811542829946755 1.0
0.5246699767505091 0.21739370174166256 0.07895297291056103 1.0
0.5204409109591867 0.2125416897511408 0.07676309741252405 1.0
0.5162034301768716 0.20767764190453286 0.07458474607548554 1.0
0.5119575958742555 0.20280053937221798 0.07241800856354524 1.0
0.5077034702092097 0.19790926615505894 0.07026297462662057 1.0
0.5034411160919057 0.19300259777877438 0.06811973409570102 1.0
0.49917059725440754 0.1880791883131275 0.06598837687658021 1.0
0.49489197832514314 0.18313755540902066 0.06386899294190992 1.0
0.4906053249086835 0.17817606297863556 0.06176167232137688 1.0
0.48631070367130685 0.17319290105797072 0.059666505089811604 1.0
0.4820081824328694 0.16818606228201388 0.05758358135299701 1.0
0.4776978302655634 0.16315331426294666 0.05551299123092147 1.0
0.473379717600185 0.15809216698104683 0.05345482483818766 1.0
0.4690539163406196 0.15299983406230835 0.051409172261252904 1.0
0.4647204999873063 0.14787318650660838 0.04937612353213967 1.0
0.460379543770533 0.14270869701774525 0.04735576859819992 1.0
0.4560311247945004 0.1375023725320015 0.045348197287478444 1.0
0.45167532219319156 0.1322496717870975 0.04335349926913975 1.0
0.4473122172991984 0.1269454037328926 0.04137176400837673 1.0
0.44294189382678095 0.12158360113036873 0.039393395080615304 1.0
0.43856443807057555 0.11615736161963694 0.03746325024687913 1.0
0.4341799391215271 0.11065864555407556 0.03560191664207548 1.0
0.42978848910180223 0.10507801550682003 0.033807874422119945 1.0
0.42539018342063634 0.09940429575791104 0.03207961439249247 1.0
0.4209851210533006 0.09362411992278033 0.030415638256835853 1.0
0.4165734048456301 0.08772131886189011 0.028814458863826404 1.0
0.41215514184684554 0.08167607495677692 0.027274600452350112 1.0
0.40773044367373834 0.07546372500408519 0.02579459889498478 1.0
0.4032994269096572 0.06905301728798088 0.0243730019398474 1.0
0.39886221354217366 0.06240348792043295 0.023008369450779387 1.0
0.3944189314437884 0.055461349859918595 0.021699273645939873 1.0
0.3899697149006016 0.0481527268502872 0.020444299334787946 1.0
0.3855147051945193 0.04037054745235867 0.019242044153493395 1.0
0.38105405124530006 0.03234475755717784 0.018091118798782377 1.0
0.37658791031959493 0.024648961712532794 0.016990147260246405 1.0
0.3721164488151194 0.017277894914880295 0.015937767051110975 1.0
0.3654806173595297 0.014976926772298985 0.01960826958247796 1.0
0.3582744369901327 0.014045162852391171 0.0241553068234801 1.0
0.3510913117170831 0.013153481159039908 0.028266394437709803 1.0
0.3439314339405087 0.012300967480115997 0.03196204563606142 1.0
0.33679500667703915 0.01148670198542278 0.03526223918997782 1.0
0.329682243786531 0.010709760046487594 0.03818642963145878 1.0
0.3225933702183009 0.00996921304209109 0.04074777985338134 1.0
0.3155286222779925 0.009264129150169878 0.042895502850437243 1.0
0.30848824791632884 0.008593574126703878 0.04468310204947002 1.0
0.30147250704111717 0.007956612072173491 0.04615255030908073 1.0
0.2944816718540139 0.007352306186156271 0.047337849915147424 1.0
0.2875160272137059 0.006779719510604024 0.04826705847098447 1.0
0.2805758710273333 0.006237915662324914 0.04896369398562977 1.0
0.27366151467216265 0.005725959555178601 0.049447737497120135 1.0
0.2667732834497261 0.005242918112466224 0.04973636615872581 1.0
0.25991151707487464 0.004787860969990962 0.04984450069773324 1.0
0.25307657020244445 0.004359861170237747 0.049785221892388924 1.0
0.24626881299452869 0.003957995848114061 0.049570092636036116 1.0
0.23948863173166707 0.0035813469086722256 0.04920941065361833 1.0
0.23273642947162693 0.003229001697225134 0.04871240941969813 1.0
0.22601262675986006 0.0029000536622499013 0.048087419800460794 1.0
0.21931542712957264 0.002593552290461791 0.04734116757956378 1.0
0.2124858414673655 0.002305319107441866 0.04642005250776612 1.0
0.20540212222066012 0.0020331085596868993 0.045280449378642194 1.0
0.1980367334554849 0.0017771091920909504 0.04391234754853734 1.0
0.1903569525275989 0.0015375090635420976 0.042302810097859724 1.0
0.18232340351016169 0.0013144957933821217 0.04043508684531186 1.0
0.17388801427652545 0.0011082566071714292 0.0382866155735515 1.0
0.16499109510733906 0.0009189783817951911 0.03591516121840232 1.0
0.15555703032359167 0.0007468476899481173 0.03332110321701087 1.0
0.1454876866281244 0.0005920508440331729 0.030504779823983506 1.0
0.13465186789304354 0.00045477393950850014 0.0274664885942957 1.0
0.12286748384143675 0.00033520289771661507 0.02420648684260792 1.0
0.10986918454681183 0.00023352350822781174 0.020724992079562007 1.0
0.09524381195890286 0.00014992147073048748 0.01702218242560306 1.0
0.07828344374863735 8.458243649865644e-05 0.013098197002845608 1.0
0.05757537156389687 3.769204946766889e-05 0.008953136305480357 1.0
0.03005978698220293 9.435986947064529e-06 0.00458706254918648 1.0
0.0 0.0 0.0 1.0
