0.9946423358527386 0.9794537247653131 0.900762736843606 1.0
0.9943674903779472 0.9779900907893045 0.9001888079510225 1.0
0.9940150368578581 0.9762107708257036 0.8981067956379873 1.0
0.9936254954816478 0.9742696734200681 0.8954181091538995 1.0
0.9932097721412793 0.9722069486084582 0.8923720167195738 1.0
0.9927735185430518 0.9700434569116901 0.889093887928801 1.0
0.9923202764348756 0.9677924966243191 0.8856580311981036 1.0
0.9918525039469909 0.9654635248597353 0.8821124214714664 1.0
0.9913720213994902 0.9630637375100551 0.8784897291630024 1.0
0.9908802389699741 0.9605988630723113 0.8748130372754709 1.0
0.9903782860702949 0.9580736095172885 0.8710991048352029 1.0
0.9898670907138988 0.9554919376663381 0.8673603591521515 1.0
0.9893474310988996 0.9528572394511444 0.8636061737990961 1.0
0.9888199706845896 0.9501724601624685 0.8598437201849412 1.0
0.9882852829284915 0.9474401857665314 0.8560785523711885 1.0
0.9877438692628663 0.9446627073811771 0.8523150186655923 1.0
0.9871961724908286 0.941842070216205 0.8485565572579605 1.0
0.9866425869847962 0.93898011158681 0.844805912244973 1.0
0.9860834665947199 0.9360784910190039 0.8410652938181835 1.0
0.9855191308793206 0.9331387144894062 0.8373364985666655 1.0
0.9849498700853815 0.9301621542207386 0.8336210008333746 1.0
0.9843759491763459 0.9271500650469889 0.8299200227705008 1.0
0.9837976111279642 0.9241035980876225 0.8262345885264918 1.0
0.9832150796511495 0.921023812280534 0.8225655664822742 1.0
0.9826285614617026 0.9179116841895517 0.8189137023987789 1.0
0.982038248187589 0.9147681164058906 0.8152796455914535 1.0
0.9814443179833551 0.9115939447923205 0.8116639697122688 1.0
0.9808469369057385 0.9083899447662128 0.8080671893313395 1.0
0.980246260092868 0.9051568367778806 0.8044897732251494 1.0
0.9796424327806775 0.9018952911102125 0.8009321550669937 1.0
0.9790355911834009 0.8986059321020259 0.7973947420570413 1.0
0.9784258632598196 0.8952893418790955 0.793877921909952 1.0
0.9778133693828702 0.8919460636622072 0.7903820685271529 1.0
0.9771982229270174 0.8885766047099192 0.7869075466111694 1.0
0.9765805307852661 0.8851814389443089 0.7834547154256956 1.0
0.9759603938256399 0.8817610093003638 0.7800239318633033 1.0
0.9753379072953349 0.8783157298334342 0.7766155529501078 1.0
0.9747131611794227 0.8748459876140304 0.7732299378910626 1.0
0.974086240519883 0.8713521444350028 0.7698674497393362 1.0
0.9734572256998831 0.8678345383525894 0.7665284567571699 1.0
0.9728261926974534 0.8642934850798657 0.7632133335228238 1.0
0.972193213312129 0.8607292792486144 0.7599224618279675 1.0
0.9715583553676014 0.857142195553539 0.756656231401643 1.0
0.970921682893 0.8535324897909381 0.7534150404902871 1.0
0.9702832562850666 0.8499003998024288 0.7501992963179204 1.0
0.969643132453193 0.8462461463329963 0.7470094154462337 1.0
0.9690013649489996 0.8425699338115193 0.7438458240507473 1.0
0.9683580040819634 0.8388719510609404 0.7407089581263089 1.0
0.9677130970223667 0.835152371944413 0.7375992636327936 1.0
0.9670666878927098 0.8314113559530185 0.734517196589921 1.0
0.9664188178485674 0.8276490487400086 0.7314632231284882 1.0
0.9657695251497761 0.8238655826059653 0.7284378195039585 1.0
0.9651188452226943 0.8200610769387835 0.7254414720772798 1.0
0.9644668107142306 0.8162356386119425 0.72247467726684 1.0
0.9638134515382192 0.8123893623441545 0.7195379414747558 1.0
0.9631587949146699 0.8085223310231355 0.7166317809900187 1.0
0.962502865402357 0.8046346159959459 0.7137567218705173 1.0
0.9618456849251426 0.8007262773280752 0.7109132998055107 1.0
0.9611872727924106 0.7967973640332089 0.7081020599597551 1.0
0.9605276457139057 0.7928479142753933 0.7053235568001993 1.0
0.9598668178092694 0.7888779555451249 0.7025783539058931 1.0
0.9592048006125057 0.7848875048107133 0.6998670237615626 1.0
0.958541603071592 0.7808765686461016 0.697190147535112 1.0
0.9578772315434193 0.7768451433361867 0.6945483148392059 1.0
0.9572116897842117 0.772793214960548 0.6919421234769323 1.0
0.9565449789355723 0.7687207594563645 0.6893721791714794 1.0
0.9558770975062582 0.7646277426611925 0.6868390952797001 1.0
0.9552080413497833 0.7605141203361604 0.6843434924893462 1.0
0.9545378036379314 0.7563798381700481 0.6818859984997543 1.0
0.9538663748302302 0.7522248317646112 0.6794672476857191 1.0
0.9531937426394382 0.7480490266014348 0.6770878807442952 1.0
0.9525198919930741 0.743852337990499 0.6747485443242343 1.0
0.9518448049910072 0.7396346710005725 0.672449890637817 1.0
0.951168460859113 0.7353959203714567 0.6701925770548132 1.0
0.9504908358989853 0.7311359704080286 0.6679772656783595 1.0
0.9498119034336973 0.7268546948559537 0.6658046229025627 1.0
0.9491316337495647 0.7225519567588635 0.6636753189516668 1.0
0.9484499940338903 0.718227608296706 0.6615900274006968 1.0
0.947766948308629 0.7138814906049072 0.6595494246775065 1.0
0.9470824573599171 0.7095134335739012 0.6575541895462491 1.0
0.9463964786633995 0.705123255628491 0.6556050025723252 1.0
0.9457089663052735 0.7007107634864349 0.653702545568946 1.0
0.9450198708989591 0.6962757518955507 0.6518475010255124 1.0
0.9443291394973092 0.6918180033485376 0.650040551518091 1.0
0.9436367155002425 0.6873372877746247 0.6482823791023424 1.0
0.942942538557685 0.6828333622070447 0.6465736646893361 1.0
0.9422465444677052 0.6783059704252187 0.644915087404782 1.0
0.9415486650696979 0.6737548425704278 0.6433073239322792 1.0
0.9408488281324779 0.6691796947336097 0.6417510478412701 1.0
0.9401469572371333 0.664580228513791 0.6402469289005043 1.0
0.9394429716544713 0.659956130545511 0.6387956323778473 1.0
0.9387367862168858 0.6553070719934397 0.6373978183274226 1.0
0.9380283111844684 0.6506327080122087 0.6360541408651091 1.0
0.9373174521051633 0.6459326771692959 0.6347652474335219 1.0
0.936604109668769 0.6412066008285905 0.6335317780576959 1.0
0.9358881795545684 0.636454082492039 0.6323543645927369 1.0
0.9351695522723698 0.6316747070965276 0.6312336299648129 1.0
0.9344481129967102 0.62686804026288 0.6301701874069046 1.0
0.9337237413939885 0.6220336274935494 0.6291646396908015 1.0
0.932996311442255 0.6171709933152556 0.628217578356887 1.0
0.9322656912433946 0.6122796403624432 0.6273295829433077 1.0
0.931531742827411 0.6073590483970386 0.626501220216147 1.0
0.9307943219485226 0.602408673259525 0.6257330434022739 1.0
0.9300532778727489 0.5974279457458631 0.6250255914265407 1.0
0.9293084531566695 0.5924162704042092 0.6243793881550261 1.0
0.9285596834170101 0.5873730242447845 0.6237949416460137 1.0
0.9278067970907014 0.5822975553555255 0.6232727434103819 1.0
0.9270496151850457 0.5771891814153897 0.6228132676830653 1.0
0.9262879510175941 0.5720471880962976 0.6224169707072046 1.0
0.9255216099453416 0.5668708273437223 0.6220842900325517 1.0
0.9247503890828148 0.5616593155248211 0.621815643829643 1.0
0.9239740770086147 0.5564118314317648 0.6216114302211703 1.0
0.9231924534599628 0.5511275141264962 0.6214720266318954 1.0
0.9224052890147723 0.5458054606115649 0.6213977891583577 1.0
0.9216123447607546 0.5404447233098538 0.6213890519594945 1.0
0.9208133719510456 0.5350443073339678 0.6214461266691957 1.0
0.9200081116458243 0.5296031675236756 0.621569301831651 1.0
0.9191962943393622 0.5241202052271343 0.6217588423602108 1.0
0.9183776395719366 0.5185942647985202 0.6220149890203265 1.0
0.9175518555260056 0.5130241297811623 0.6223379579369586 1.0
0.9167186386060325 0.5074085187412045 0.6227279401266621 1.0
0.9158776730013078 0.5017460807121149 0.6231851010543856 1.0
0.9150286302311192 0.49603539020491977 0.6237095802148049 1.0
0.914171168671567 0.4902749417327347 0.6243014907378307 1.0
0.9133049330633216 0.48446314379080274 0.6249609190177193 1.0
0.912429553999584 0.47859831222468247 0.6256879243649983 1.0
0.9115446473934936 0.47267866290916244 0.6264825386802166 1.0
0.9106498139241872 0.46670230364868676 0.6273447661483099 1.0
0.9097446384607112 0.4606672251961273 0.6282745829521617 1.0
0.9088286894629471 0.4545712912702848 0.6292719370037183 1.0
0.9079015183586887 0.4484122274328933 0.6303367476908144 1.0
0.9069626588959926 0.442187608662578 0.6314689056376463 1.0
0.9060116264698905 0.43589484543524093 0.6326682724766366 1.0
0.9050479174225341 0.4295311680867357 0.633934680629218 1.0
0.9040710083158173 0.4230936091930519 0.6352679330928781 1.0
0.9030803551755022 0.41657898365392343 0.6366678032316234 1.0
0.9020753927058489 0.4099838661055984 0.6381340345668258 1.0
0.901055533473737 0.40330456521470437 0.6396663405652517 1.0
0.9000201670612439 0.3965370943141226 0.6412644044209067 1.0
0.8989686591856288 0.3896771377288401 0.6429278788271753 1.0
0.8979003507856611 0.38272001199873895 0.6446563857355834 1.0
0.8968145570732244 0.3756606210280732 0.6464495160973867 1.0
0.8957105665491071 0.3684934039670551 0.6483068295840451 1.0
0.8945876399819007 0.3612122743449325 0.6502278542825559 1.0
0.8934450093489192 0.35381054860617944 0.6522120863614856 1.0
0.8922818767380643 0.3462808617246221 0.654258989703468 1.0
0.8910974132095582 0.33861506694637766 0.6563679954998511 1.0
0.8898907576164997 0.33080411588789777 0.6585385018030956 1.0
0.8886610153832092 0.3228379141140449 0.6607698730324914 1.0
0.8874072572403628 0.31470514583300613 0.6630614394286817 1.0
0.8839606236527731 0.30908734821015166 0.6644636816890407 1.0
0.877171598141316 0.30756248122132335 0.664365819252714 1.0
0.8703944127411457 0.30603026142128303 0.6641910649456372 1.0
0.8636288227392708 0.30449085266189985 0.6639417211868763 1.0
0.8568745868813528 0.3029444157734156 0.6636200018374788 1.0
0.850131467033259 0.30139110871541896 0.6632280372420084 1.0
0.8433992278451077 0.29983108672277253 0.6627678789373252 1.0
0.8366776364169607 0.2982645024468451 0.6622415040561527 1.0
0.8299664619653115 0.29669150609238587 0.6616508194504144 1.0
0.823265475489505 0.29511224555036536 0.6609976655570331 1.0
0.8165744494372197 0.2935268665270871 0.6602838200268102 1.0
0.8098931573681141 0.2919355126698784 0.659511001135188 1.0
0.8032213736147216 0.2903383256896364 0.6586808709920583 1.0
0.7965588729396575 0.28873544548052144 0.6577950385662935 1.0
0.7899054301881565 0.2871270102370594 0.6568550625393783 1.0
0.7832608199349305 0.28551315656892373 0.6558624540013099 1.0
0.7766248161243 0.28389401961365685 0.6548186790008917 1.0
0.7699971917024849 0.28226973314757964 0.6537251609615674 1.0
0.7633777182409092 0.280640429695151 0.6525832829730898 1.0
0.756766165549291 0.2790062406370133 0.6513943899685353 1.0
0.7501623012772374 0.2773672963169839 0.6501597907954711 1.0
0.7435658905029763 0.27572372614822915 0.6488807601894588 1.0
0.7369766953077705 0.27407565871887607 0.6475585406574997 1.0
0.730394474334474 0.27242322189730683 0.6461943442785162 1.0
0.7238189823285699 0.2707665429373892 0.644789354427507 1.0
0.7172499696599246 0.26910574858389885 0.6433447274295983 1.0
0.7106871818233504 0.26744096517839605 0.6418615941498349 1.0
0.7041303589159311 0.26577231876582447 0.6403410615242375 1.0
0.6975792350889032 0.2640999352021027 0.6387842140373436 1.0
0.6910335379717014 0.2624239402630011 0.6371921151511983 1.0
0.6844929880655848 0.26074445975459315 0.6355658086905284 1.0
0.6779572981040404 0.2590616196255875 0.6339063201886317 1.0
0.6714261723769117 0.2573755460818715 0.6322146581983441 1.0
0.6648993060149367 0.2556863657035874 0.6304918155723018 1.0
0.6583763842310733 0.2539942055651093 0.6287387707165943 1.0
0.6518570815146577 0.2522991933582881 0.6269564888218099 1.0
0.6453410607740698 0.25060145751936147 0.625145923075406 1.0
0.6388279724231662 0.24890112735995173 0.6233080158592794 1.0
0.6323174534062712 0.24719833320259504 0.621443699936412 1.0
0.6258091261560107 0.2454932065212861 0.6195538996304307 1.0
0.6193025974776877 0.24378588008754387 0.6176395320019724 1.0
0.6127974573532508 0.24207648812255406 0.6157015080257865 1.0
0.6062932776571892 0.24036516645597317 0.6137407337725711 1.0
0.5997896107758649 0.238652052692034 0.6117581115996438 1.0
0.5932859881208772 0.2369372863836382 0.6097545413546801 1.0
0.5867819185260319 0.2352210092151782 0.6077309215968997 1.0
0.5802768865163097 0.23350336519489773 0.6056881508402727 1.0
0.573770350435924 0.23178450085765645 0.6036271288235373 1.0
0.5672617404210664 0.2300645654790628 0.6015487578120838 1.0
0.5607504562012448 0.2283437113019957 0.5994539439370442 1.0
0.5542358647112052 0.2266220937766576 0.5973435985772831 1.0
0.5477172974932466 0.2248998718153855 0.5952186397903587 1.0
0.5411940478672359 0.22317720806357422 0.5930799937989794 1.0
0.534665367842795 0.22145426918819383 0.5909285965399615 1.0
0.5281304647448544 0.2197312261855252 0.5887653952832856 1.0
0.5215884975200369 0.21800825470990204 0.5865913503294515 1.0
0.515038572687001 0.21628553542542606 0.5844074367940872 1.0
0.5084797398889178 0.2145632543828277 0.5822146464895502 1.0
0.5019109870004793 0.21284160342386554 0.5800139899141854 1.0
0.49533123473517787 0.21112078061591744 0.5778064983609323 1.0
0.48873933069080727 0.20940099071969465 0.5755932261581366 1.0
0.48213404276210653 0.20768244569333777 0.5733752530567192 1.0
0.4755140518388404 0.2059653652365085 0.5711536867793653 1.0
0.46887794369520236 0.2042499773785061 0.5689296657490364 1.0
0.46222419996177094 0.20253651911488824 0.5667043620160229 1.0
0.45555118805395317 0.20082523709760858 0.56447898440491 1.0
0.44885714991036024 0.19911638838426443 0.5622547819052451 1.0
0.4421401893701425 0.19741024125272966 0.5600330473324886 1.0
0.43539825798917864 0.1957070760882031 0.557815121288989 1.0
0.4286291390600433 0.19400718635058278 0.5556023964583041 1.0
0.421830429558563 0.1923108796310686 0.5533963222703471 1.0
0.41499951968880355 0.19061847880803373 0.5511984099795185 1.0
0.40813356963636277 0.18893032331351972 0.5490102382034242 1.0
0.40122948306411177 0.1872467705232075 0.546833458976008 1.0
0.39428387679151283 0.18556819728445278 0.5446698043760984 1.0
0.3872930459836989 0.1838950015989699 0.542521093800682 1.0
0.3802529240337026 0.18222760447906775 0.54038924196184 1.0
0.37315903614260637 0.1805664519990214 0.5382762676974457 1.0
0.3660064453775351 0.17891201756628716 0.5361843036987511 1.0
0.3587896897023126 0.17726480444090925 0.5341156072732024 1.0
0.35150270811133977 0.17562534853571554 0.5320725722786476 1.0
0.3441387535280545 0.1739942215348905 0.5300577423860638 1.0
0.3366902895197067 0.17237203437436546 0.528073825852673 1.0
0.32914886708057056 0.17075944113436517 0.526123712016584 1.0
0.3215049766763647 0.16915714340260715 0.5242104897589459 1.0
0.31374786932372556 0.16756589517629797 0.5223374682211402 1.0
0.3058653385554697 0.16598650838254056 0.5205082001144212 1.0
0.29784345248223626 0.16441985911042148 0.5187265080194805 1.0
0.2896662214853311 0.16286689466433527 0.5169965141462681 1.0
0.28131518187883114 0.16132864156759347 0.515322674113229 1.0
0.27276886840655745 0.15980621466867886 0.5137098154142077 1.0
0.2640021374922831 0.1583008275304448 0.5121631813764357 1.0
0.25498528678717625 0.1568138043159535 0.5106884815820263 1.0
0.2456828914914143 0.1553465934243995 0.5092919499394589 1.0
0.23605223853686935 0.1539007831774404 0.5079804118667133 1.0
0.2260411759602458 0.15247811991039537 0.5067613624087287 1.0
0.21558508804026272 0.15108052888280274 0.5056430575983721 1.0
0.20460252088198838 0.14971013848316905 0.5046346220504507 1.0
0.19298864427335283 0.14836930824755454 0.5037461767804603 1.0
0.18060508341513773 0.14706066119787317 0.5029889928278337 1.0
0.1672633134461215 0.1457871208144286 0.5023756790495901 1.0
0.15269582040896545 0.14455195223264322 0.5019204180655386 1.0
0.14096425417691463 0.14721340932404622 0.4893232669079491 1.0
0.13494301190883715 0.15285147976688737 0.4638038718111726 1.0
0.12956985609991797 0.1565471534778781 0.44130586855038545 1.0
0.12469998552731731 0.15888138353479692 0.42121909442557726 1.0
