6.3e-05 5e-06 3.6e-05 1.0
0.00729 0.007204 0.006548 1.0
0.01471 0.014597 0.013245 1.0
0.021935 0.021794 0.019755 1.0
0.029159 0.028991 0.026252 1.0
0.03657 0.036375 0.032748 1.0
0.043586 0.043359 0.039417 1.0
0.050168 0.049959 0.045556 1.0
0.056203 0.055961 0.051274 1.0
0.061712 0.061463 0.056643 1.0
0.066992 0.066746 0.061506 1.0
0.071921 0.071694 0.066226 1.0
0.076552 0.076296 0.070642 1.0
0.081056 0.080777 0.074828 1.0
0.085276 0.085021 0.078791 1.0
0.089398 0.08911 0.08266 1.0
0.093274 0.092973 0.086288 1.0
0.09712 0.096859 0.089825 1.0
0.101038 0.100786 0.093141 1.0
0.104942 0.104672 0.096482 1.0
0.108926 0.108623 0.099864 1.0
0.112921 0.112617 0.103237 1.0
0.116855 0.116562 0.106586 1.0
0.12082 0.120496 0.10991 1.0
0.124835 0.124484 0.113213 1.0
0.128844 0.128498 0.116492 1.0
0.132892 0.132513 0.119746 1.0
0.136918 0.136502 0.122995 1.0
0.140991 0.140564 0.126296 1.0
0.145046 0.144601 0.129527 1.0
0.149082 0.148613 0.132748 1.0
0.153138 0.152668 0.135908 1.0
0.157222 0.156756 0.139098 1.0
0.161345 0.160812 0.14228 1.0
0.165385 0.164875 0.145443 1.0
0.169533 0.168986 0.1485 1.0
0.173607 0.173041 0.151594 1.0
0.177744 0.177142 0.154657 1.0
0.181809 0.181208 0.15769 1.0
0.18596 0.185342 0.160696 1.0
0.190051 0.189414 0.163707 1.0
0.194194 0.193519 0.166642 1.0
0.198278 0.197608 0.169573 1.0
0.202395 0.201692 0.172431 1.0
0.206547 0.205817 0.1753 1.0
0.210638 0.209903 0.178153 1.0
0.214745 0.214009 0.180907 1.0
0.218872 0.218103 0.18368 1.0
0.22299 0.222187 0.186423 1.0
0.227091 0.226298 0.189124 1.0
0.2312 0.230358 0.191783 1.0
0.235309 0.23447 0.19445 1.0
0.239393 0.238528 0.197043 1.0
0.24347 0.242609 0.199581 1.0
0.247581 0.246687 0.202127 1.0
0.251671 0.250761 0.204658 1.0
0.255736 0.254845 0.207134 1.0
0.259822 0.2589 0.209562 1.0
0.2639 0.262954 0.211994 1.0
0.267938 0.266992 0.214362 1.0
0.271997 0.271056 0.216724 1.0
0.276087 0.275096 0.219036 1.0
0.280118 0.279144 0.22133 1.0
0.284164 0.283175 0.223587 1.0
0.288207 0.287188 0.225833 1.0
0.292251 0.291232 0.228039 1.0
0.296286 0.29524 0.23019 1.0
0.300312 0.299273 0.232366 1.0
0.304341 0.30327 0.234504 1.0
0.30837 0.307283 0.236608 1.0
0.312378 0.311297 0.238663 1.0
0.316418 0.315302 0.240716 1.0
0.320441 0.319304 0.242756 1.0
0.324438 0.323304 0.244764 1.0
0.328462 0.32729 0.246769 1.0
0.332488 0.33128 0.248761 1.0
0.336486 0.335297 0.250701 1.0
0.340511 0.339286 0.252648 1.0
0.344521 0.343272 0.25458 1.0
0.348549 0.347265 0.256467 1.0
0.352572 0.351248 0.25836 1.0
0.356605 0.355248 0.260248 1.0
0.36062 0.35922 0.262115 1.0
0.364666 0.363212 0.263983 1.0
0.368721 0.367205 0.265824 1.0
0.372762 0.371195 0.267635 1.0
0.376835 0.375195 0.269496 1.0
0.380907 0.379198 0.271303 1.0
0.384975 0.383208 0.273127 1.0
0.38908 0.387201 0.274933 1.0
0.393179 0.391225 0.276752 1.0
0.3973 0.395235 0.278557 1.0
0.401442 0.399243 0.280346 1.0
0.405602 0.40328 0.282175 1.0
0.409774 0.407305 0.283967 1.0
0.413963 0.411339 0.285769 1.0
0.418173 0.415382 0.287587 1.0
0.422409 0.419437 0.289423 1.0
0.42668 0.423481 0.29125 1.0
0.430975 0.427557 0.29307 1.0
0.435297 0.43163 0.294913 1.0
0.439639 0.435704 0.296782 1.0
0.444025 0.439786 0.298639 1.0
0.448436 0.443882 0.300514 1.0
0.45289 0.447974 0.302404 1.0
0.457371 0.452098 0.304323 1.0
0.461904 0.456207 0.306269 1.0
0.466474 0.460328 0.3082 1.0
0.471093 0.464479 0.310185 1.0
0.475755 0.468613 0.312149 1.0
0.480458 0.47276 0.314179 1.0
0.485214 0.47692 0.31623 1.0
0.49003 0.481079 0.318289 1.0
0.494902 0.485249 0.320397 1.0
0.499813 0.489423 0.322518 1.0
0.504804 0.493606 0.324659 1.0
0.509839 0.4978 0.326847 1.0
0.514941 0.501978 0.329089 1.0
0.520096 0.506153 0.331326 1.0
0.525329 0.51034 0.333638 1.0
0.530619 0.514527 0.335961 1.0
0.535971 0.518703 0.338327 1.0
0.541388 0.522867 0.340746 1.0
0.546882 0.527027 0.3432 1.0
0.552434 0.531166 0.345677 1.0
0.558042 0.535291 0.348217 1.0
0.563732 0.539401 0.350797 1.0
0.569463 0.543493 0.3534 1.0
0.57527 0.547552 0.356064 1.0
0.581129 0.551588 0.358745 1.0
0.587044 0.555576 0.361493 1.0
0.59302 0.559543 0.364264 1.0
0.599036 0.563464 0.367083 1.0
0.605096 0.567331 0.369934 1.0
0.611203 0.571142 0.372824 1.0
0.617339 0.574902 0.375753 1.0
0.623515 0.578604 0.378712 1.0
0.629702 0.582236 0.381703 1.0
0.635919 0.585808 0.384716 1.0
0.642146 0.589285 0.387761 1.0
0.648375 0.592706 0.390839 1.0
0.654606 0.596023 0.393922 1.0
0.660832 0.599263 0.397028 1.0
0.667046 0.602403 0.400161 1.0
0.673242 0.60545 0.403304 1.0
0.6794 0.608411 0.406452 1.0
0.685537 0.611258 0.40961 1.0
0.691626 0.613996 0.412779 1.0
0.697668 0.616646 0.415935 1.0
0.703665 0.619184 0.419105 1.0
0.709603 0.6216 0.422261 1.0
0.715479 0.623928 0.425434 1.0
0.721279 0.626132 0.428588 1.0
0.727018 0.62824 0.431748 1.0
0.732685 0.630234 0.434886 1.0
0.738264 0.632122 0.438021 1.0
0.743772 0.633913 0.441135 1.0
0.74919 0.635592 0.444261 1.0
0.754538 0.637182 0.447354 1.0
0.759785 0.638671 0.450458 1.0
0.764961 0.640074 0.453543 1.0
0.770042 0.641377 0.456625 1.0
0.775042 0.64261 0.459703 1.0
0.77996 0.643752 0.462766 1.0
0.7848 0.644824 0.465838 1.0
0.789553 0.645828 0.46892 1.0
0.794231 0.646771 0.471996 1.0
0.798829 0.647646 0.475078 1.0
0.803353 0.648471 0.478158 1.0
0.80781 0.649254 0.481257 1.0
0.812197 0.649987 0.484375 1.0
0.816524 0.650686 0.487527 1.0
0.820782 0.651357 0.490694 1.0
0.824986 0.652004 0.49388 1.0
0.829142 0.652627 0.497108 1.0
0.833237 0.653245 0.50037 1.0
0.837292 0.653864 0.503681 1.0
0.841297 0.654478 0.507039 1.0
0.845261 0.655103 0.510449 1.0
0.849192 0.655752 0.513925 1.0
0.853082 0.656418 0.517457 1.0
0.856942 0.657111 0.52105 1.0
0.860774 0.657841 0.524721 1.0
0.864578 0.658606 0.528473 1.0
0.868361 0.659428 0.532304 1.0
0.872114 0.660303 0.536217 1.0
0.875845 0.661242 0.540221 1.0
0.879553 0.662254 0.544323 1.0
0.883246 0.663333 0.548526 1.0
0.886919 0.664485 0.552814 1.0
0.890568 0.665734 0.557222 1.0
0.894201 0.667068 0.561722 1.0
0.897809 0.668505 0.566329 1.0
0.901394 0.67004 0.571039 1.0
0.904958 0.67167 0.575872 1.0
0.908492 0.673419 0.580791 1.0
0.911997 0.675275 0.585829 1.0
0.915467 0.677253 0.590958 1.0
0.918906 0.679333 0.596195 1.0
0.922312 0.681539 0.601525 1.0
0.925669 0.683866 0.606956 1.0
0.928977 0.686316 0.61246 1.0
0.932238 0.688886 0.618058 1.0
0.935448 0.691564 0.623735 1.0
0.938597 0.69436 0.629468 1.0
0.941681 0.697278 0.635273 1.0
0.944702 0.700307 0.64113 1.0
0.947647 0.703444 0.647044 1.0
0.950518 0.706687 0.652983 1.0
0.953313 0.710026 0.658964 1.0
0.956025 0.713462 0.664967 1.0
0.95865 0.716995 0.670991 1.0
0.961187 0.720602 0.67702 1.0
0.963634 0.724299 0.683043 1.0
0.965991 0.728067 0.689068 1.0
0.968259 0.731909 0.695067 1.0
0.970426 0.735806 0.701054 1.0
0.972506 0.739776 0.707015 1.0
0.974483 0.743783 0.712936 1.0
0.976371 0.747846 0.718828 1.0
0.978164 0.751946 0.72468 1.0
0.97987 0.756084 0.730482 1.0
0.98148 0.760255 0.736231 1.0
0.983 0.764455 0.741938 1.0
0.984437 0.768675 0.747593 1.0
0.985784 0.772921 0.753181 1.0
0.987052 0.777189 0.758725 1.0
0.988234 0.781462 0.764206 1.0
0.989346 0.785749 0.769631 1.0
0.990378 0.790041 0.775001 1.0
0.991341 0.794346 0.780317 1.0
0.992236 0.798651 0.78558 1.0
0.993066 0.802958 0.790784 1.0
0.993829 0.807273 0.795937 1.0
0.994533 0.811585 0.801043 1.0
0.99518 0.815897 0.806101 1.0
0.995775 0.820203 0.81111 1.0
0.996319 0.824512 0.816079 1.0
0.996814 0.828824 0.821 1.0
0.997265 0.833124 0.825884 1.0
0.997672 0.83743 0.830736 1.0
0.998039 0.841727 0.835548 1.0
0.998368 0.84602 0.840333 1.0
0.998661 0.850316 0.845083 1.0
0.998919 0.854608 0.84981 1.0
0.999146 0.858895 0.854509 1.0
0.999342 0.863188 0.859187 1.0
0.99951 0.86747 0.863851 1.0
0.999652 0.871758 0.868494 1.0
0.999769 0.876039 0.873116 1.0
0.999864 0.88032 0.87773 1.0
0.999937 0.884606 0.88233 1.0
0.999989 0.88889 0.886927 1.0
1.0 0.893169 0.891512 1.0
1.0 0.897457 0.896094 1.0
1.0 0.901739 0.90067 1.0
