1.0 0.996078 0.890196 1.0
0.9995386274509804 0.9950014901960784 0.8832755686274509 1.0
0.9990772549019608 0.9939249803921569 0.876355137254902 1.0
0.9986158823529412 0.9928484705882353 0.8694347058823529 1.0
0.9981545098039216 0.9917719607843137 0.8625142745098039 1.0
0.9976931372549019 0.9906954509803921 0.855593843137255 1.0
0.9972317647058824 0.9896189411764706 0.8486734117647059 1.0
0.9967703921568627 0.988542431372549 0.8417529803921568 1.0
0.9963090196078431 0.9874659215686274 0.8348325490196078 1.0
0.9958476470588236 0.9863894117647058 0.8279121176470589 1.0
0.9953862745098039 0.9853129019607844 0.8209916862745098 1.0
0.9949249019607843 0.9842363921568628 0.8140712549019608 1.0
0.9944635294117647 0.9831598823529412 0.8071508235294118 1.0
0.9940021568627451 0.9820833725490197 0.8002303921568628 1.0
0.9935407843137255 0.9810068627450981 0.7933099607843137 1.0
0.9930794117647058 0.9799303529411765 0.7863895294117648 1.0
0.9926180392156863 0.9788538431372549 0.7794690980392157 1.0
0.9921566666666667 0.9777773333333334 0.7725486666666667 1.0
0.991695294117647 0.9767008235294118 0.7656282352941177 1.0
0.9912339215686274 0.9756243137254902 0.7587078039215687 1.0
0.9907725490196079 0.9745478039215687 0.7517873725490196 1.0
0.9903111764705882 0.9734712941176471 0.7448669411764707 1.0
0.9898498039215686 0.9723947843137255 0.7379465098039216 1.0
0.989388431372549 0.9713182745098039 0.7310260784313726 1.0
0.9889270588235294 0.9702417647058824 0.7241056470588236 1.0
0.9884656862745098 0.9691652549019608 0.7171852156862746 1.0
0.9880812156862745 0.9679349607843137 0.7112644117647059 1.0
0.9877736470588235 0.9665508823529412 0.7063432352941177 1.0
0.9874660784313726 0.9651668039215686 0.7014220588235295 1.0
0.9871585098039215 0.9637827254901961 0.6965008823529412 1.0
0.9868509411764705 0.9623986470588235 0.691579705882353 1.0
0.9865433725490196 0.9610145686274509 0.6866585294117648 1.0
0.9862358039215686 0.9596304901960785 0.6817373529411765 1.0
0.9859282352941177 0.9582464117647059 0.6768161764705883 1.0
0.9856206666666667 0.9568623333333334 0.671895 1.0
0.9853130980392157 0.9554782549019608 0.6669738235294118 1.0
0.9850055294117647 0.9540941764705883 0.6620526470588235 1.0
0.9846979607843137 0.9527100980392157 0.6571314705882353 1.0
0.9843903921568627 0.9513260196078431 0.6522102941176471 1.0
0.9840828235294118 0.9499419411764706 0.6472891176470588 1.0
0.9837752549019608 0.948557862745098 0.6423679411764706 1.0
0.9834676862745099 0.9471737843137255 0.6374467647058824 1.0
0.9831601176470588 0.9457897058823529 0.6325255882352941 1.0
0.9828525490196078 0.9444056274509803 0.6276044117647058 1.0
0.9825449803921569 0.9430215490196078 0.6226832352941176 1.0
0.9822374117647059 0.9416374705882353 0.6177620588235294 1.0
0.981929843137255 0.9402533921568628 0.6128408823529411 1.0
0.981622274509804 0.9388693137254902 0.6079197058823529 1.0
0.9813147058823529 0.9374852352941176 0.6029985294117647 1.0
0.981007137254902 0.9361011568627451 0.5980773529411765 1.0
0.980699568627451 0.9347170784313725 0.5931561764705882 1.0
0.980392 0.933333 0.588235 1.0
0.9799306274509805 0.932102725490196 0.5850054705882353 1.0
0.9794692549019608 0.9308724509803922 0.5817759411764706 1.0
0.9790078823529412 0.9296421764705882 0.5785464117647059 1.0
0.9785465098039217 0.9284119019607843 0.5753168823529411 1.0
0.978085137254902 0.9271816274509803 0.5720873529411764 1.0
0.9776237647058824 0.9259513529411765 0.5688578235294117 1.0
0.9771623921568627 0.9247210784313725 0.565628294117647 1.0
0.9767010196078432 0.9234908039215686 0.5623987647058823 1.0
0.9762396470588236 0.9222605294117647 0.5591692352941177 1.0
0.9757782745098039 0.9210302549019608 0.555939705882353 1.0
0.9753169019607844 0.9197999803921568 0.5527101764705882 1.0
0.9748555294117648 0.918569705882353 0.5494806470588235 1.0
0.9743941568627451 0.917339431372549 0.5462511176470588 1.0
0.9739327843137255 0.9161091568627451 0.5430215882352941 1.0
0.9734714117647059 0.9148788823529412 0.5397920588235294 1.0
0.9730100392156863 0.9136486078431373 0.5365625294117647 1.0
0.9725486666666667 0.9124183333333333 0.5333330000000001 1.0
0.972087294117647 0.9111880588235294 0.5301034705882353 1.0
0.9716259215686275 0.9099577843137255 0.5268739411764706 1.0
0.9711645490196079 0.9087275098039216 0.5236444117647059 1.0
0.9707031764705882 0.9074972352941176 0.5204148823529412 1.0
0.9702418039215687 0.9062669607843137 0.5171853529411765 1.0
0.969780431372549 0.9050366862745098 0.5139558235294118 1.0
0.9693190588235294 0.9038064117647059 0.5107262941176471 1.0
0.9688576862745099 0.9025761372549019 0.5074967647058825 1.0
0.9684732156862745 0.9011920588235294 0.5042672352941177 1.0
0.9681656470588236 0.8996541764705882 0.501037705882353 1.0
0.9678580784313726 0.898116294117647 0.4978081764705883 1.0
0.9675505098039215 0.8965784117647059 0.4945786470588236 1.0
0.9672429411764706 0.8950405294117647 0.49134911764705885 1.0
0.9669353725490196 0.8935026470588235 0.4881195882352942 1.0
0.9666278039215687 0.8919647647058824 0.4848900588235294 1.0
0.9663202352941177 0.8904268823529412 0.48166052941176474 1.0
0.9660126666666666 0.888889 0.47843100000000005 1.0
0.9657050980392157 0.8873511176470589 0.4752014705882353 1.0
0.9653975294117647 0.8858132352941176 0.4719719411764706 1.0
0.9650899607843137 0.8842753529411764 0.4687424117647059 1.0
0.9647823921568628 0.8827374705882353 0.4655128823529412 1.0
0.9644748235294117 0.8811995882352941 0.4622833529411765 1.0
0.9641672549019608 0.8796617058823529 0.45905382352941176 1.0
0.9638596862745098 0.8781238235294118 0.4558242941176471 1.0
0.9635521176470588 0.8765859411764706 0.45259476470588234 1.0
0.9632445490196079 0.8750480588235294 0.44936523529411765 1.0
0.9629369803921568 0.8735101764705883 0.44613570588235296 1.0
0.9626294117647058 0.8719722941176471 0.4429061764705883 1.0
0.9623218431372549 0.8704344117647058 0.43967664705882353 1.0
0.9620142745098039 0.8688965294117648 0.4364471176470589 1.0
0.961706705882353 0.8673586470588235 0.4332175882352941 1.0
0.9613991372549019 0.8658207647058823 0.4299880588235294 1.0
0.9610915686274509 0.8642828823529412 0.4267585294117647 1.0
0.960784 0.862745 0.423529 1.0
0.9603226666666667 0.861514725490196 0.4210684117647059 1.0
0.9598613333333333 0.8602844509803922 0.4186078235294117 1.0
0.9593999999999999 0.8590541764705882 0.4161472352941176 1.0
0.9589386666666666 0.8578239019607843 0.4136866470588236 1.0
0.9584773333333333 0.8565936274509803 0.4112260588235294 1.0
0.958016 0.8553633529411765 0.40876547058823526 1.0
0.9575546666666667 0.8541330784313725 0.40630488235294115 1.0
0.9570933333333334 0.8529028039215686 0.40384429411764705 1.0
0.9566319999999999 0.8516725294117647 0.40138370588235295 1.0
0.9561706666666666 0.8504422549019608 0.3989231176470588 1.0
0.9557093333333333 0.8492119803921568 0.3964625294117647 1.0
0.955248 0.847981705882353 0.39400194117647064 1.0
0.9547866666666667 0.846751431372549 0.3915413529411765 1.0
0.9543253333333334 0.8455211568627451 0.3890807647058823 1.0
0.9538639999999999 0.8442908823529411 0.3866201764705882 1.0
0.9534026666666666 0.8430606078431373 0.3841595882352941 1.0
0.9529413333333333 0.8418303333333333 0.381699 1.0
0.95248 0.8406000588235294 0.37923841176470585 1.0
0.9520186666666667 0.8393697843137256 0.37677782352941175 1.0
0.9515573333333334 0.8381395098039216 0.37431723529411765 1.0
0.9510959999999999 0.8369092352941176 0.37185664705882354 1.0
0.9506346666666666 0.8356789607843137 0.3693960588235294 1.0
0.9501733333333333 0.8344486862745099 0.3669354705882353 1.0
0.949712 0.8332184117647059 0.3644748823529412 1.0
0.9492506666666667 0.831988137254902 0.3620142941176471 1.0
0.9488661960784314 0.830757843137255 0.3596306078431373 1.0
0.948558588235294 0.8295275294117648 0.3573238235294118 1.0
0.9482509803921568 0.8282972156862746 0.3550170392156863 1.0
0.9479433725490196 0.8270669019607844 0.3527102549019608 1.0
0.9476357647058823 0.8258365882352942 0.35040347058823534 1.0
0.9473281568627451 0.824606274509804 0.3480966862745098 1.0
0.9470205490196079 0.8233759607843137 0.3457899019607843 1.0
0.9467129411764705 0.8221456470588235 0.3434831176470588 1.0
0.9464053333333333 0.8209153333333333 0.3411763333333333 1.0
0.9460977254901961 0.8196850196078431 0.3388695490196078 1.0
0.9457901176470588 0.818454705882353 0.33656276470588237 1.0
0.9454825098039216 0.8172243921568628 0.33425598039215687 1.0
0.9451749019607844 0.8159940784313726 0.3319491960784314 1.0
0.944867294117647 0.8147637647058824 0.3296424117647059 1.0
0.9445596862745098 0.8135334509803922 0.3273356274509804 1.0
0.9442520784313726 0.812303137254902 0.3250288431372549 1.0
0.9439444705882353 0.8110728235294118 0.3227220588235294 1.0
0.9436368627450981 0.8098425098039216 0.3204152745098039 1.0
0.9433292549019607 0.8086121960784314 0.3181084901960784 1.0
0.9430216470588235 0.8073818823529412 0.3158017058823529 1.0
0.9427140392156863 0.8061515686274511 0.3134949215686275 1.0
0.942406431372549 0.8049212549019609 0.31118813725490196 1.0
0.9420988235294118 0.8036909411764707 0.30888135294117647 1.0
0.9417912156862746 0.8024606274509805 0.30657456862745097 1.0
0.9414836078431372 0.8012303137254903 0.3042677843137255 1.0
0.941176 0.8 0.301961 1.0
0.9407146666666667 0.7987696862745098 0.29965417647058823 1.0
0.9402533333333334 0.7975393725490196 0.2973473529411764 1.0
0.939792 0.7963090588235294 0.2950405294117647 1.0
0.9393306666666666 0.7950787450980392 0.2927337058823529 1.0
0.9388693333333333 0.793848431372549 0.2904268823529412 1.0
0.938408 0.7926181176470588 0.28812005882352937 1.0
0.9379466666666667 0.7913878039215686 0.2858132352941176 1.0
0.9374853333333334 0.7901574901960784 0.28350641176470587 1.0
0.937024 0.7889271764705883 0.2811995882352941 1.0
0.9365626666666667 0.7876968627450981 0.2788927647058823 1.0
0.9361013333333333 0.7864665490196079 0.2765859411764706 1.0
0.93564 0.7852362352941177 0.2742791176470588 1.0
0.9351786666666667 0.7840059215686275 0.27197229411764706 1.0
0.9347173333333334 0.7827756078431373 0.26966547058823526 1.0
0.934256 0.7815452941176471 0.2673586470588235 1.0
0.9337946666666667 0.7803149803921569 0.26505182352941176 1.0
0.9333333333333333 0.7790846666666666 0.262745 1.0
0.932872 0.7778543529411764 0.2604381764705882 1.0
0.9324106666666667 0.7766240392156862 0.25813135294117645 1.0
0.9319493333333333 0.775393725490196 0.2558245294117647 1.0
0.931488 0.7741634117647058 0.25351770588235295 1.0
0.9310266666666667 0.7729330980392156 0.25121088235294114 1.0
0.9305653333333334 0.7717027843137254 0.2489040588235294 1.0
0.930104 0.7704724705882352 0.24659723529411764 1.0
0.9296426666666667 0.769242156862745 0.24429041176470587 1.0
0.9292582156862745 0.7679349607843137 0.24159913725490195 1.0
0.9289506470588236 0.7665508823529412 0.23852341176470596 1.0
0.9286430784313726 0.7651668039215686 0.2354476862745098 1.0
0.9283355098039215 0.763782725490196 0.2323719607843137 1.0
0.9280279411764706 0.7623986470588235 0.22929623529411763 1.0
0.9277203725490196 0.761014568627451 0.22622050980392155 1.0
0.9274128039215687 0.7596304901960784 0.22314478431372547 1.0
0.9271052352941177 0.7582464117647059 0.2200690588235294 1.0
0.9267976666666666 0.7568623333333333 0.21699333333333332 1.0
0.9264900980392157 0.7554782549019607 0.21391760784313724 1.0
0.9261825294117647 0.7540941764705882 0.21084188235294116 1.0
0.9258749607843137 0.7527100980392156 0.20776615686274508 1.0
0.9255673921568628 0.7513260196078431 0.204690431372549 1.0
0.9252598235294117 0.7499419411764706 0.20161470588235292 1.0
0.9249522549019608 0.7485578627450981 0.19853898039215687 1.0
0.9246446862745098 0.7471737843137255 0.1954632549019608 1.0
0.9243371176470588 0.7457897058823529 0.19238752941176468 1.0
0.9240295490196079 0.7444056274509804 0.1893118039215687 1.0
0.9237219803921568 0.7430215490196078 0.18623607843137255 1.0
0.9234144117647058 0.7416374705882353 0.18316035294117647 1.0
0.9231068431372549 0.7402533921568627 0.18008462745098036 1.0
0.9227992745098039 0.7388693137254903 0.1770089019607843 1.0
0.922491705882353 0.7374852352941177 0.17393317647058823 1.0
0.9221841372549019 0.7361011568627451 0.17085745098039215 1.0
0.9218765686274509 0.7347170784313726 0.16778172549019607 1.0
0.921569 0.733333 0.164706 1.0
0.9211076274509804 0.7316413529411765 0.16178403921568627 1.0
0.9206462549019607 0.729949705882353 0.15886207843137254 1.0
0.9201848823529412 0.7282580588235295 0.1559401176470588 1.0
0.9197235098039216 0.7265664117647059 0.15301815686274509 1.0
0.9192621372549019 0.7248747647058824 0.15009619607843136 1.0
0.9188007647058823 0.7231831176470589 0.14717423529411763 1.0
0.9183393921568627 0.7214914705882353 0.1442522745098039 1.0
0.9178780196078431 0.7197998235294119 0.14133031372549026 1.0
0.9174166470588235 0.7181081764705882 0.13840835294117645 1.0
0.9169552745098039 0.7164165294117647 0.13548639215686273 1.0
0.9164939019607843 0.7147248823529412 0.132564431372549 1.0
0.9160325294117647 0.7130332352941177 0.1296424705882353 1.0
0.915571156862745 0.7113415882352941 0.12672050980392158 1.0
0.9151097843137255 0.7096499411764706 0.12379854901960784 1.0
0.9146484117647058 0.7079582941176471 0.12087658823529411 1.0
0.9141870392156862 0.7062666470588236 0.1179546274509804 1.0
0.9137256666666667 0.7045750000000001 0.11503266666666667 1.0
0.913264294117647 0.7028833529411765 0.11211070588235293 1.0
0.9128029215686274 0.7011917058823529 0.10918874509803922 1.0
0.9123415490196078 0.6995000588235294 0.10626678431372549 1.0
0.9118801764705882 0.6978084117647059 0.10334482352941177 1.0
0.9114188039215686 0.6961167647058824 0.10042286274509803 1.0
0.9109574313725489 0.6944251176470588 0.09750090196078431 1.0
0.9104960588235294 0.6927334705882354 0.09457894117647067 1.0
0.9100346862745098 0.6910418235294118 0.09165698039215686 1.0
0.9095476928104574 0.6891707712418301 0.08865812418300653 1.0
0.9090350784313725 0.6871203137254902 0.0855823725490196 1.0
0.9085224640522875 0.6850698562091504 0.08250662091503266 1.0
0.9080098496732025 0.6830193986928105 0.07943086928104574 1.0
0.9074972352941176 0.6809689411764706 0.07635511764705881 1.0
0.9069846209150326 0.6789184836601307 0.07327936601307188 1.0
0.9064720065359477 0.6768680261437908 0.07020361437908494 1.0
0.9059593921568627 0.674817568627451 0.06712786274509802 1.0
0.9054467777777777 0.6727671111111111 0.06405211111111109 1.0
0.9049341633986928 0.6707166535947712 0.060976359477124153 1.0
0.9044215490196078 0.6686661960784314 0.05790060784313722 1.0
0.9039089346405229 0.6666157385620914 0.054824856209150286 1.0
0.9033963202614379 0.6645652810457516 0.05174910457516336 1.0
0.9028837058823529 0.6625148235294117 0.048673352941176425 1.0
0.902371091503268 0.6604643660130719 0.04559760130718958 1.0
0.9017303137254902 0.6584395294117646 0.042291176470588165 1.0
0.9005768823529412 0.6565171764705882 0.03806205882352935 1.0
0.8994234509803921 0.6545948235294117 0.03383294117647053 1.0
0.8982700196078431 0.6526724705882353 0.029603823529411717 1.0
0.897116588235294 0.6507501176470588 0.0253747058823529 1.0
0.8959631568627451 0.6488277647058823 0.021145588235294083 1.0
0.8948097254901961 0.6469054117647058 0.01691647058823527 1.0
0.893656294117647 0.6449830588235294 0.012687352941176448 1.0
0.892502862745098 0.643060705882353 0.008458235294117634 1.0
0.891349431372549 0.6411383529411765 0.004229117647058821 1.0
0.890196 0.639216 0.0 1.0
