1.0 0.996078 0.890196 1.0
0.9992310588235294 0.9945401568627451 0.882968 1.0
0.9984621176470588 0.9930023137254902 0.87574 1.0
0.9976931764705882 0.9914644705882353 0.868512 1.0
0.9969242352941177 0.9899266274509804 0.8612839999999999 1.0
0.996155294117647 0.9883887843137255 0.854056 1.0
0.9953863529411765 0.9868509411764707 0.846828 1.0
0.9946174117647059 0.9853130980392157 0.8396 1.0
0.9938484705882353 0.9837752549019608 0.832372 1.0
0.9930795294117647 0.9822374117647059 0.825144 1.0
0.9923105882352942 0.980699568627451 0.817916 1.0
0.9915416470588235 0.9791617254901961 0.810688 1.0
0.990772705882353 0.9776238823529412 0.80346 1.0
0.9900037647058824 0.9760860392156863 0.796232 1.0
0.9892348235294118 0.9745481960784314 0.789004 1.0
0.9884658823529412 0.9730103529411764 0.781776 1.0
0.9876969411764707 0.9714725098039216 0.774548 1.0
0.986928 0.9699346666666667 0.76732 1.0
0.9861590588235294 0.9683968235294118 0.760092 1.0
0.9853901176470589 0.9668589803921569 0.752864 1.0
0.9846211764705882 0.965321137254902 0.745636 1.0
0.9838522352941177 0.9637832941176471 0.738408 1.0
0.983083294117647 0.9622454509803922 0.7311799999999999 1.0
0.9823143529411765 0.9607076078431372 0.723952 1.0
0.9815454117647059 0.9591697647058823 0.716724 1.0
0.9807764705882354 0.9576319215686274 0.709496 1.0
0.9800075294117647 0.9560940588235294 0.7037289803921569 1.0
0.9792385882352942 0.9545561764705882 0.6994229411764706 1.0
0.9784696470588236 0.953018294117647 0.6951169019607844 1.0
0.977700705882353 0.9514804117647059 0.6908108627450981 1.0
0.9769317647058824 0.9499425294117647 0.6865048235294118 1.0
0.9761628235294117 0.9484046470588235 0.6821987843137255 1.0
0.9753938823529412 0.9468667647058824 0.6778927450980392 1.0
0.9746249411764706 0.9453288823529412 0.673586705882353 1.0
0.973856 0.943791 0.6692806666666666 1.0
0.9730870588235294 0.9422531176470589 0.6649746274509803 1.0
0.9723181176470589 0.9407152352941176 0.6606685882352942 1.0
0.9715491764705882 0.9391773529411764 0.6563625490196079 1.0
0.9707802352941176 0.9376394705882353 0.6520565098039216 1.0
0.9700112941176471 0.9361015882352941 0.6477504705882353 1.0
0.9692423529411764 0.9345637058823529 0.643444431372549 1.0
0.9684734117647059 0.9330258235294118 0.6391383921568627 1.0
0.9677044705882353 0.9314879411764706 0.6348323529411765 1.0
0.9669355294117647 0.9299500588235294 0.6305263137254902 1.0
0.9661665882352941 0.9284121764705883 0.6262202745098039 1.0
0.9653976470588235 0.9268742941176471 0.6219142352941177 1.0
0.9646287058823529 0.9253364117647058 0.6176081960784314 1.0
0.9638597647058823 0.9237985294117647 0.6133021568627451 1.0
0.9630908235294118 0.9222606470588235 0.6089961176470589 1.0
0.9623218823529411 0.9207227647058823 0.6046900784313726 1.0
0.9615529411764706 0.9191848823529412 0.6003840392156863 1.0
0.960784 0.917647 0.596078 1.0
0.9603226666666667 0.9162629215686274 0.5920795686274509 1.0
0.9598613333333333 0.9148788431372549 0.588081137254902 1.0
0.9593999999999999 0.9134947647058823 0.5840827058823529 1.0
0.9589386666666666 0.9121106862745098 0.5800842745098039 1.0
0.9584773333333333 0.9107266078431373 0.5760858431372549 1.0
0.958016 0.9093425294117647 0.5720874117647059 1.0
0.9575546666666667 0.9079584509803922 0.5680889803921568 1.0
0.9570933333333334 0.9065743725490196 0.5640905490196079 1.0
0.9566319999999999 0.9051902941176471 0.5600921176470588 1.0
0.9561706666666666 0.9038062156862745 0.5560936862745098 1.0
0.9557093333333333 0.902422137254902 0.5520952549019608 1.0
0.955248 0.9010380588235294 0.5480968235294118 1.0
0.9547866666666667 0.8996539803921569 0.5440983921568627 1.0
0.9543253333333334 0.8982699019607844 0.5400999607843138 1.0
0.9538639999999999 0.8968858235294118 0.5361015294117648 1.0
0.9534026666666666 0.8955017450980393 0.5321030980392156 1.0
0.9529413333333333 0.8941176666666667 0.5281046666666667 1.0
0.95248 0.8927335882352941 0.5241062352941176 1.0
0.9520186666666667 0.8913495098039216 0.5201078039215686 1.0
0.9515573333333333 0.889965431372549 0.5161093725490196 1.0
0.9510959999999999 0.8885813529411765 0.5121109411764706 1.0
0.9506346666666666 0.887197274509804 0.5081125098039215 1.0
0.9501733333333333 0.8858131960784315 0.5041140784313726 1.0
0.949712 0.8844291176470589 0.5001156470588235 1.0
0.9492506666666667 0.8830450392156863 0.49611721568627454 1.0
0.9486355294117647 0.8814302745098039 0.49242633333333335 1.0
0.9478665882352941 0.8795848235294118 0.489043 1.0
0.9470976470588235 0.8777393725490197 0.48565966666666666 1.0
0.946328705882353 0.8758939215686274 0.4822763333333333 1.0
0.9455597647058823 0.8740484705882353 0.478893 1.0
0.9447908235294118 0.8722030196078432 0.4755096666666667 1.0
0.9440218823529412 0.8703575686274511 0.4721263333333333 1.0
0.9432529411764706 0.8685121176470588 0.468743 1.0
0.942484 0.8666666666666667 0.46535966666666667 1.0
0.9417150588235293 0.8648212156862746 0.4619763333333333 1.0
0.9409461176470588 0.8629757647058823 0.45859300000000003 1.0
0.9401771764705882 0.8611303137254902 0.4552096666666667 1.0
0.9394082352941177 0.8592848627450981 0.45182633333333333 1.0
0.938639294117647 0.857439411764706 0.44844300000000004 1.0
0.9378703529411765 0.8555939607843137 0.4450596666666667 1.0
0.9371014117647058 0.8537485098039216 0.44167633333333334 1.0
0.9363324705882353 0.8519030588235295 0.438293 1.0
0.9355635294117647 0.8500576078431372 0.4349096666666667 1.0
0.9347945882352942 0.8482121568627451 0.43152633333333335 1.0
0.9340256470588235 0.846366705882353 0.428143 1.0
0.933256705882353 0.8445212549019607 0.42475966666666665 1.0
0.9324877647058823 0.8426758039215686 0.4213763333333334 1.0
0.9317188235294118 0.8408303529411765 0.417993 1.0
0.9309498823529412 0.8389849019607843 0.41460966666666665 1.0
0.9301809411764707 0.8371394509803921 0.41122633333333336 1.0
0.929412 0.835294 0.407843 1.0
0.9286430588235294 0.8339099215686274 0.4061513529411765 1.0
0.9278741176470588 0.8325258431372549 0.40445970588235297 1.0
0.9271051764705882 0.8311417647058823 0.4027680588235294 1.0
0.9263362352941177 0.8297576862745099 0.40107641176470593 1.0
0.925567294117647 0.8283736078431373 0.39938476470588236 1.0
0.9247983529411765 0.8269895294117647 0.39769311764705884 1.0
0.9240294117647059 0.8256054509803922 0.3960014705882353 1.0
0.9232604705882352 0.8242213725490196 0.39430982352941174 1.0
0.9224915294117647 0.8228372941176471 0.3926181764705882 1.0
0.9217225882352941 0.8214532156862745 0.3909265294117647 1.0
0.9209536470588235 0.8200691372549019 0.3892348823529412 1.0
0.9201847058823529 0.8186850588235295 0.38754323529411766 1.0
0.9194157647058824 0.8173009803921569 0.3858515882352941 1.0
0.9186468235294117 0.8159169019607844 0.38415994117647057 1.0
0.9178778823529411 0.8145328235294118 0.38246829411764705 1.0
0.9171089411764706 0.8131487450980392 0.3807766470588235 1.0
0.9163399999999999 0.8117646666666667 0.379085 1.0
0.9155710588235294 0.8103805882352941 0.37739335294117643 1.0
0.9148021176470588 0.8089965098039216 0.3757017058823529 1.0
0.9140331764705882 0.8076124313725491 0.37401005882352945 1.0
0.9132642352941176 0.8062283529411765 0.37231841176470587 1.0
0.912495294117647 0.804844274509804 0.37062676470588235 1.0
0.9117263529411764 0.8034601960784314 0.3689351176470588 1.0
0.9109574117647058 0.8020761176470589 0.36724347058823525 1.0
0.9101884705882353 0.8006920392156863 0.36555182352941173 1.0
0.9094195294117646 0.7992310588235294 0.3640139607843137 1.0
0.9086505882352941 0.7976931764705882 0.36262988235294114 1.0
0.9078816470588235 0.7961552941176471 0.3612458039215686 1.0
0.9071127058823529 0.7946174117647059 0.35986172549019607 1.0
0.9063437647058823 0.7930795294117647 0.35847764705882357 1.0
0.9055748235294118 0.7915416470588236 0.35709356862745095 1.0
0.9048058823529411 0.7900037647058824 0.3557094901960784 1.0
0.9040369411764706 0.7884658823529412 0.35432541176470583 1.0
0.903268 0.7869280000000001 0.35294133333333333 1.0
0.9024990588235293 0.7853901176470589 0.35155725490196077 1.0
0.9017301176470588 0.7838522352941176 0.3501731764705882 1.0
0.9009611764705882 0.7823143529411765 0.34878909803921565 1.0
0.9001922352941176 0.7807764705882353 0.3474050196078431 1.0
0.899423294117647 0.7792385882352941 0.3460209411764706 1.0
0.8986543529411765 0.777700705882353 0.344636862745098 1.0
0.8978854117647058 0.7761628235294118 0.34325278431372547 1.0
0.8971164705882353 0.7746249411764706 0.3418687058823529 1.0
0.8963475294117647 0.7730870588235295 0.34048462745098035 1.0
0.8955785882352941 0.7715491764705883 0.33910054901960784 1.0
0.8948096470588235 0.7700112941176471 0.3377164705882353 1.0
0.894040705882353 0.768473411764706 0.3363323921568628 1.0
0.8932717647058823 0.7669355294117647 0.33494831372549017 1.0
0.8925028235294118 0.7653976470588235 0.3335642352941176 1.0
0.8917338823529412 0.7638597647058823 0.3321801568627451 1.0
0.8909649411764706 0.7623218823529412 0.33079607843137254 1.0
0.890196 0.760784 0.329412 1.0
0.8894270588235293 0.7590923529411765 0.3280279215686274 1.0
0.8886581176470588 0.757400705882353 0.32664384313725486 1.0
0.8878891764705882 0.7557090588235295 0.32525976470588236 1.0
0.8871202352941177 0.7540174117647059 0.3238756862745098 1.0
0.886351294117647 0.7523257647058824 0.32249160784313724 1.0
0.8855823529411765 0.7506341176470589 0.3211075294117647 1.0
0.8848134117647058 0.7489424705882353 0.3197234509803921 1.0
0.8840444705882353 0.7472508235294117 0.3183393725490196 1.0
0.8832755294117647 0.7455591764705882 0.31695529411764706 1.0
0.8825065882352942 0.7438675294117647 0.3155712156862745 1.0
0.8817376470588235 0.7421758823529413 0.314187137254902 1.0
0.880968705882353 0.7404842352941177 0.3128030588235294 1.0
0.8801997647058823 0.7387925882352941 0.3114189803921569 1.0
0.8794308235294118 0.7371009411764706 0.3100349019607843 1.0
0.8786618823529412 0.7354092941176471 0.30865082352941176 1.0
0.8778929411764707 0.7337176470588236 0.3072667450980392 1.0
0.877124 0.7320260000000001 0.30588266666666664 1.0
0.8763550588235294 0.7303343529411765 0.3044985882352941 1.0
0.8755861176470588 0.728642705882353 0.3031145098039216 1.0
0.8748171764705882 0.7269510588235294 0.301730431372549 1.0
0.8740482352941177 0.7252594117647059 0.30034635294117645 1.0
0.873279294117647 0.7235677647058824 0.2989622745098039 1.0
0.8725103529411765 0.7218761176470588 0.2975781960784314 1.0
0.8717414117647059 0.7201844705882353 0.29619411764705883 1.0
0.8709724705882353 0.7184928235294118 0.29481003921568627 1.0
0.8703573333333333 0.7170318627450981 0.29373352941176467 1.0
0.869896 0.7158015882352942 0.29296458823529414 1.0
0.8694346666666667 0.7145713137254902 0.2921956470588235 1.0
0.8689733333333334 0.7133410392156863 0.2914267058823529 1.0
0.8685120000000001 0.7121107647058824 0.29065776470588234 1.0
0.8680506666666667 0.7108804901960785 0.28988882352941175 1.0
0.8675893333333333 0.7096502156862745 0.28911988235294117 1.0
0.867128 0.7084199411764706 0.2883509411764706 1.0
0.8666666666666667 0.7071896666666667 0.287582 1.0
0.8662053333333334 0.7059593921568628 0.2868130588235294 1.0
0.8657440000000001 0.7047291176470588 0.2860441176470588 1.0
0.8652826666666666 0.7034988431372549 0.2852751764705882 1.0
0.8648213333333333 0.702268568627451 0.2845062352941176 1.0
0.86436 0.7010382941176471 0.28373729411764703 1.0
0.8638986666666667 0.6998080196078431 0.28296835294117645 1.0
0.8634373333333334 0.6985777450980392 0.28219941176470587 1.0
0.8629760000000001 0.6973474705882353 0.2814304705882353 1.0
0.8625146666666668 0.6961171960784314 0.2806615294117647 1.0
0.8620533333333333 0.6948869215686274 0.2798925882352941 1.0
0.861592 0.6936566470588235 0.27912364705882353 1.0
0.8611306666666667 0.6924263725490196 0.2783547058823529 1.0
0.8606693333333334 0.6911960980392157 0.2775857647058823 1.0
0.8602080000000001 0.6899658235294117 0.2768168235294117 1.0
0.8597466666666667 0.6887355490196079 0.27604788235294114 1.0
0.8592853333333333 0.6875052745098039 0.27527894117647056 1.0
0.858824 0.686275 0.27451 1.0
0.8585163921568628 0.6848908823529412 0.2737410588235294 1.0
0.8582087843137255 0.6835067647058823 0.2729721176470588 1.0
0.8579011764705883 0.6821226470588235 0.2722031764705882 1.0
0.857593568627451 0.6807385294117647 0.27143423529411764 1.0
0.8572859607843137 0.6793544117647059 0.27066529411764706 1.0
0.8569783529411765 0.6779702941176471 0.2698963529411765 1.0
0.8566707450980392 0.6765861764705882 0.2691274117647059 1.0
0.856363137254902 0.6752020588235295 0.2683584705882353 1.0
0.8560555294117647 0.6738179411764705 0.26758952941176467 1.0
0.8557479215686274 0.6724338235294117 0.2668205882352941 1.0
0.8554403137254902 0.6710497058823529 0.2660516470588235 1.0
0.8551327058823529 0.6696655882352941 0.2652827058823529 1.0
0.8548250980392157 0.6682814705882353 0.26451376470588234 1.0
0.8545174901960785 0.6668973529411765 0.26374482352941175 1.0
0.8542098823529412 0.6655132352941177 0.26297588235294117 1.0
0.8539022745098039 0.6641291176470588 0.2622069411764706 1.0
0.8535946666666666 0.662745 0.261438 1.0
0.8532870588235294 0.6613608823529412 0.2606690588235294 1.0
0.8529794509803922 0.6599767647058823 0.25990011764705884 1.0
0.8526718431372549 0.6585926470588235 0.25913117647058825 1.0
0.8523642352941176 0.6572085294117647 0.25836223529411767 1.0
0.8520566274509803 0.6558244117647059 0.2575932941176471 1.0
0.8517490196078431 0.654440294117647 0.2568243529411765 1.0
0.8514414117647059 0.6530561764705882 0.2560554117647059 1.0
0.8511338039215686 0.6516720588235294 0.25528647058823534 1.0
0.8505955555555555 0.6499547712418301 0.2542612156862745 1.0
0.8498266666666666 0.6479043137254902 0.25297964705882353 1.0
0.8490577777777777 0.6458538562091504 0.25169807843137254 1.0
0.8482888888888889 0.6438033986928104 0.2504165098039216 1.0
0.8475199999999999 0.6417529411764706 0.2491349411764706 1.0
0.8467511111111111 0.6397024836601307 0.24785337254901962 1.0
0.8459822222222222 0.6376520261437909 0.24657180392156863 1.0
0.8452133333333333 0.635601568627451 0.24529023529411764 1.0
0.8444444444444444 0.6335511111111112 0.24400866666666665 1.0
0.8436755555555555 0.6315006535947713 0.2427270980392157 1.0
0.8429066666666666 0.6294501960784313 0.2414455294117647 1.0
0.8421377777777778 0.6273997385620915 0.2401639607843137 1.0
0.8413688888888888 0.6253492810457516 0.23888239215686274 1.0
0.8405999999999999 0.6232988235294118 0.23760082352941175 1.0
0.8398311111111111 0.621248366013072 0.23631925490196082 1.0
0.8390622156862745 0.6189928431372549 0.2350633137254902 1.0
0.838293294117647 0.6159170588235294 0.23390988235294116 1.0
0.8375243725490196 0.6128412745098039 0.23275645098039213 1.0
0.8367554509803922 0.6097654901960784 0.23160301960784313 1.0
0.8359865294117647 0.6066897058823529 0.2304495882352941 1.0
0.8352176078431373 0.6036139215686275 0.2292961568627451 1.0
0.8344486862745099 0.6005381372549019 0.22814272549019607 1.0
0.8336797647058823 0.5974623529411764 0.22698929411764707 1.0
0.8329108431372549 0.594386568627451 0.22583586274509804 1.0
0.8321419215686274 0.5913107843137254 0.22468243137254904 1.0
0.831373 0.588235 0.223529 1.0
