0.988235 0.988235 0.870588 1.0
0.9866971176470588 0.9863895882352941 0.8616683921568628 1.0
0.9851592352941176 0.9845441764705882 0.8527487843137255 1.0
0.9836213529411765 0.9826987647058824 0.8438291764705882 1.0
0.9820834705882353 0.9808533529411765 0.834909568627451 1.0
0.9805455882352941 0.9790079411764706 0.8259899607843137 1.0
0.979007705882353 0.9771625294117646 0.8170703529411765 1.0
0.9774698235294118 0.9753171176470588 0.8081507450980392 1.0
0.9759319411764706 0.9734717058823529 0.7992311372549019 1.0
0.9743940588235294 0.971626294117647 0.7903115294117646 1.0
0.9728561764705882 0.9697808823529411 0.7813919215686275 1.0
0.971318294117647 0.9679354705882353 0.7724723137254902 1.0
0.9697804117647059 0.9660900588235294 0.7635527058823529 1.0
0.9682425490196078 0.9640139607843137 0.7550944509803921 1.0
0.9667047450980393 0.9612458039215686 0.7480202549019608 1.0
0.9651669411764706 0.9584776470588235 0.7409460588235294 1.0
0.963629137254902 0.9557094901960784 0.733871862745098 1.0
0.9620913333333333 0.9529413333333333 0.7267976666666667 1.0
0.9605535294117648 0.9501731764705882 0.7197234705882353 1.0
0.9590157254901961 0.9474050196078431 0.7126492745098039 1.0
0.9574779215686274 0.9446368627450981 0.7055750784313726 1.0
0.9559401176470588 0.9418687058823529 0.6985008823529412 1.0
0.9544023137254902 0.9391005490196078 0.6914266862745098 1.0
0.9528645098039216 0.9363323921568627 0.6843524901960785 1.0
0.9513267058823529 0.9335642352941177 0.6772782941176471 1.0
0.9497889019607842 0.9307960784313726 0.6702040980392157 1.0
0.9486355294117647 0.9287199607843137 0.6645139803921569 1.0
0.9478665882352941 0.9273358823529412 0.6602079411764706 1.0
0.9470976470588235 0.9259518039215686 0.6559019019607844 1.0
0.946328705882353 0.9245677254901961 0.6515958627450981 1.0
0.9455597647058823 0.9231836470588235 0.6472898235294118 1.0
0.9447908235294118 0.9217995686274509 0.6429837843137255 1.0
0.9440218823529412 0.9204154901960785 0.6386777450980392 1.0
0.9432529411764706 0.9190314117647059 0.634371705882353 1.0
0.942484 0.9176473333333334 0.6300656666666666 1.0
0.9417150588235293 0.9162632549019608 0.6257596274509803 1.0
0.9409461176470588 0.9148791764705883 0.6214535882352942 1.0
0.9401771764705882 0.9134950980392157 0.6171475490196079 1.0
0.9394082352941177 0.9121110196078431 0.6128415098039216 1.0
0.938639294117647 0.9107269411764706 0.6085354705882353 1.0
0.9378703529411765 0.909342862745098 0.604229431372549 1.0
0.9371014117647058 0.9079587843137255 0.5999233921568627 1.0
0.9363324705882353 0.9065747058823529 0.5956173529411765 1.0
0.9355635294117647 0.9051906274509803 0.5913113137254902 1.0
0.9347945882352942 0.9038065490196078 0.5870052745098039 1.0
0.9340256470588235 0.9024224705882353 0.5826992352941177 1.0
0.933256705882353 0.9010383921568628 0.5783931960784314 1.0
0.9324877647058823 0.8996543137254902 0.5740871568627451 1.0
0.9317188235294118 0.8982702352941176 0.5697811176470589 1.0
0.9309498823529412 0.8968861568627451 0.5654750784313726 1.0
0.9301809411764707 0.8955020784313725 0.5611690392156863 1.0
0.929412 0.894118 0.556863 1.0
0.9263362352941177 0.8904270980392156 0.5533259019607843 1.0
0.9232604705882353 0.8867361960784313 0.5497888039215687 1.0
0.9201847058823529 0.883045294117647 0.546251705882353 1.0
0.9171089411764706 0.8793543921568627 0.5427146078431373 1.0
0.9140331764705882 0.8756634901960784 0.5391775098039215 1.0
0.9109574117647059 0.8719725882352941 0.5356404117647059 1.0
0.9078816470588236 0.8682816862745097 0.5321033137254902 1.0
0.9048058823529411 0.8645907843137255 0.5285662156862745 1.0
0.9017301176470588 0.8608998823529411 0.5250291176470588 1.0
0.8986543529411765 0.8572089803921569 0.5214920196078432 1.0
0.8955785882352941 0.8535180784313725 0.5179549215686274 1.0
0.8925028235294118 0.8498271764705883 0.5144178235294118 1.0
0.8894270588235293 0.8461362745098039 0.510880725490196 1.0
0.886351294117647 0.8424453725490196 0.5073436274509804 1.0
0.8832755294117647 0.8387544705882354 0.5038065294117647 1.0
0.8801997647058823 0.835063568627451 0.500269431372549 1.0
0.877124 0.8313726666666666 0.49673233333333333 1.0
0.8740482352941176 0.8276817647058824 0.49319523529411763 1.0
0.8709724705882352 0.823990862745098 0.4896581372549019 1.0
0.8678967058823529 0.8202999607843138 0.4861210392156863 1.0
0.8648209411764706 0.8166090588235294 0.4825839411764706 1.0
0.8617451764705882 0.8129181568627452 0.4790468431372549 1.0
0.8586694117647059 0.8092272549019609 0.4755097450980393 1.0
0.8555936470588235 0.8055363529411765 0.4719726470588235 1.0
0.8525178823529411 0.8018454509803922 0.4684355490196078 1.0
0.8495959215686274 0.7983083333333334 0.46512911764705883 1.0
0.8468277647058823 0.794925 0.46205335294117644 1.0
0.8440596078431372 0.7915416666666667 0.4589775882352941 1.0
0.8412914509803922 0.7881583333333334 0.4559018235294118 1.0
0.838523294117647 0.784775 0.4528260588235294 1.0
0.8357551372549019 0.7813916666666667 0.4497502941176471 1.0
0.8329869803921568 0.7780083333333334 0.4466745294117647 1.0
0.8302188235294117 0.774625 0.44359876470588233 1.0
0.8274506666666667 0.7712416666666667 0.440523 1.0
0.8246825098039215 0.7678583333333334 0.43744723529411766 1.0
0.8219143529411764 0.764475 0.4343714705882353 1.0
0.8191461960784313 0.7610916666666667 0.43129570588235294 1.0
0.8163780392156862 0.7577083333333334 0.4282199411764706 1.0
0.8136098823529412 0.7543250000000001 0.4251441764705883 1.0
0.8108417254901961 0.7509416666666667 0.4220684117647059 1.0
0.8080735686274509 0.7475583333333334 0.41899264705882355 1.0
0.8053054117647058 0.744175 0.41591688235294116 1.0
0.8025372549019607 0.7407916666666667 0.41284111764705883 1.0
0.7997690980392157 0.7374083333333334 0.40976535294117644 1.0
0.7970009411764706 0.734025 0.4066895882352941 1.0
0.7942327843137255 0.7306416666666667 0.4036138235294118 1.0
0.7914646274509805 0.7272583333333335 0.40053805882352944 1.0
0.7886964705882352 0.723875 0.39746229411764705 1.0
0.7859283137254902 0.7204916666666668 0.3943865294117647 1.0
0.7831601568627451 0.7171083333333333 0.39131076470588233 1.0
0.780392 0.713725 0.388235 1.0
0.7773162745098039 0.710649274509804 0.3877736666666667 1.0
0.7742405490196078 0.7075735490196079 0.3873123333333333 1.0
0.7711648235294117 0.7044978235294118 0.386851 1.0
0.7680890980392157 0.7014220980392157 0.3863896666666667 1.0
0.7650133725490196 0.6983463725490197 0.3859283333333333 1.0
0.7619376470588235 0.6952706470588236 0.385467 1.0
0.7588619215686274 0.6921949215686275 0.3850056666666667 1.0
0.7557861960784313 0.6891191960784314 0.3845443333333333 1.0
0.7527104705882353 0.6860434705882353 0.384083 1.0
0.7496347450980392 0.6829677450980393 0.38362166666666664 1.0
0.7465590196078431 0.6798920196078432 0.3831603333333333 1.0
0.743483294117647 0.6768162941176471 0.382699 1.0
0.7404075686274509 0.673740568627451 0.38223766666666664 1.0
0.7373318431372549 0.6706648431372549 0.38177633333333333 1.0
0.7342561176470588 0.6675891176470589 0.381315 1.0
0.7311803921568627 0.6645133921568628 0.38085366666666665 1.0
0.7281046666666666 0.6614376666666667 0.38039233333333333 1.0
0.7250289411764705 0.6583619411764706 0.379931 1.0
0.7219532156862745 0.6552862156862745 0.37946966666666665 1.0
0.7188774901960784 0.6522104901960785 0.37900833333333334 1.0
0.7158017647058823 0.6491347647058824 0.378547 1.0
0.7127260392156862 0.6460590392156863 0.37808566666666665 1.0
0.7096503137254901 0.6429833137254902 0.37762433333333334 1.0
0.7065745882352941 0.6399075882352941 0.377163 1.0
0.703498862745098 0.6368318627450981 0.37670166666666666 1.0
0.7009613725490196 0.6342943921568628 0.37670166666666666 1.0
0.6989621176470587 0.6322951764705883 0.377163 1.0
0.696962862745098 0.6302959607843137 0.37762433333333334 1.0
0.6949636078431372 0.6282967450980392 0.37808566666666665 1.0
0.6929643529411765 0.6262975294117648 0.37854699999999997 1.0
0.6909650980392157 0.6242983137254902 0.37900833333333334 1.0
0.6889658431372548 0.6222990980392157 0.37946966666666665 1.0
0.6869665882352941 0.6202998823529412 0.379931 1.0
0.6849673333333333 0.6183006666666667 0.38039233333333333 1.0
0.6829680784313725 0.6163014509803921 0.38085366666666665 1.0
0.6809688235294117 0.6143022352941176 0.381315 1.0
0.678969568627451 0.6123030196078432 0.38177633333333333 1.0
0.6769703137254902 0.6103038039215687 0.38223766666666664 1.0
0.6749710588235294 0.6083045882352941 0.382699 1.0
0.6729718039215686 0.6063053725490196 0.3831603333333333 1.0
0.6709725490196078 0.6043061568627451 0.38362166666666664 1.0
0.668973294117647 0.6023069411764705 0.384083 1.0
0.6669740392156862 0.6003077254901961 0.3845443333333333 1.0
0.6649747843137255 0.5983085098039216 0.3850056666666667 1.0
0.6629755294117647 0.5963092941176471 0.385467 1.0
0.660976274509804 0.5943100784313726 0.3859283333333333 1.0
0.6589770196078432 0.592310862745098 0.3863896666666667 1.0
0.6569777647058823 0.5903116470588236 0.386851 1.0
0.6549785098039216 0.5883124313725491 0.3873123333333333 1.0
0.6529792549019607 0.5863132156862745 0.3877736666666667 1.0
0.65098 0.584314 0.388235 1.0
0.6485194117647058 0.5821609803921569 0.38808123529411764 1.0
0.6460588235294118 0.5800079607843137 0.3879274705882353 1.0
0.6435982352941176 0.5778549411764706 0.38777370588235294 1.0
0.6411376470588235 0.5757019215686274 0.3876199411764706 1.0
0.6386770588235294 0.5735489019607843 0.38746617647058823 1.0
0.6362164705882353 0.5713958823529411 0.3873124117647059 1.0
0.6337558823529411 0.569242862745098 0.3871586470588235 1.0
0.6312952941176471 0.5670898431372549 0.38700488235294117 1.0
0.6288347058823529 0.5649368235294118 0.3868511176470588 1.0
0.6263741176470589 0.5627838039215687 0.38669735294117646 1.0
0.6239135294117648 0.5606307843137256 0.3865435882352941 1.0
0.6214529411764705 0.5584777647058824 0.38638982352941176 1.0
0.6189923529411765 0.5563247450980392 0.3862360588235294 1.0
0.6165317647058823 0.5541717254901961 0.38608229411764705 1.0
0.6140711764705882 0.5520187058823529 0.3859285294117647 1.0
0.6116105882352941 0.5498656862745098 0.38577476470588234 1.0
0.60915 0.5477126666666666 0.385621 1.0
0.6066894117647058 0.5455596470588235 0.38546723529411764 1.0
0.6042288235294118 0.5434066274509803 0.3853134705882353 1.0
0.6017682352941176 0.5412536078431373 0.38515970588235293 1.0
0.5993076470588234 0.5391005882352942 0.3850059411764706 1.0
0.5968470588235294 0.536947568627451 0.3848521764705882 1.0
0.5943864705882352 0.5347945490196079 0.38469841176470587 1.0
0.5919258823529412 0.5326415294117647 0.3845446470588235 1.0
0.589465294117647 0.5304885098039216 0.38439088235294117 1.0
0.5865433529411764 0.5277203333333333 0.3836219607843137 1.0
0.5831600588235295 0.524337 0.3822378823529412 1.0
0.5797767647058824 0.5209536666666666 0.3808538039215686 1.0
0.5763934705882352 0.5175703333333334 0.3794697254901961 1.0
0.5730101764705882 0.514187 0.3780856470588235 1.0
0.5696268823529411 0.5108036666666667 0.37670156862745097 1.0
0.5662435882352941 0.5074203333333334 0.3753174901960784 1.0
0.562860294117647 0.504037 0.37393341176470585 1.0
0.559477 0.5006536666666667 0.37254933333333334 1.0
0.556093705882353 0.4972703333333333 0.3711652549019608 1.0
0.5527104117647058 0.493887 0.3697811764705882 1.0
0.5493271176470588 0.49050366666666667 0.36839709803921566 1.0
0.5459438235294117 0.4871203333333333 0.3670130196078431 1.0
0.5425605294117647 0.483737 0.3656289411764706 1.0
0.5391772352941177 0.4803536666666667 0.36424486274509804 1.0
0.5357939411764706 0.47697033333333333 0.3628607843137255 1.0
0.5324106470588235 0.473587 0.3614767058823529 1.0
0.5290273529411765 0.47020366666666674 0.3600926274509804 1.0
0.5256440588235294 0.46682033333333334 0.35870854901960786 1.0
0.5222607647058823 0.463437 0.3573244705882353 1.0
0.5188774705882353 0.4600536666666667 0.35594039215686274 1.0
0.5154941764705883 0.45667033333333334 0.3545563137254902 1.0
0.5121108823529412 0.453287 0.3531722352941176 1.0
0.5087275882352941 0.4499036666666667 0.3517881568627451 1.0
0.505344294117647 0.44652033333333335 0.35040407843137256 1.0
0.501961 0.443137 0.34902 1.0
0.4979625294117647 0.4395999019607843 0.3471745490196078 1.0
0.4939640588235294 0.43606280392156865 0.3453290980392157 1.0
0.4899655882352941 0.43252570588235295 0.3434836470588235 1.0
0.4859671176470588 0.42898860784313725 0.3416381960784314 1.0
0.48196864705882353 0.42545150980392155 0.3397927450980392 1.0
0.47797017647058826 0.4219144117647059 0.33794729411764707 1.0
0.47397170588235293 0.4183773137254902 0.3361018431372549 1.0
0.4699732352941178 0.4148402156862746 0.3342563921568628 1.0
0.46597476470588234 0.41130311764705885 0.3324109411764706 1.0
0.46197629411764707 0.40776601960784314 0.3305654901960784 1.0
0.45797782352941174 0.40422892156862744 0.32872003921568627 1.0
0.4539793529411765 0.4006918235294118 0.3268745882352941 1.0
0.4499808823529412 0.3971547254901961 0.32502913725490196 1.0
0.4459824117647059 0.3936176274509804 0.3231836862745098 1.0
0.4419839411764706 0.3900805294117647 0.32133823529411765 1.0
0.43798547058823534 0.38654343137254904 0.31949278431372546 1.0
0.433987 0.38300633333333334 0.31764733333333334 1.0
0.4299885294117647 0.37946923529411763 0.31580188235294115 1.0
0.4259900588235294 0.37593213725490193 0.313956431372549 1.0
0.42199158823529415 0.3723950392156863 0.31211098039215684 1.0
0.4179931176470588 0.3688579411764706 0.31026552941176466 1.0
0.41399464705882355 0.3653208431372549 0.30842007843137254 1.0
0.4099961764705883 0.36178374509803923 0.30657462745098035 1.0
0.40599770588235307 0.35824664705882364 0.3047291764705883 1.0
0.4019992352941177 0.35470954901960783 0.30288372549019604 1.0
0.39807766666666666 0.3512493529411765 0.3007307058823529 1.0
0.394233 0.3478660588235294 0.2982701176470588 1.0
0.39038833333333334 0.34448276470588235 0.2958095294117647 1.0
0.3865436666666667 0.3410994705882353 0.2933489411764706 1.0
0.382699 0.3377161764705882 0.29088835294117643 1.0
0.37885433333333335 0.3343328823529412 0.28842776470588233 1.0
0.3750096666666667 0.33094958823529413 0.2859671764705882 1.0
0.371165 0.32756629411764704 0.2835065882352941 1.0
0.36732033333333336 0.324183 0.281046 1.0
0.36347566666666664 0.32079970588235296 0.27858541176470586 1.0
0.35963100000000003 0.31741641176470586 0.27612482352941176 1.0
0.3557863333333333 0.3140331176470588 0.27366423529411765 1.0
0.35194166666666665 0.3106498235294118 0.27120364705882355 1.0
0.348097 0.3072665294117647 0.2687430588235294 1.0
0.34425233333333344 0.30388323529411776 0.26628247058823534 1.0
0.34040766666666666 0.3004999411764706 0.2638218823529412 1.0
0.336563 0.2971166470588235 0.2613612941176471 1.0
0.33271833333333334 0.2937333529411765 0.2589007058823529 1.0
0.3288736666666667 0.2903500588235294 0.2564401176470588 1.0
0.325029 0.28696676470588234 0.2539795294117647 1.0
0.3211843333333333 0.2835834705882353 0.2515189411764706 1.0
0.3173396666666667 0.28020017647058826 0.24905835294117648 1.0
0.31349499999999997 0.27681688235294116 0.24659776470588235 1.0
0.3096503333333333 0.2734335882352941 0.24413717647058825 1.0
0.30580566666666664 0.270050294117647 0.24167658823529414 1.0
0.301961 0.266667 0.239216 1.0
