0.180627 0.129916 0.300244 1.0
0.18461 0.133361 0.303782 1.0
0.188588 0.136829 0.30733 1.0
0.192547 0.140323 0.3109 1.0
0.196548 0.143832 0.314443 1.0
0.200488 0.147341 0.318015 1.0
0.204515 0.150846 0.321581 1.0
0.208493 0.154369 0.325153 1.0
0.212499 0.157916 0.328752 1.0
0.216523 0.161488 0.332345 1.0
0.220543 0.164997 0.335928 1.0
0.224526 0.168579 0.33954 1.0
0.228599 0.172138 0.343143 1.0
0.232627 0.175706 0.346749 1.0
0.2367 0.179309 0.35037 1.0
0.240738 0.182887 0.353978 1.0
0.244814 0.186502 0.357622 1.0
0.24893 0.190104 0.361237 1.0
0.25303 0.193733 0.364873 1.0
0.257149 0.197344 0.368523 1.0
0.261278 0.200942 0.372155 1.0
0.265425 0.204605 0.37581 1.0
0.269603 0.208226 0.379461 1.0
0.273783 0.211881 0.383124 1.0
0.277979 0.215505 0.386769 1.0
0.282205 0.219155 0.390435 1.0
0.286418 0.222807 0.394097 1.0
0.290686 0.226458 0.397768 1.0
0.294964 0.230077 0.401431 1.0
0.299282 0.233732 0.405095 1.0
0.303592 0.237416 0.408762 1.0
0.307941 0.241039 0.412436 1.0
0.312311 0.244675 0.41609 1.0
0.316729 0.248352 0.419755 1.0
0.321155 0.251983 0.423403 1.0
0.325598 0.25561 0.427069 1.0
0.330097 0.259251 0.430713 1.0
0.334616 0.262862 0.434349 1.0
0.339156 0.266474 0.437993 1.0
0.343715 0.270084 0.441616 1.0
0.348325 0.273673 0.445226 1.0
0.352962 0.277246 0.448836 1.0
0.357638 0.280787 0.452429 1.0
0.362328 0.284342 0.455994 1.0
0.367058 0.287868 0.459557 1.0
0.371818 0.291393 0.463085 1.0
0.376633 0.294861 0.466617 1.0
0.381462 0.298321 0.470119 1.0
0.386314 0.301752 0.473581 1.0
0.391226 0.305175 0.477035 1.0
0.396151 0.308549 0.480453 1.0
0.401118 0.311869 0.483838 1.0
0.406106 0.315187 0.487202 1.0
0.411121 0.318455 0.490524 1.0
0.416168 0.321674 0.493799 1.0
0.421236 0.324852 0.497039 1.0
0.426337 0.327992 0.500233 1.0
0.431473 0.331069 0.503383 1.0
0.436612 0.334121 0.50649 1.0
0.441778 0.337097 0.509547 1.0
0.446951 0.340021 0.512544 1.0
0.452154 0.342888 0.515484 1.0
0.457349 0.345672 0.518381 1.0
0.462561 0.348416 0.5212 1.0
0.467788 0.351091 0.523965 1.0
0.473007 0.353679 0.526669 1.0
0.478238 0.356221 0.5293 1.0
0.483458 0.358663 0.531858 1.0
0.488682 0.361046 0.534347 1.0
0.493892 0.363356 0.536777 1.0
0.499089 0.365589 0.539117 1.0
0.504283 0.367733 0.541384 1.0
0.509444 0.369805 0.54359 1.0
0.514595 0.371793 0.545716 1.0
0.519714 0.373712 0.547758 1.0
0.524818 0.375534 0.549728 1.0
0.529895 0.377288 0.551623 1.0
0.534937 0.378952 0.553431 1.0
0.539948 0.380544 0.555173 1.0
0.544933 0.382041 0.556844 1.0
0.54988 0.38348 0.558423 1.0
0.55479 0.384818 0.559949 1.0
0.559666 0.38609 0.561388 1.0
0.5645 0.38729 0.562768 1.0
0.569294 0.388425 0.56407 1.0
0.574054 0.389478 0.565293 1.0
0.578778 0.390463 0.566473 1.0
0.583458 0.391391 0.567579 1.0
0.588099 0.39224 0.56862 1.0
0.592717 0.393035 0.569606 1.0
0.597284 0.393772 0.570538 1.0
0.601814 0.394456 0.571418 1.0
0.606313 0.395091 0.572252 1.0
0.610786 0.395679 0.573036 1.0
0.615216 0.396214 0.573769 1.0
0.619634 0.396704 0.574463 1.0
0.624015 0.397168 0.575129 1.0
0.628373 0.397605 0.575767 1.0
0.632707 0.398012 0.57637 1.0
0.637028 0.39839 0.576941 1.0
0.641325 0.398748 0.57749 1.0
0.645618 0.399094 0.578027 1.0
0.649908 0.399435 0.578559 1.0
0.654185 0.399779 0.579086 1.0
0.658464 0.400135 0.579609 1.0
0.662752 0.400504 0.580132 1.0
0.667036 0.400885 0.580663 1.0
0.671339 0.401281 0.58121 1.0
0.675658 0.401708 0.58178 1.0
0.679991 0.402185 0.582378 1.0
0.684352 0.40272 0.583011 1.0
0.688751 0.403316 0.583686 1.0
0.69317 0.40397 0.58441 1.0
0.697618 0.404697 0.585192 1.0
0.702109 0.40553 0.58603 1.0
0.706646 0.406448 0.586932 1.0
0.711216 0.40747 0.587915 1.0
0.715827 0.408615 0.588983 1.0
0.720469 0.409892 0.590145 1.0
0.72516 0.411292 0.591407 1.0
0.729876 0.412855 0.592772 1.0
0.734623 0.414551 0.594233 1.0
0.739395 0.416419 0.595813 1.0
0.744169 0.418444 0.597513 1.0
0.74895 0.420648 0.599331 1.0
0.753728 0.423021 0.601262 1.0
0.758484 0.425579 0.603322 1.0
0.763197 0.428302 0.605491 1.0
0.767861 0.431199 0.60779 1.0
0.77246 0.434246 0.610185 1.0
0.776977 0.437474 0.612689 1.0
0.781382 0.440823 0.615295 1.0
0.78567 0.444338 0.617993 1.0
0.789819 0.447951 0.620776 1.0
0.793821 0.451698 0.623624 1.0
0.797645 0.455528 0.626525 1.0
0.801296 0.459445 0.62948 1.0
0.804757 0.463415 0.632479 1.0
0.808016 0.467455 0.635498 1.0
0.811068 0.471522 0.638538 1.0
0.813906 0.475607 0.64158 1.0
0.816539 0.479697 0.644622 1.0
0.818947 0.483773 0.647656 1.0
0.821153 0.487856 0.650671 1.0
0.82315 0.491898 0.653657 1.0
0.824942 0.495898 0.656621 1.0
0.826547 0.499867 0.659541 1.0
0.827958 0.5038 0.662432 1.0
0.829202 0.507681 0.665273 1.0
0.830272 0.511501 0.668084 1.0
0.83119 0.515276 0.670847 1.0
0.831962 0.519007 0.673568 1.0
0.832595 0.522672 0.67625 1.0
0.833109 0.526298 0.67889 1.0
0.833513 0.529868 0.681492 1.0
0.833814 0.533389 0.684062 1.0
0.834021 0.536885 0.686602 1.0
0.834145 0.540322 0.689113 1.0
0.834196 0.543731 0.691583 1.0
0.834181 0.547106 0.694028 1.0
0.83411 0.550453 0.696461 1.0
0.833989 0.553769 0.69886 1.0
0.833825 0.557074 0.701248 1.0
0.833624 0.560346 0.703619 1.0
0.833394 0.563609 0.705976 1.0
0.833139 0.566852 0.708319 1.0
0.832866 0.570077 0.710651 1.0
0.832581 0.573311 0.712971 1.0
0.832288 0.576535 0.715295 1.0
0.831989 0.579748 0.717611 1.0
0.831689 0.582952 0.719918 1.0
0.831389 0.586173 0.722221 1.0
0.831094 0.58938 0.724534 1.0
0.830808 0.592613 0.726841 1.0
0.830534 0.595831 0.729152 1.0
0.830274 0.599067 0.731464 1.0
0.830031 0.602304 0.733784 1.0
0.829807 0.60555 0.736101 1.0
0.829605 0.608823 0.738432 1.0
0.829424 0.612085 0.740764 1.0
0.829268 0.615369 0.743111 1.0
0.829138 0.618676 0.745453 1.0
0.829036 0.621976 0.747814 1.0
0.828962 0.625307 0.750172 1.0
0.828918 0.628653 0.752543 1.0
0.828906 0.632008 0.754931 1.0
0.828926 0.635378 0.757317 1.0
0.82898 0.63877 0.759714 1.0
0.829067 0.642178 0.762124 1.0
0.829189 0.645596 0.764546 1.0
0.829346 0.649044 0.766973 1.0
0.829539 0.652496 0.769411 1.0
0.829768 0.655978 0.771864 1.0
0.830034 0.659466 0.774318 1.0
0.830337 0.662981 0.776794 1.0
0.830678 0.6665 0.779269 1.0
0.831057 0.670054 0.781761 1.0
0.831474 0.673612 0.784262 1.0
0.831926 0.677196 0.78677 1.0
0.832413 0.680782 0.789286 1.0
0.832939 0.684396 0.79181 1.0
0.833506 0.688032 0.79435 1.0
0.834109 0.691677 0.796891 1.0
0.834745 0.695339 0.799452 1.0
0.835417 0.699014 0.80201 1.0
0.836126 0.702712 0.804586 1.0
0.836872 0.706423 0.807167 1.0
0.837653 0.710145 0.809754 1.0
0.838462 0.713881 0.81235 1.0
0.839311 0.717639 0.814955 1.0
0.840192 0.721397 0.817566 1.0
0.841101 0.725185 0.820185 1.0
0.842045 0.728973 0.822816 1.0
0.843016 0.732783 0.825446 1.0
0.844017 0.736597 0.828087 1.0
0.845051 0.74043 0.830738 1.0
0.846109 0.744271 0.83339 1.0
0.847196 0.748128 0.836049 1.0
0.848312 0.751992 0.838712 1.0
0.849455 0.755867 0.841386 1.0
0.850615 0.759748 0.84406 1.0
0.851806 0.763646 0.84674 1.0
0.853017 0.76755 0.849432 1.0
0.854249 0.771471 0.852124 1.0
0.855508 0.77539 0.854819 1.0
0.856778 0.779324 0.857517 1.0
0.858072 0.783265 0.860226 1.0
0.859387 0.787218 0.862937 1.0
0.860717 0.791171 0.865647 1.0
0.862068 0.795136 0.86837 1.0
0.863431 0.799112 0.871086 1.0
0.864804 0.803086 0.873811 1.0
0.866199 0.807076 0.876538 1.0
0.867604 0.811065 0.879271 1.0
0.869025 0.815063 0.882009 1.0
0.870449 0.819064 0.884748 1.0
0.871896 0.823078 0.887487 1.0
0.873345 0.827095 0.890233 1.0
0.874806 0.831118 0.892981 1.0
0.876275 0.835142 0.895733 1.0
0.877755 0.839173 0.898483 1.0
0.879238 0.843207 0.90124 1.0
0.880732 0.847246 0.903997 1.0
0.88223 0.85129 0.90676 1.0
0.883737 0.855346 0.909522 1.0
0.885244 0.859397 0.912287 1.0
0.886759 0.863458 0.915053 1.0
0.888274 0.867515 0.917827 1.0
0.889793 0.871582 0.920592 1.0
0.891315 0.875649 0.923371 1.0
0.89284 0.879718 0.926144 1.0
0.894368 0.883797 0.928919 1.0
0.895893 0.88787 0.931699 1.0
0.897421 0.891954 0.934479 1.0
0.898946 0.896037 0.937266 1.0
0.900472 0.900123 0.940051 1.0
