0.001175 0.250044 0.3 1.0
0.0039 0.251568 0.298605 1.0
0.006602 0.253054 0.297219 1.0
0.009291 0.254561 0.295808 1.0
0.012175 0.256038 0.294402 1.0
0.014801 0.257549 0.292999 1.0
0.01745 0.259071 0.291607 1.0
0.020096 0.260569 0.290178 1.0
0.022743 0.262082 0.288777 1.0
0.025398 0.263613 0.287345 1.0
0.028064 0.265111 0.285921 1.0
0.030746 0.266642 0.284503 1.0
0.033437 0.268163 0.283091 1.0
0.036369 0.269714 0.281652 1.0
0.039136 0.271239 0.280209 1.0
0.041941 0.272776 0.278785 1.0
0.044597 0.274322 0.27734 1.0
0.047216 0.275891 0.275905 1.0
0.049816 0.277433 0.274432 1.0
0.052305 0.278996 0.272982 1.0
0.054846 0.280535 0.271512 1.0
0.057331 0.282129 0.270069 1.0
0.059903 0.28369 0.268596 1.0
0.062324 0.285258 0.267103 1.0
0.064737 0.286842 0.265642 1.0
0.067177 0.288441 0.264165 1.0
0.069647 0.29003 0.262671 1.0
0.072007 0.291645 0.261177 1.0
0.074435 0.293235 0.25969 1.0
0.076803 0.294845 0.258168 1.0
0.079232 0.296472 0.256672 1.0
0.081738 0.298081 0.255176 1.0
0.084163 0.299722 0.253651 1.0
0.086556 0.301341 0.252132 1.0
0.089008 0.302979 0.250592 1.0
0.091487 0.304633 0.249073 1.0
0.093906 0.306298 0.24754 1.0
0.096327 0.307931 0.245981 1.0
0.098845 0.309614 0.24443 1.0
0.10132 0.31127 0.242884 1.0
0.10384 0.31294 0.241344 1.0
0.106373 0.314614 0.239778 1.0
0.108845 0.316315 0.238209 1.0
0.1114 0.317998 0.236658 1.0
0.113913 0.319699 0.235086 1.0
0.116485 0.321393 0.233469 1.0
0.119038 0.323111 0.231914 1.0
0.121564 0.32481 0.230295 1.0
0.124158 0.326529 0.228728 1.0
0.126757 0.328264 0.227119 1.0
0.129375 0.330003 0.225511 1.0
0.132004 0.33173 0.223888 1.0
0.134649 0.333485 0.222278 1.0
0.137276 0.33524 0.220682 1.0
0.139884 0.336985 0.219039 1.0
0.142577 0.338745 0.217408 1.0
0.145276 0.340514 0.215777 1.0
0.147932 0.34229 0.214132 1.0
0.150622 0.344055 0.212483 1.0
0.153312 0.345842 0.210827 1.0
0.156069 0.34765 0.209167 1.0
0.158791 0.349444 0.207513 1.0
0.161545 0.35125 0.205851 1.0
0.164291 0.353061 0.204188 1.0
0.167053 0.354889 0.202479 1.0
0.169827 0.356708 0.200784 1.0
0.172592 0.358526 0.199098 1.0
0.175396 0.360362 0.197423 1.0
0.178238 0.362218 0.195717 1.0
0.181022 0.364063 0.194034 1.0
0.18387 0.36593 0.192298 1.0
0.186724 0.367787 0.190577 1.0
0.189589 0.369663 0.188866 1.0
0.192463 0.37154 0.187139 1.0
0.195352 0.373435 0.185419 1.0
0.198249 0.375327 0.183644 1.0
0.201156 0.37724 0.181885 1.0
0.204127 0.379148 0.180139 1.0
0.207065 0.381078 0.178409 1.0
0.210008 0.383003 0.176605 1.0
0.212971 0.38493 0.174859 1.0
0.215989 0.386875 0.173056 1.0
0.21898 0.388843 0.171271 1.0
0.221986 0.390806 0.169504 1.0
0.225012 0.392773 0.167676 1.0
0.228091 0.394757 0.165848 1.0
0.231153 0.396745 0.164075 1.0
0.234233 0.398752 0.162241 1.0
0.237349 0.400781 0.160365 1.0
0.240427 0.402789 0.158567 1.0
0.243566 0.40482 0.156711 1.0
0.246728 0.406871 0.154836 1.0
0.249887 0.408927 0.152959 1.0
0.253098 0.410998 0.151093 1.0
0.256293 0.413082 0.149225 1.0
0.259543 0.415165 0.147333 1.0
0.262784 0.417278 0.145458 1.0
0.266059 0.419392 0.14352 1.0
0.269354 0.42151 0.141607 1.0
0.272646 0.423655 0.13963 1.0
0.276003 0.425815 0.13775 1.0
0.279354 0.427992 0.135746 1.0
0.282735 0.430174 0.133822 1.0
0.286111 0.432382 0.13185 1.0
0.289556 0.434588 0.129889 1.0
0.292997 0.436821 0.127876 1.0
0.296483 0.439056 0.125885 1.0
0.299981 0.441323 0.123822 1.0
0.303503 0.443605 0.121787 1.0
0.307065 0.44589 0.11977 1.0
0.310662 0.448206 0.117731 1.0
0.314258 0.450539 0.115679 1.0
0.3179 0.452889 0.113616 1.0
0.321563 0.455253 0.111528 1.0
0.325257 0.45763 0.109445 1.0
0.329005 0.46003 0.107308 1.0
0.332768 0.462451 0.105131 1.0
0.336543 0.464897 0.103037 1.0
0.340375 0.467359 0.100847 1.0
0.344219 0.469841 0.098693 1.0
0.348122 0.472335 0.096453 1.0
0.352037 0.474856 0.094325 1.0
0.356012 0.477383 0.092102 1.0
0.360001 0.479944 0.089849 1.0
0.364033 0.482513 0.087617 1.0
0.368109 0.485098 0.085276 1.0
0.372215 0.487718 0.082993 1.0
0.376382 0.490337 0.080686 1.0
0.380573 0.492964 0.078304 1.0
0.384799 0.495619 0.075955 1.0
0.38909 0.498292 0.073656 1.0
0.39341 0.500954 0.071224 1.0
0.39779 0.503623 0.068802 1.0
0.4022 0.506297 0.066264 1.0
0.406682 0.508981 0.063774 1.0
0.411203 0.511641 0.061172 1.0
0.415776 0.514308 0.058651 1.0
0.4204 0.516946 0.05607 1.0
0.425087 0.51956 0.053359 1.0
0.429814 0.522143 0.050712 1.0
0.434597 0.524702 0.047969 1.0
0.439428 0.527215 0.045272 1.0
0.444319 0.529673 0.042483 1.0
0.449245 0.532071 0.039697 1.0
0.454215 0.534399 0.036906 1.0
0.459225 0.536663 0.034001 1.0
0.464275 0.538835 0.031435 1.0
0.469349 0.540915 0.028957 1.0
0.474442 0.542911 0.026597 1.0
0.47956 0.544799 0.024363 1.0
0.48468 0.546591 0.022265 1.0
0.48982 0.548275 0.020312 1.0
0.494971 0.549847 0.018512 1.0
0.500103 0.551321 0.016876 1.0
0.505242 0.552694 0.015412 1.0
0.510378 0.553974 0.014132 1.0
0.515503 0.555166 0.013033 1.0
0.520629 0.556283 0.01218 1.0
0.525754 0.557353 0.011416 1.0
0.530877 0.558348 0.010839 1.0
0.536006 0.559331 0.010585 1.0
0.541151 0.560295 0.010612 1.0
0.546332 0.561256 0.010945 1.0
0.551529 0.562255 0.011649 1.0
0.556773 0.563285 0.012516 1.0
0.562073 0.564377 0.01365 1.0
0.567425 0.56555 0.015118 1.0
0.572854 0.566844 0.016927 1.0
0.578351 0.568243 0.019098 1.0
0.583945 0.569784 0.021653 1.0
0.589625 0.571485 0.024617 1.0
0.595411 0.573356 0.028014 1.0
0.601291 0.5754 0.03187 1.0
0.607281 0.577626 0.036408 1.0
0.613352 0.580062 0.041287 1.0
0.619542 0.582679 0.046299 1.0
0.62581 0.585515 0.051565 1.0
0.632175 0.588528 0.057023 1.0
0.63862 0.591759 0.062625 1.0
0.645137 0.595166 0.068288 1.0
0.651731 0.598763 0.074092 1.0
0.658372 0.602535 0.079969 1.0
0.665062 0.606473 0.085984 1.0
0.671795 0.610568 0.0922 1.0
0.678556 0.614798 0.098456 1.0
0.685338 0.619175 0.10476 1.0
0.692129 0.623659 0.111287 1.0
0.69891 0.628247 0.117832 1.0
0.705693 0.632925 0.124466 1.0
0.712448 0.637686 0.131249 1.0
0.719184 0.642515 0.138104 1.0
0.72588 0.647397 0.145035 1.0
0.732527 0.652321 0.152009 1.0
0.73912 0.657282 0.159119 1.0
0.74564 0.662259 0.166286 1.0
0.752096 0.66724 0.173524 1.0
0.75847 0.672228 0.180821 1.0
0.764752 0.677207 0.188226 1.0
0.77094 0.682154 0.195617 1.0
0.777025 0.687087 0.203085 1.0
0.782992 0.691986 0.210591 1.0
0.788855 0.696837 0.218132 1.0
0.794593 0.70164 0.225696 1.0
0.80021 0.706402 0.233246 1.0
0.805697 0.7111 0.240836 1.0
0.811064 0.715739 0.248452 1.0
0.816305 0.720308 0.256008 1.0
0.821416 0.724823 0.263607 1.0
0.826404 0.729264 0.271154 1.0
0.831274 0.733644 0.278697 1.0
0.836021 0.737953 0.286192 1.0
0.840659 0.742207 0.293686 1.0
0.845186 0.746391 0.301143 1.0
0.849615 0.750519 0.308586 1.0
0.853939 0.754588 0.315983 1.0
0.858179 0.758596 0.323333 1.0
0.862341 0.76255 0.330648 1.0
0.866414 0.766461 0.337937 1.0
0.870416 0.770323 0.345196 1.0
0.874359 0.774139 0.352412 1.0
0.878242 0.777923 0.359601 1.0
0.882069 0.781666 0.366759 1.0
0.885849 0.785374 0.373882 1.0
0.889582 0.789052 0.38098 1.0
0.893277 0.792699 0.388036 1.0
0.896942 0.796319 0.395081 1.0
0.900568 0.799924 0.402087 1.0
0.904169 0.803498 0.409089 1.0
0.907751 0.807061 0.41606 1.0
0.911302 0.810597 0.423005 1.0
0.914836 0.814123 0.429945 1.0
0.918353 0.817635 0.436863 1.0
0.921858 0.821135 0.443762 1.0
0.925342 0.82462 0.450643 1.0
0.928815 0.828096 0.457507 1.0
0.932278 0.831569 0.464376 1.0
0.935735 0.835023 0.471215 1.0
0.939177 0.838471 0.478042 1.0
0.942613 0.841917 0.484861 1.0
0.946034 0.84535 0.491688 1.0
0.949452 0.848781 0.498492 1.0
0.952864 0.85221 0.505275 1.0
0.956267 0.855629 0.512068 1.0
0.959662 0.859041 0.51886 1.0
0.963051 0.862459 0.525632 1.0
0.966431 0.865865 0.532407 1.0
0.969807 0.869272 0.539168 1.0
0.973179 0.872677 0.545938 1.0
0.976539 0.876078 0.552691 1.0
0.979899 0.879477 0.559448 1.0
0.983247 0.882877 0.566201 1.0
0.986594 0.886282 0.572957 1.0
0.98993 0.889679 0.579707 1.0
0.993263 0.893078 0.586451 1.0
0.996581 0.896481 0.593202 1.0
0.999903 0.899882 0.599947 1.0
