0.005193 0.098238 0.349842 1.0
0.009065 0.104487 0.350933 1.0
0.012963 0.110779 0.351992 1.0
0.01653 0.116913 0.35307 1.0
0.019936 0.122985 0.35412 1.0
0.023189 0.129035 0.355182 1.0
0.026291 0.135044 0.35621 1.0
0.029245 0.140964 0.357239 1.0
0.032053 0.146774 0.358239 1.0
0.034853 0.152558 0.359233 1.0
0.037449 0.158313 0.360216 1.0
0.039845 0.163978 0.361187 1.0
0.042104 0.169557 0.362151 1.0
0.044069 0.175053 0.363084 1.0
0.045905 0.18046 0.364007 1.0
0.047665 0.185844 0.364915 1.0
0.049378 0.191076 0.36581 1.0
0.050795 0.196274 0.366684 1.0
0.052164 0.201323 0.367524 1.0
0.053471 0.206357 0.36837 1.0
0.054721 0.211234 0.369184 1.0
0.055928 0.216046 0.369974 1.0
0.057033 0.220754 0.37075 1.0
0.058032 0.22534 0.371509 1.0
0.059164 0.229842 0.372252 1.0
0.060167 0.234299 0.372978 1.0
0.061052 0.238625 0.373691 1.0
0.06206 0.242888 0.374386 1.0
0.063071 0.247085 0.37505 1.0
0.063982 0.251213 0.375709 1.0
0.064936 0.255264 0.376362 1.0
0.065903 0.259257 0.376987 1.0
0.066899 0.263188 0.377594 1.0
0.067921 0.267056 0.378191 1.0
0.069002 0.270922 0.378774 1.0
0.070001 0.274713 0.379342 1.0
0.071115 0.278497 0.379895 1.0
0.072192 0.282249 0.380434 1.0
0.07344 0.285942 0.380957 1.0
0.074595 0.289653 0.381452 1.0
0.075833 0.293321 0.381922 1.0
0.077136 0.296996 0.382376 1.0
0.078517 0.300622 0.382814 1.0
0.079984 0.304252 0.383224 1.0
0.081553 0.307858 0.383598 1.0
0.083082 0.311461 0.383936 1.0
0.084778 0.315043 0.38424 1.0
0.086503 0.318615 0.384506 1.0
0.088353 0.322167 0.384731 1.0
0.090281 0.325685 0.38491 1.0
0.092304 0.32922 0.38504 1.0
0.094462 0.332712 0.385116 1.0
0.096618 0.336161 0.385134 1.0
0.099015 0.339621 0.38509 1.0
0.101481 0.343036 0.384981 1.0
0.104078 0.34641 0.384801 1.0
0.106842 0.349774 0.384548 1.0
0.109695 0.353098 0.384217 1.0
0.112655 0.356391 0.383807 1.0
0.115748 0.359638 0.38331 1.0
0.118992 0.362849 0.382713 1.0
0.12232 0.36603 0.382026 1.0
0.125889 0.36916 0.381259 1.0
0.129519 0.372238 0.380378 1.0
0.133298 0.375282 0.379395 1.0
0.137212 0.378282 0.378315 1.0
0.14126 0.38124 0.377135 1.0
0.145432 0.38413 0.37584 1.0
0.149706 0.386975 0.374449 1.0
0.154073 0.389777 0.372934 1.0
0.15862 0.392531 0.37132 1.0
0.163246 0.395237 0.369609 1.0
0.167952 0.397889 0.367784 1.0
0.172788 0.400496 0.365867 1.0
0.177752 0.403041 0.363833 1.0
0.182732 0.405551 0.361714 1.0
0.187886 0.408003 0.359484 1.0
0.19305 0.410427 0.357177 1.0
0.19831 0.412798 0.354767 1.0
0.203676 0.415116 0.352253 1.0
0.209075 0.417412 0.349677 1.0
0.214555 0.419661 0.347019 1.0
0.220112 0.421864 0.344261 1.0
0.225707 0.424049 0.341459 1.0
0.231362 0.426197 0.338572 1.0
0.237075 0.428325 0.335634 1.0
0.242795 0.430418 0.332635 1.0
0.248617 0.432493 0.329571 1.0
0.254452 0.434529 0.326434 1.0
0.26032 0.436556 0.323285 1.0
0.266241 0.438555 0.320085 1.0
0.272168 0.440541 0.316831 1.0
0.278171 0.442524 0.313552 1.0
0.284175 0.444484 0.310243 1.0
0.290214 0.44642 0.306889 1.0
0.296294 0.448357 0.303509 1.0
0.302379 0.450282 0.300122 1.0
0.308517 0.452205 0.296721 1.0
0.314648 0.454107 0.293279 1.0
0.320834 0.456006 0.289841 1.0
0.327007 0.4579 0.286377 1.0
0.333235 0.459794 0.282937 1.0
0.339469 0.461685 0.279468 1.0
0.345703 0.463563 0.275998 1.0
0.351976 0.46544 0.272492 1.0
0.358277 0.467331 0.269037 1.0
0.364589 0.469213 0.265543 1.0
0.370922 0.471085 0.262064 1.0
0.377291 0.472952 0.258588 1.0
0.383675 0.474842 0.255131 1.0
0.39007 0.476711 0.251665 1.0
0.396505 0.478587 0.248212 1.0
0.402968 0.480466 0.244731 1.0
0.409455 0.482351 0.241314 1.0
0.415967 0.484225 0.237895 1.0
0.422507 0.486113 0.234493 1.0
0.429094 0.488011 0.231096 1.0
0.435714 0.48989 0.227728 1.0
0.442365 0.491795 0.224354 1.0
0.449052 0.493684 0.221074 1.0
0.455774 0.495585 0.217774 1.0
0.462539 0.497497 0.214518 1.0
0.469368 0.499393 0.211318 1.0
0.476221 0.501314 0.208148 1.0
0.483123 0.503216 0.205037 1.0
0.490081 0.505137 0.201976 1.0
0.497089 0.507058 0.198994 1.0
0.504153 0.508984 0.196118 1.0
0.511253 0.510898 0.193296 1.0
0.518425 0.512822 0.190566 1.0
0.525637 0.514746 0.18799 1.0
0.532907 0.516662 0.185497 1.0
0.540225 0.518584 0.183099 1.0
0.547599 0.520486 0.180884 1.0
0.555024 0.522391 0.178854 1.0
0.562506 0.524293 0.176964 1.0
0.570016 0.526186 0.175273 1.0
0.577582 0.528058 0.173775 1.0
0.585199 0.529927 0.172493 1.0
0.592846 0.531777 0.171449 1.0
0.60052 0.533605 0.170648 1.0
0.60824 0.535423 0.170104 1.0
0.615972 0.537231 0.169826 1.0
0.623739 0.539002 0.169814 1.0
0.631513 0.540752 0.170075 1.0
0.639301 0.542484 0.170622 1.0
0.647098 0.544183 0.171465 1.0
0.654889 0.545863 0.172603 1.0
0.662691 0.547503 0.174044 1.0
0.670477 0.549127 0.175747 1.0
0.678244 0.550712 0.177803 1.0
0.685995 0.552274 0.180056 1.0
0.69372 0.553797 0.18261 1.0
0.701421 0.555294 0.185478 1.0
0.709098 0.556772 0.188546 1.0
0.716731 0.558205 0.191851 1.0
0.724322 0.559628 0.195408 1.0
0.731878 0.561011 0.199174 1.0
0.739393 0.562386 0.203179 1.0
0.74685 0.563725 0.207375 1.0
0.754268 0.565033 0.211761 1.0
0.761629 0.566344 0.216322 1.0
0.768942 0.56763 0.221045 1.0
0.776208 0.568899 0.22593 1.0
0.783416 0.570162 0.230962 1.0
0.790568 0.571421 0.23616 1.0
0.797665 0.572682 0.24149 1.0
0.804709 0.573928 0.246955 1.0
0.811692 0.575187 0.252572 1.0
0.81861 0.576462 0.258303 1.0
0.825472 0.577725 0.264197 1.0
0.832272 0.579026 0.270211 1.0
0.838999 0.580339 0.276353 1.0
0.845657 0.581672 0.282631 1.0
0.852247 0.583037 0.289036 1.0
0.858747 0.58444 0.295572 1.0
0.865168 0.585882 0.302255 1.0
0.871505 0.587352 0.309112 1.0
0.877741 0.588873 0.316081 1.0
0.883878 0.59045 0.323195 1.0
0.8899 0.592087 0.330454 1.0
0.895809 0.593765 0.337865 1.0
0.90159 0.595507 0.345429 1.0
0.907242 0.597319 0.353142 1.0
0.912746 0.599191 0.360986 1.0
0.918103 0.601126 0.368999 1.0
0.9233 0.603137 0.377139 1.0
0.928323 0.605212 0.385404 1.0
0.933176 0.607369 0.393817 1.0
0.93785 0.609582 0.402345 1.0
0.942332 0.611867 0.411006 1.0
0.946612 0.614218 0.419767 1.0
0.950697 0.616649 0.428624 1.0
0.954574 0.619137 0.437582 1.0
0.958244 0.621671 0.446604 1.0
0.961696 0.624282 0.455702 1.0
0.964943 0.626934 0.46486 1.0
0.967983 0.629639 0.474057 1.0
0.970804 0.632394 0.48329 1.0
0.973424 0.635183 0.492547 1.0
0.975835 0.638012 0.501826 1.0
0.978052 0.640868 0.51109 1.0
0.980079 0.643752 0.52035 1.0
0.981918 0.646664 0.529602 1.0
0.983574 0.64959 0.538819 1.0
0.985066 0.652522 0.547998 1.0
0.986392 0.65547 0.557142 1.0
0.987567 0.658422 0.566226 1.0
0.988596 0.661378 0.575265 1.0
0.989496 0.664329 0.584246 1.0
0.990268 0.66728 0.593174 1.0
0.990926 0.67023 0.602031 1.0
0.991479 0.673165 0.610835 1.0
0.991935 0.676091 0.619575 1.0
0.992305 0.679007 0.628251 1.0
0.992595 0.681914 0.636869 1.0
0.992813 0.684815 0.645423 1.0
0.992967 0.687705 0.653934 1.0
0.993064 0.690579 0.662398 1.0
0.993111 0.693451 0.67081 1.0
0.993112 0.696314 0.679177 1.0
0.993074 0.699161 0.687519 1.0
0.993002 0.702006 0.695831 1.0
0.9929 0.704852 0.704114 1.0
0.992771 0.707689 0.71238 1.0
0.992619 0.71053 0.720639 1.0
0.992447 0.713366 0.728892 1.0
0.992258 0.71621 0.737146 1.0
0.992054 0.719049 0.745403 1.0
0.991837 0.721893 0.753673 1.0
0.991607 0.724754 0.761959 1.0
0.991367 0.727614 0.77027 1.0
0.991116 0.730489 0.778606 1.0
0.990855 0.733373 0.786976 1.0
0.990586 0.736265 0.795371 1.0
0.990307 0.739184 0.80381 1.0
0.990018 0.742102 0.812285 1.0
0.98972 0.745039 0.820804 1.0
0.989411 0.747997 0.829372 1.0
0.989089 0.750968 0.837979 1.0
0.988754 0.753949 0.846627 1.0
0.988406 0.756949 0.855332 1.0
0.988046 0.759964 0.864078 1.0
0.987672 0.762996 0.872864 1.0
0.98728 0.766047 0.881699 1.0
0.986868 0.769105 0.890573 1.0
0.986435 0.772184 0.899493 1.0
0.98598 0.775272 0.908448 1.0
0.985503 0.778378 0.917444 1.0
0.985002 0.781495 0.926468 1.0
0.984473 0.784624 0.935531 1.0
0.983913 0.787757 0.944626 1.0
0.983322 0.790905 0.953748 1.0
0.982703 0.794068 0.962895 1.0
0.982048 0.797228 0.97207 1.0
0.981354 0.800406 0.981267 1.0
