0.882353 0.980392 0.964706 1.0
0.8748174313725491 0.9780852156862746 0.9627067450980392 1.0
0.8672818627450981 0.975778431372549 0.9607074901960784 1.0
0.8597462941176471 0.9734716470588236 0.9587082352941176 1.0
0.8522107254901962 0.9711648627450981 0.9567089803921568 1.0
0.8446751568627452 0.9688580784313726 0.9547097254901961 1.0
0.8371395882352942 0.9665512941176471 0.9527104705882352 1.0
0.8296040196078431 0.9642445098039216 0.9507112156862745 1.0
0.8220684509803922 0.9619377254901961 0.9487119607843137 1.0
0.8145328823529412 0.9596309411764706 0.9467127058823529 1.0
0.8069973137254902 0.9573241568627451 0.9447134509803922 1.0
0.7994617450980392 0.9550173725490196 0.9427141960784313 1.0
0.7919261764705883 0.9527105882352941 0.9407149411764706 1.0
0.7843906078431373 0.9504038039215686 0.9387156862745097 1.0
0.7768550392156863 0.9480970196078431 0.936716431372549 1.0
0.7693194705882354 0.9457902352941177 0.9347171764705883 1.0
0.7617839019607844 0.9434834509803922 0.9327179215686274 1.0
0.7542483333333334 0.9411766666666667 0.9307186666666667 1.0
0.7467127647058824 0.9388698823529411 0.9287194117647058 1.0
0.7391771960784315 0.9365630980392157 0.9267201568627451 1.0
0.7316416274509805 0.9342563137254902 0.9247209019607843 1.0
0.7241060588235295 0.9319495294117647 0.9227216470588235 1.0
0.7165704901960784 0.9296427450980392 0.9207223921568628 1.0
0.7090349215686275 0.9273359607843137 0.918723137254902 1.0
0.7014993529411765 0.9250291764705882 0.9167238823529412 1.0
0.6939637843137255 0.9227223921568627 0.9147246274509804 1.0
0.6875047254901961 0.9196466470588235 0.9124947058823529 1.0
0.6821221764705883 0.9158019411764705 0.9100341176470589 1.0
0.6767396274509804 0.9119572352941177 0.9075735294117647 1.0
0.6713570784313726 0.9081125294117647 0.9051129411764706 1.0
0.6659745294117647 0.9042678235294117 0.9026523529411765 1.0
0.6605919803921569 0.9004231176470587 0.9001917647058824 1.0
0.6552094313725491 0.8965784117647059 0.8977311764705882 1.0
0.6498268823529413 0.8927337058823529 0.8952705882352942 1.0
0.6444443333333334 0.8888889999999999 0.89281 1.0
0.6390617843137255 0.8850442941176471 0.8903494117647058 1.0
0.6336792352941176 0.8811995882352941 0.8878888235294118 1.0
0.6282966862745099 0.8773548823529411 0.8854282352941176 1.0
0.622914137254902 0.8735101764705882 0.8829676470588235 1.0
0.6175315882352941 0.8696654705882353 0.8805070588235294 1.0
0.6121490392156863 0.8658207647058823 0.8780464705882353 1.0
0.6067664901960785 0.8619760588235295 0.8755858823529412 1.0
0.6013839411764706 0.8581313529411765 0.873125294117647 1.0
0.5960013921568628 0.8542866470588235 0.8706647058823529 1.0
0.5906188431372549 0.8504419411764705 0.8682041176470588 1.0
0.5852362941176471 0.8465972352941177 0.8657435294117647 1.0
0.5798537450980392 0.8427525294117647 0.8632829411764705 1.0
0.5744711960784314 0.8389078235294117 0.8608223529411765 1.0
0.5690886470588236 0.8350631176470588 0.8583617647058823 1.0
0.5637060980392157 0.8312184117647059 0.8559011764705882 1.0
0.5583235490196079 0.8273737058823529 0.8534405882352941 1.0
0.552941 0.823529 0.85098 1.0
0.5500190392156863 0.8201457058823529 0.8489807843137255 1.0
0.5470970784313726 0.8167624117647059 0.846981568627451 1.0
0.5441751176470588 0.8133791176470588 0.8449823529411764 1.0
0.5412531568627451 0.8099958235294117 0.8429831372549019 1.0
0.5383311960784314 0.8066125294117646 0.8409839215686274 1.0
0.5354092352941177 0.8032292352941176 0.838984705882353 1.0
0.5324872745098039 0.7998459411764706 0.8369854901960784 1.0
0.5295653137254902 0.7964626470588235 0.8349862745098039 1.0
0.5266433529411765 0.7930793529411765 0.8329870588235294 1.0
0.5237213921568628 0.7896960588235294 0.8309878431372549 1.0
0.520799431372549 0.7863127647058823 0.8289886274509803 1.0
0.5178774705882353 0.7829294705882353 0.8269894117647059 1.0
0.5149555098039216 0.7795461764705882 0.8249901960784314 1.0
0.5120335490196078 0.7761628823529412 0.8229909803921569 1.0
0.5091115882352941 0.7727795882352941 0.8209917647058824 1.0
0.5061896274509804 0.7693962941176471 0.8189925490196078 1.0
0.5032676666666667 0.7660129999999999 0.8169933333333333 1.0
0.5003457058823529 0.7626297058823529 0.8149941176470589 1.0
0.4974237450980392 0.7592464117647059 0.8129949019607843 1.0
0.4945017843137255 0.7558631176470588 0.8109956862745098 1.0
0.49157982352941176 0.7524798235294118 0.8089964705882353 1.0
0.48865786274509804 0.7490965294117646 0.8069972549019608 1.0
0.48573590196078437 0.7457132352941177 0.8049980392156864 1.0
0.4828139411764706 0.7423299411764706 0.8029988235294118 1.0
0.47989198039215686 0.7389466470588235 0.8009996078431373 1.0
0.476585568627451 0.7344868235294117 0.7980776666666667 1.0
0.47289470588235294 0.7289504705882353 0.7942330000000001 1.0
0.4692038431372549 0.7234141176470588 0.7903883333333334 1.0
0.4655129803921568 0.7178777647058824 0.7865436666666668 1.0
0.4618221176470588 0.7123414117647059 0.782699 1.0
0.4581312549019608 0.7068050588235295 0.7788543333333334 1.0
0.4544403921568627 0.7012687058823529 0.7750096666666667 1.0
0.4507495294117647 0.6957323529411764 0.771165 1.0
0.44705866666666666 0.690196 0.7673203333333334 1.0
0.4433678039215686 0.6846596470588235 0.7634756666666667 1.0
0.4396769411764706 0.679123294117647 0.7596310000000001 1.0
0.43598607843137255 0.6735869411764706 0.7557863333333333 1.0
0.4322952156862745 0.6680505882352941 0.7519416666666666 1.0
0.4286043529411765 0.6625142352941177 0.748097 1.0
0.42491349019607844 0.6569778823529412 0.7442523333333333 1.0
0.4212226274509804 0.6514415294117647 0.7404076666666667 1.0
0.4175317647058823 0.6459051764705882 0.736563 1.0
0.4138409019607843 0.6403688235294117 0.7327183333333334 1.0
0.41015003921568627 0.6348324705882353 0.7288736666666666 1.0
0.4064591764705882 0.6292961176470588 0.7250289999999999 1.0
0.40276831372549016 0.6237597647058823 0.7211843333333333 1.0
0.3990774509803922 0.618223411764706 0.7173396666666667 1.0
0.3953865882352941 0.6126870588235294 0.713495 1.0
0.39169572549019605 0.607150705882353 0.7096503333333333 1.0
0.38800486274509804 0.6016143529411765 0.7058056666666666 1.0
0.384314 0.596078 0.701961 1.0
0.3818534117647059 0.5919257647058823 0.6995004117647058 1.0
0.3793928235294117 0.5877735294117648 0.6970398235294117 1.0
0.3769322352941176 0.5836212941176471 0.6945792352941176 1.0
0.3744716470588236 0.5794690588235295 0.6921186470588235 1.0
0.3720110588235294 0.5753168235294117 0.6896580588235294 1.0
0.36955047058823526 0.5711645882352941 0.6871974705882352 1.0
0.36708988235294115 0.5670123529411765 0.6847368823529412 1.0
0.36462929411764705 0.5628601176470588 0.682276294117647 1.0
0.36216870588235295 0.5587078823529412 0.679815705882353 1.0
0.3597081176470588 0.5545556470588235 0.6773551176470588 1.0
0.3572475294117647 0.5504034117647059 0.6748945294117646 1.0
0.35478694117647064 0.5462511764705883 0.6724339411764706 1.0
0.3523263529411765 0.5420989411764706 0.6699733529411764 1.0
0.3498657647058823 0.5379467058823529 0.6675127647058823 1.0
0.3474051764705882 0.5337944705882353 0.6650521764705882 1.0
0.3449445882352941 0.5296422352941177 0.6625915882352941 1.0
0.342484 0.52549 0.660131 1.0
0.34002341176470585 0.5213377647058823 0.6576704117647059 1.0
0.33756282352941175 0.5171855294117648 0.6552098235294117 1.0
0.33510223529411765 0.5130332941176471 0.6527492352941177 1.0
0.33264164705882354 0.5088810588235294 0.6502886470588235 1.0
0.3301810588235294 0.5047288235294117 0.6478280588235295 1.0
0.3277204705882353 0.5005765882352942 0.6453674705882353 1.0
0.3252598823529412 0.4964243529411765 0.6429068823529411 1.0
0.3227992941176471 0.49227211764705886 0.6404462941176471 1.0
0.3204155882352941 0.48827366666666666 0.6380625882352942 1.0
0.31810876470588234 0.484429 0.6357557647058824 1.0
0.3158019411764706 0.48058433333333334 0.6334489411764705 1.0
0.31349511764705884 0.4767396666666667 0.6311421176470589 1.0
0.31118829411764715 0.4728950000000001 0.6288352941176472 1.0
0.3088814705882353 0.46905033333333335 0.6265284705882354 1.0
0.30657464705882354 0.4652056666666667 0.6242216470588235 1.0
0.3042678235294118 0.461361 0.6219148235294117 1.0
0.301961 0.45751633333333336 0.619608 1.0
0.29965417647058823 0.4536716666666667 0.6173011764705882 1.0
0.2973473529411765 0.449827 0.6149943529411764 1.0
0.29504052941176473 0.4459823333333333 0.6126875294117647 1.0
0.2927337058823529 0.44213766666666665 0.6103807058823529 1.0
0.2904268823529412 0.438293 0.6080738823529412 1.0
0.2881200588235294 0.4344483333333333 0.6057670588235294 1.0
0.2858132352941177 0.43060366666666666 0.6034602352941176 1.0
0.28350641176470587 0.426759 0.6011534117647059 1.0
0.2811995882352941 0.42291433333333334 0.5988465882352941 1.0
0.27889276470588237 0.4190696666666667 0.5965397647058823 1.0
0.2765859411764706 0.415225 0.5942329411764706 1.0
0.27427911764705887 0.41138033333333346 0.5919261176470589 1.0
0.27197229411764706 0.40753566666666663 0.589619294117647 1.0
0.2696654705882353 0.40369099999999997 0.5873124705882353 1.0
0.26735864705882356 0.3998463333333333 0.5850056470588235 1.0
0.26505182352941176 0.39600166666666664 0.5826988235294118 1.0
0.262745 0.392157 0.580392 1.0
0.26059198039215686 0.3886199019607843 0.5780852156862746 1.0
0.2584389607843137 0.38508280392156863 0.575778431372549 1.0
0.2562859411764706 0.3815457058823529 0.5734716470588236 1.0
0.25413292156862743 0.3780086078431372 0.571164862745098 1.0
0.25197990196078435 0.3744715098039215 0.5688580784313726 1.0
0.24982688235294118 0.3709344117647059 0.566551294117647 1.0
0.24767386274509803 0.36739731372549017 0.5642445098039216 1.0
0.24552084313725492 0.36386021568627447 0.561937725490196 1.0
0.24336782352941178 0.3603231176470588 0.5596309411764706 1.0
0.24121480392156863 0.3567860196078431 0.5573241568627451 1.0
0.23906178431372554 0.3532489215686275 0.5550173725490196 1.0
0.23690876470588235 0.34971182352941177 0.5527105882352941 1.0
0.23475574509803923 0.34617472549019607 0.5504038039215686 1.0
0.2326027254901961 0.34263762745098036 0.5480970196078431 1.0
0.23044970588235295 0.33910052941176466 0.5457902352941176 1.0
0.2282966862745098 0.335563431372549 0.5434834509803921 1.0
0.2261436666666667 0.3320263333333333 0.5411766666666666 1.0
0.22399064705882354 0.3284892352941176 0.5388698823529412 1.0
0.2218376274509804 0.3249521372549019 0.5365630980392156 1.0
0.21968460784313726 0.32141503921568626 0.5342563137254902 1.0
0.21753158823529412 0.31787794117647056 0.5319495294117647 1.0
0.21537856862745097 0.31434084313725486 0.5296427450980392 1.0
0.21322554901960783 0.3108037450980392 0.5273359607843137 1.0
0.21107252941176471 0.3072666470588235 0.5250291764705882 1.0
0.20891950980392157 0.3037295490196078 0.5227223921568627 1.0
0.20684339215686273 0.3001155490196078 0.5201849019607843 1.0
0.20484417647058828 0.2964246470588236 0.517416705882353 1.0
0.20284496078431372 0.2927337450980392 0.5146485098039215 1.0
0.2008457450980392 0.28904284313725487 0.5118803137254901 1.0
0.1988465294117647 0.28535194117647056 0.5091121176470588 1.0
0.1968473137254902 0.28166103921568625 0.5063439215686274 1.0
0.19484809803921568 0.27797013725490194 0.503575725490196 1.0
0.19284888235294118 0.27427923529411763 0.5008075294117647 1.0
0.19084966666666667 0.2705883333333333 0.4980393333333333 1.0
0.18885045098039216 0.266897431372549 0.4952711372549019 1.0
0.18685123529411765 0.2632065294117647 0.49250294117647053 1.0
0.18485201960784314 0.2595156274509804 0.48973474509803916 1.0
0.18285280392156864 0.2558247254901961 0.4869665490196078 1.0
0.18085358823529413 0.25213382352941177 0.4841983529411764 1.0
0.17885437254901962 0.24844292156862743 0.4814301568627451 1.0
0.1768551568627451 0.24475201960784312 0.4786619607843137 1.0
0.17485594117647058 0.24106111764705881 0.47589376470588235 1.0
0.17285672549019615 0.2373702156862746 0.47312556862745103 1.0
0.17085750980392156 0.2336793137254902 0.4703573725490196 1.0
0.16885829411764708 0.22998841176470589 0.46758917647058823 1.0
0.16685907843137254 0.22629750980392155 0.46482098039215686 1.0
0.16485986274509803 0.22260660784313724 0.4620527843137255 1.0
0.16286064705882353 0.21891570588235293 0.4592845882352941 1.0
0.16086143137254902 0.21522480392156862 0.45651639215686274 1.0
0.1588622156862745 0.2115339019607843 0.45374819607843137 1.0
0.156863 0.207843 0.45098 1.0
0.15547892156862744 0.20538241176470587 0.44898078431372546 1.0
0.1540948431372549 0.20292182352941177 0.446981568627451 1.0
0.15271076470588235 0.20046123529411763 0.44498235294117644 1.0
0.1513266862745098 0.19800064705882353 0.44298313725490196 1.0
0.14994260784313726 0.1955400588235294 0.4409839215686274 1.0
0.1485585294117647 0.1930794705882353 0.43898470588235294 1.0
0.14717445098039217 0.19061888235294117 0.4369854901960784 1.0
0.14579037254901964 0.18815829411764712 0.434986274509804 1.0
0.14440629411764705 0.18569770588235293 0.4329870588235294 1.0
0.14302221568627452 0.18323711764705883 0.4309878431372549 1.0
0.14163813725490196 0.1807765294117647 0.4289886274509804 1.0
0.14025405882352943 0.1783159411764706 0.4269894117647059 1.0
0.13886998039215687 0.1758553529411765 0.42499019607843136 1.0
0.1374859019607843 0.17339476470588236 0.4229909803921569 1.0
0.13610182352941178 0.17093417647058823 0.42099176470588234 1.0
0.13471774509803922 0.16847358823529412 0.41899254901960786 1.0
0.13333366666666666 0.16601300000000002 0.4169933333333333 1.0
0.13194958823529412 0.1635524117647059 0.41499411764705885 1.0
0.13056550980392156 0.16109182352941176 0.4129949019607843 1.0
0.129181431372549 0.15863123529411766 0.41099568627450983 1.0
0.12779735294117647 0.15617064705882355 0.4089964705882353 1.0
0.1264132745098039 0.15371005882352942 0.4069972549019608 1.0
0.12502919607843138 0.1512494705882353 0.4049980392156863 1.0
0.12364511764705885 0.14878888235294124 0.40299882352941185 1.0
0.12226103921568626 0.14632829411764706 0.40099960784313726 1.0
0.12110762745098039 0.14394460784313726 0.3990003921568628 1.0
0.12018488235294117 0.14163782352941176 0.39700117647058825 1.0
0.11926213725490195 0.1393310392156863 0.39500196078431377 1.0
0.11833939215686275 0.1370242549019608 0.39300274509803923 1.0
0.11741664705882353 0.1347174705882353 0.39100352941176475 1.0
0.11649390196078431 0.1324106862745098 0.3890043137254902 1.0
0.11557115686274509 0.1301039019607843 0.3870050980392157 1.0
0.11464841176470587 0.12779711764705884 0.3850058823529412 1.0
0.11372566666666667 0.12549033333333334 0.38300666666666666 1.0
0.11280292156862745 0.12318354901960785 0.3810074509803922 1.0
0.11188017647058823 0.12087676470588235 0.37900823529411765 1.0
0.11095743137254901 0.11856998039215687 0.37700901960784317 1.0
0.1100346862745098 0.11626319607843139 0.37500980392156863 1.0
0.10911194117647059 0.11395641176470589 0.37301058823529415 1.0
0.1081891960784314 0.11164962745098046 0.37101137254901967 1.0
0.10726645098039216 0.10934284313725491 0.36901215686274513 1.0
0.10634370588235294 0.10703605882352941 0.3670129411764706 1.0
0.10542096078431373 0.10472927450980393 0.36501372549019606 1.0
0.10449821568627451 0.10242249019607844 0.3630145098039216 1.0
0.1035754705882353 0.10011570588235294 0.36101529411764705 1.0
0.10265272549019608 0.09780892156862744 0.35901607843137257 1.0
0.10172998039215686 0.09550213725490198 0.35701686274509803 1.0
0.10080723529411764 0.09319535294117648 0.35501764705882355 1.0
0.09988449019607844 0.09088856862745098 0.353018431372549 1.0
0.09896174509803922 0.08858178431372549 0.3510192156862745 1.0
0.098039 0.086275 0.34902 1.0
