0.94902 1.0 0.992157 1.0
0.9407154509803921 0.9984621176470588 0.9903115098039216 1.0
0.9324109019607842 0.9969242352941177 0.9884660196078431 1.0
0.9241063529411765 0.9953863529411765 0.9866205294117647 1.0
0.9158018039215686 0.9938484705882353 0.9847750392156862 1.0
0.9074972549019608 0.9923105882352942 0.9829295490196078 1.0
0.8991927058823529 0.990772705882353 0.9810840588235294 1.0
0.8908881568627451 0.9892348235294118 0.979238568627451 1.0
0.8825836078431373 0.9876969411764707 0.9773930784313726 1.0
0.8742790588235294 0.9861590588235294 0.9755475882352941 1.0
0.8659745098039215 0.9846211764705882 0.9737020980392157 1.0
0.8576699607843137 0.983083294117647 0.9718566078431372 1.0
0.8493654117647059 0.9815454117647059 0.9700111176470588 1.0
0.8416760196078431 0.9800075294117647 0.9684732156862745 1.0
0.8358320980392157 0.9784696470588236 0.9678580784313726 1.0
0.8299881764705882 0.9769317647058824 0.9672429411764706 1.0
0.8241442549019607 0.9753938823529412 0.9666278039215687 1.0
0.8183003333333333 0.973856 0.9660126666666666 1.0
0.8124564117647058 0.9723181176470589 0.9653975294117647 1.0
0.8066124901960784 0.9707802352941176 0.9647823921568628 1.0
0.8007685686274509 0.9692423529411764 0.9641672549019608 1.0
0.7949246470588235 0.9677044705882353 0.9635521176470588 1.0
0.789080725490196 0.9661665882352941 0.9629369803921568 1.0
0.7832368039215686 0.9646287058823529 0.9623218431372549 1.0
0.7773928823529411 0.9630908235294118 0.961706705882353 1.0
0.7715489607843137 0.9615529411764706 0.9610915686274509 1.0
0.7670891372549019 0.9593999215686274 0.9597843921568627 1.0
0.7640134117647058 0.9566317647058823 0.9577851764705883 1.0
0.7609376862745098 0.9538636078431372 0.9557859607843137 1.0
0.7578619607843137 0.9510954509803922 0.9537867450980392 1.0
0.7547862352941176 0.948327294117647 0.9517875294117647 1.0
0.7517105098039215 0.9455591372549019 0.9497883137254901 1.0
0.7486347843137254 0.9427909803921568 0.9477890980392156 1.0
0.7455590588235294 0.9400228235294118 0.9457898823529411 1.0
0.7424833333333333 0.9372546666666667 0.9437906666666667 1.0
0.7394076078431372 0.9344865098039216 0.9417914509803921 1.0
0.7363318823529411 0.9317183529411764 0.9397922352941176 1.0
0.7332561568627451 0.9289501960784313 0.9377930196078431 1.0
0.7301804313725491 0.9261820392156862 0.9357938039215686 1.0
0.727104705882353 0.9234138823529412 0.933794588235294 1.0
0.7240289803921569 0.9206457254901961 0.9317953725490196 1.0
0.7209532549019608 0.917877568627451 0.9297961568627451 1.0
0.7178775294117647 0.9151094117647058 0.9277969411764705 1.0
0.7148018039215687 0.9123412549019607 0.925797725490196 1.0
0.7117260784313726 0.9095730980392157 0.9237985098039215 1.0
0.7086503529411765 0.9068049411764706 0.921799294117647 1.0
0.7055746274509804 0.9040367843137255 0.9198000784313725 1.0
0.7024989019607843 0.9012686274509804 0.917800862745098 1.0
0.6994231764705883 0.8985004705882352 0.9158016470588235 1.0
0.6963474509803922 0.8957323137254902 0.913802431372549 1.0
0.6932717254901961 0.8929641568627451 0.9118032156862744 1.0
0.690196 0.890196 0.909804 1.0
0.6869664705882353 0.8863513333333333 0.9067282745098039 1.0
0.6837369411764707 0.8825066666666667 0.9036525490196078 1.0
0.6805074117647059 0.8786619999999999 0.9005768235294117 1.0
0.6772778823529412 0.8748173333333333 0.8975010980392156 1.0
0.6740483529411765 0.8709726666666666 0.8944253725490195 1.0
0.6708188235294118 0.867128 0.8913496470588235 1.0
0.6675892941176471 0.8632833333333333 0.8882739215686274 1.0
0.6643597647058824 0.8594386666666667 0.8851981960784313 1.0
0.6611302352941176 0.855594 0.8821224705882352 1.0
0.6579007058823529 0.8517493333333334 0.8790467450980393 1.0
0.6546711764705883 0.8479046666666666 0.8759710196078431 1.0
0.6514416470588236 0.84406 0.8728952941176471 1.0
0.6482121176470589 0.8402153333333333 0.869819568627451 1.0
0.6449825882352942 0.8363706666666667 0.8667438431372549 1.0
0.6417530588235295 0.8325260000000001 0.8636681176470589 1.0
0.6385235294117647 0.8286813333333334 0.8605923921568628 1.0
0.635294 0.8248366666666667 0.8575166666666667 1.0
0.6320644705882353 0.8209919999999999 0.8544409411764706 1.0
0.6288349411764707 0.8171473333333333 0.8513652156862745 1.0
0.6256054117647059 0.8133026666666666 0.8482894901960785 1.0
0.6223758823529412 0.809458 0.8452137647058824 1.0
0.6191463529411765 0.8056133333333333 0.8421380392156863 1.0
0.6159168235294118 0.8017686666666667 0.8390623137254902 1.0
0.6126872941176471 0.797924 0.8359865882352941 1.0
0.6094577647058824 0.7940793333333334 0.8329108627450981 1.0
0.6063820196078431 0.7903884509803921 0.8299889019607843 1.0
0.6034600588235294 0.7868513529411765 0.827220705882353 1.0
0.6005380980392157 0.7833142549019608 0.8244525098039216 1.0
0.5976161372549019 0.7797771568627451 0.8216843137254902 1.0
0.5946941764705882 0.7762400588235294 0.8189161176470588 1.0
0.5917722156862746 0.7727029607843138 0.8161479215686275 1.0
0.5888502549019607 0.769165862745098 0.8133797254901961 1.0
0.585928294117647 0.7656287647058824 0.8106115294117647 1.0
0.5830063333333333 0.7620916666666666 0.8078433333333334 1.0
0.5800843725490196 0.758554568627451 0.805075137254902 1.0
0.5771624117647058 0.7550174705882353 0.8023069411764706 1.0
0.5742404509803921 0.7514803725490196 0.7995387450980392 1.0
0.5713184901960784 0.7479432745098039 0.7967705490196079 1.0
0.5683965294117648 0.7444061764705883 0.7940023529411765 1.0
0.5654745686274509 0.7408690784313725 0.7912341568627451 1.0
0.5625526078431372 0.7373319803921569 0.7884659607843137 1.0
0.5596306470588235 0.7337948823529411 0.7856977647058824 1.0
0.5567086862745098 0.7302577843137255 0.782929568627451 1.0
0.553786725490196 0.7267206862745098 0.7801613725490196 1.0
0.5508647647058823 0.723183588235294 0.7773931764705883 1.0
0.5479428039215686 0.7196464901960784 0.7746249803921569 1.0
0.545020843137255 0.7161093921568628 0.7718567843137255 1.0
0.5420988823529411 0.712572294117647 0.7690885882352941 1.0
0.5391769215686274 0.7090351960784314 0.7663203921568628 1.0
0.5362549607843137 0.7054980980392156 0.7635521960784314 1.0
0.533333 0.701961 0.760784 1.0
0.5305648431372548 0.6987314705882353 0.7584772156862746 1.0
0.5277966862745097 0.6955019411764706 0.756170431372549 1.0
0.5250285294117647 0.6922724117647059 0.7538636470588236 1.0
0.5222603725490196 0.6890428823529412 0.751556862745098 1.0
0.5194922156862745 0.6858133529411764 0.7492500784313726 1.0
0.5167240588235293 0.6825838235294117 0.746943294117647 1.0
0.5139559019607842 0.679354294117647 0.7446365098039216 1.0
0.5111877450980392 0.6761247647058823 0.742329725490196 1.0
0.5084195882352941 0.6728952352941177 0.7400229411764706 1.0
0.505651431372549 0.669665705882353 0.737716156862745 1.0
0.5028832745098039 0.6664361764705882 0.7354093725490196 1.0
0.5001151176470588 0.6632066470588236 0.7331025882352942 1.0
0.49734696078431373 0.6599771176470588 0.7307958039215686 1.0
0.4945788039215686 0.6567475882352941 0.7284890196078431 1.0
0.4918106470588235 0.6535180588235294 0.7261822352941176 1.0
0.4890424901960784 0.6502885294117647 0.7238754509803922 1.0
0.4862743333333333 0.647059 0.7215686666666666 1.0
0.48350617647058824 0.6438294705882353 0.7192618823529411 1.0
0.4807380196078431 0.6405999411764706 0.7169550980392156 1.0
0.47796986274509806 0.637370411764706 0.7146483137254902 1.0
0.47520170588235294 0.6341408823529412 0.7123415294117647 1.0
0.4724335490196078 0.6309113529411765 0.7100347450980392 1.0
0.46966539215686276 0.6276818235294118 0.7077279607843137 1.0
0.46689723529411764 0.6244522941176471 0.7054211764705882 1.0
0.4641290784313726 0.6212227647058824 0.7031143921568627 1.0
0.46182227450980395 0.618377705882353 0.7009613725490196 1.0
0.45997682352941177 0.6159171176470589 0.6989621176470587 1.0
0.45813137254901964 0.6134565294117648 0.696962862745098 1.0
0.45628592156862746 0.6109959411764706 0.6949636078431372 1.0
0.45444047058823533 0.6085353529411766 0.6929643529411765 1.0
0.45259501960784315 0.6060747647058824 0.6909650980392157 1.0
0.45074956862745097 0.6036141764705882 0.6889658431372548 1.0
0.44890411764705884 0.6011535882352942 0.6869665882352941 1.0
0.44705866666666666 0.598693 0.6849673333333333 1.0
0.44521321568627453 0.5962324117647059 0.6829680784313725 1.0
0.44336776470588235 0.5937718235294118 0.6809688235294117 1.0
0.4415223137254902 0.5913112352941177 0.678969568627451 1.0
0.43967686274509804 0.5888506470588235 0.6769703137254902 1.0
0.4378314117647059 0.5863900588235295 0.6749710588235294 1.0
0.43598596078431373 0.5839294705882353 0.6729718039215686 1.0
0.4341405098039216 0.5814688823529413 0.6709725490196078 1.0
0.4322950588235294 0.5790082941176471 0.668973294117647 1.0
0.43044960784313724 0.5765477058823529 0.6669740392156862 1.0
0.4286041568627451 0.5740871176470589 0.6649747843137255 1.0
0.42675870588235293 0.5716265294117647 0.6629755294117647 1.0
0.42491325490196086 0.5691659411764707 0.660976274509804 1.0
0.4230678039215686 0.5667053529411765 0.6589770196078432 1.0
0.4212223529411765 0.5642447647058824 0.6569777647058823 1.0
0.4193769019607843 0.5617841764705882 0.6549785098039216 1.0
0.4175314509803921 0.5593235882352942 0.6529792549019607 1.0
0.415686 0.556863 0.65098 1.0
0.41368678431372546 0.5542486078431372 0.6489807843137255 1.0
0.411687568627451 0.5516342156862745 0.6469815686274509 1.0
0.40968835294117645 0.5490198235294118 0.6449823529411765 1.0
0.40768913725490197 0.546405431372549 0.642983137254902 1.0
0.40568992156862743 0.5437910392156863 0.6409839215686275 1.0
0.40369070588235295 0.5411766470588235 0.6389847058823529 1.0
0.4016914901960784 0.5385622549019607 0.6369854901960784 1.0
0.39969227450980394 0.5359478627450981 0.6349862745098039 1.0
0.3976930588235294 0.5333334705882353 0.6329870588235295 1.0
0.39569384313725486 0.5307190784313726 0.6309878431372549 1.0
0.39369462745098044 0.5281046862745099 0.6289886274509804 1.0
0.39169541176470585 0.525490294117647 0.6269894117647059 1.0
0.38969619607843137 0.5228759019607844 0.6249901960784313 1.0
0.38769698039215683 0.5202615098039216 0.6229909803921568 1.0
0.38569776470588235 0.5176471176470588 0.6209917647058824 1.0
0.3836985490196078 0.5150327254901961 0.6189925490196079 1.0
0.38169933333333333 0.5124183333333333 0.6169933333333333 1.0
0.3797001176470588 0.5098039411764705 0.6149941176470588 1.0
0.3777009019607843 0.5071895490196079 0.6129949019607843 1.0
0.3757016862745098 0.5045751568627451 0.6109956862745098 1.0
0.37370247058823525 0.5019607647058824 0.6089964705882353 1.0
0.37170325490196077 0.49934637254901965 0.6069972549019608 1.0
0.36970403921568623 0.4967319803921569 0.6049980392156863 1.0
0.36770482352941175 0.49411758823529417 0.6029988235294117 1.0
0.3657056078431372 0.4915031960784314 0.6009996078431372 1.0
0.36362949019607843 0.4885043529411765 0.5987696862745098 1.0
0.36147647058823534 0.4851210588235295 0.5963090588235295 1.0
0.35932345098039215 0.48173776470588237 0.593848431372549 1.0
0.357170431372549 0.4783544705882353 0.5913878039215686 1.0
0.35501741176470586 0.47497117647058823 0.5889271764705882 1.0
0.3528643921568627 0.4715878823529412 0.5864665490196078 1.0
0.35071137254901963 0.4682045882352941 0.5840059215686274 1.0
0.3485583529411765 0.46482129411764705 0.581545294117647 1.0
0.34640533333333334 0.461438 0.5790846666666667 1.0
0.3442523137254902 0.4580547058823529 0.5766240392156863 1.0
0.34209929411764706 0.4546714117647059 0.5741634117647059 1.0
0.33994627450980397 0.4512881176470588 0.5717027843137255 1.0
0.3377932549019608 0.44790482352941174 0.569242156862745 1.0
0.3361015882352941 0.44498288235294114 0.5674736470588235 1.0
0.33456370588235296 0.4422147254901961 0.5659358431372549 1.0
0.3330258235294118 0.43944656862745096 0.5643980392156862 1.0
0.3314879411764706 0.43667841176470584 0.5628602352941177 1.0
0.32995005882352946 0.43391025490196083 0.561322431372549 1.0
0.32841217647058824 0.43114209803921566 0.5597846274509803 1.0
0.32687429411764707 0.4283739411764706 0.5582468235294117 1.0
0.3253364117647059 0.4256057843137255 0.5567090196078431 1.0
0.32379852941176474 0.42283762745098036 0.5551712156862745 1.0
0.32226064705882357 0.4200694705882353 0.5536334117647058 1.0
0.32072276470588235 0.4173013137254902 0.5520956078431372 1.0
0.3191848823529412 0.4145331568627451 0.5505578039215686 1.0
0.317647 0.411765 0.54902 1.0
0.3164167254901961 0.4089968431372549 0.5474821176470588 1.0
0.31518645098039216 0.4062286862745098 0.5459442352941176 1.0
0.31395617647058827 0.4034605294117647 0.5444063529411765 1.0
0.3127259019607843 0.4006923725490196 0.5428684705882353 1.0
0.3114956274509804 0.3979242156862745 0.5413305882352941 1.0
0.31026535294117646 0.3951560588235294 0.539792705882353 1.0
0.30903507843137257 0.3923879019607843 0.5382548235294118 1.0
0.30780480392156867 0.3896197450980393 0.5367169411764706 1.0
0.3065745294117647 0.3868515882352941 0.5351790588235293 1.0
0.30534425490196077 0.384083431372549 0.5336411764705882 1.0
0.30411398039215687 0.3813152745098039 0.532103294117647 1.0
0.3028837058823529 0.37854711764705884 0.5305654117647058 1.0
0.3017303137254902 0.3759327450980392 0.5290275294117647 1.0
0.30080756862745095 0.37377972549019606 0.5274896470588235 1.0
0.29988482352941176 0.3716267058823529 0.5259517647058823 1.0
0.2989620784313725 0.3694736862745098 0.5244138823529412 1.0
0.2980393333333333 0.3673206666666667 0.522876 1.0
0.29711658823529413 0.36516764705882354 0.5213381176470588 1.0
0.2961938431372549 0.3630146274509804 0.5198002352941177 1.0
0.2952710980392157 0.36086160784313726 0.5182623529411765 1.0
0.29434835294117645 0.3587085882352941 0.5167244705882353 1.0
0.29342560784313726 0.35655556862745097 0.5151865882352942 1.0
0.29250286274509807 0.3544025490196078 0.513648705882353 1.0
0.2915801176470589 0.35224952941176474 0.5121108235294118 1.0
0.29065737254901963 0.35009650980392154 0.5105729411764707 1.0
0.28958086274509803 0.3477896862745098 0.5090350588235294 1.0
0.28835058823529414 0.34532905882352943 0.5074971764705882 1.0
0.2871203137254902 0.342868431372549 0.5059592941176471 1.0
0.2858900392156863 0.3404078039215686 0.5044214117647059 1.0
0.28465976470588233 0.33794717647058825 0.5028835294117647 1.0
0.28342949019607844 0.33548654901960784 0.5013456470588236 1.0
0.2821992156862745 0.3330259215686275 0.4998077647058824 1.0
0.2809689411764706 0.33056529411764707 0.49826988235294123 1.0
0.27973866666666664 0.32810466666666666 0.496732 1.0
0.27850839215686274 0.3256440392156863 0.49519411764705884 1.0
0.2772781176470588 0.3231834117647059 0.4936562352941177 1.0
0.2760478431372549 0.3207227843137255 0.4921183529411765 1.0
0.27481756862745094 0.3182621568627451 0.49058047058823534 1.0
0.2733565882352941 0.31580158823529414 0.48835058823529415 1.0
0.27181870588235296 0.31334103921568635 0.48589003921568635 1.0
0.27028082352941174 0.31088049019607844 0.48342949019607845 1.0
0.2687429411764706 0.3084199411764706 0.4809689411764706 1.0
0.2672050588235294 0.30595939215686274 0.47850839215686275 1.0
0.26566717647058824 0.3034988431372549 0.4760478431372549 1.0
0.2641292941176471 0.30103829411764704 0.47358729411764705 1.0
0.2625914117647059 0.29857774509803925 0.47112674509803926 1.0
0.2610535294117647 0.2961171960784314 0.4686661960784314 1.0
0.2595156470588235 0.29365664705882355 0.46620564705882356 1.0
0.25797776470588235 0.2911960980392157 0.4637450980392157 1.0
0.2564398823529412 0.28873554901960785 0.46128454901960786 1.0
0.254902 0.286275 0.458824 1.0
