0.929412 0.996078 1.0 1.0
0.9234143137254902 0.9934636470588235 0.9987696862745098 1.0
0.9174166274509804 0.9908492941176471 0.9975393725490196 1.0
0.9114189411764706 0.9882349411764706 0.9963090588235294 1.0
0.9054212549019608 0.9856205882352941 0.9950787450980392 1.0
0.899423568627451 0.9830062352941177 0.993848431372549 1.0
0.8934258823529412 0.9803918823529412 0.9926181176470589 1.0
0.8874281960784314 0.9777775294117648 0.9913878039215687 1.0
0.8814305098039216 0.9751631764705883 0.9901574901960785 1.0
0.8754328235294118 0.9725488235294117 0.9889271764705883 1.0
0.869435137254902 0.9699344705882353 0.987696862745098 1.0
0.8634374509803922 0.9673201176470588 0.9864665490196078 1.0
0.8574397647058823 0.9647057647058823 0.9852362352941176 1.0
0.8514420784313725 0.9620914117647059 0.9840059215686274 1.0
0.8454443921568627 0.9594770588235294 0.9827756078431372 1.0
0.8394467058823529 0.956862705882353 0.981545294117647 1.0
0.8334490196078431 0.9542483529411765 0.9803149803921569 1.0
0.8274513333333333 0.951634 0.9790846666666667 1.0
0.8214536470588235 0.9490196470588236 0.9778543529411765 1.0
0.8154559607843137 0.9464052941176471 0.9766240392156863 1.0
0.8094582745098039 0.9437909411764706 0.9753937254901961 1.0
0.8034605882352941 0.9411765882352942 0.9741634117647059 1.0
0.7974629019607843 0.9385622352941176 0.9729330980392157 1.0
0.7914652156862745 0.9359478823529412 0.9717027843137255 1.0
0.7854675294117648 0.9333335294117647 0.9704724705882353 1.0
0.7794698431372549 0.9307191764705882 0.9692421568627451 1.0
0.7732414705882353 0.9271051960784313 0.9673198235294118 1.0
0.7667824117647059 0.9224915882352941 0.9647054705882353 1.0
0.7603233529411765 0.9178779803921568 0.9620911176470588 1.0
0.7538642941176471 0.9132643725490196 0.9594767647058824 1.0
0.7474052352941176 0.9086507647058824 0.9568624117647059 1.0
0.7409461764705882 0.9040371568627451 0.9542480588235295 1.0
0.7344871176470589 0.8994235490196079 0.951633705882353 1.0
0.7280280588235295 0.8948099411764706 0.9490193529411765 1.0
0.721569 0.8901963333333334 0.946405 1.0
0.7151099411764706 0.8855827254901961 0.9437906470588235 1.0
0.7086508823529412 0.8809691176470589 0.941176294117647 1.0
0.7021918235294118 0.8763555098039216 0.9385619411764706 1.0
0.6957327647058824 0.8717419019607843 0.9359475882352941 1.0
0.6892737058823529 0.867128294117647 0.9333332352941177 1.0
0.6828146470588236 0.8625146862745098 0.9307188823529412 1.0
0.6763555882352942 0.8579010784313725 0.9281045294117647 1.0
0.6698965294117647 0.8532874705882353 0.9254901764705883 1.0
0.6634374705882353 0.848673862745098 0.9228758235294118 1.0
0.656978411764706 0.8440602549019608 0.9202614705882353 1.0
0.6505193529411766 0.8394466470588235 0.9176471176470589 1.0
0.6440602941176471 0.8348330392156862 0.9150327647058824 1.0
0.6376012352941176 0.8302194313725489 0.9124184117647058 1.0
0.6311421764705882 0.8256058235294117 0.9098040588235294 1.0
0.6246831176470589 0.8209922156862746 0.9071897058823529 1.0
0.6182240588235294 0.8163786078431372 0.9045753529411765 1.0
0.611765 0.811765 0.901961 1.0
0.6077665294117647 0.8077665294117646 0.8999617450980393 1.0
0.6037680588235295 0.8037680588235294 0.8979624901960784 1.0
0.5997695882352941 0.7997695882352941 0.8959632352941177 1.0
0.5957711176470588 0.7957711176470588 0.8939639803921569 1.0
0.5917726470588235 0.7917726470588234 0.8919647254901961 1.0
0.5877741764705883 0.7877741764705882 0.8899654705882353 1.0
0.583775705882353 0.7837757058823529 0.8879662156862745 1.0
0.5797772352941176 0.7797772352941176 0.8859669607843137 1.0
0.5757787647058824 0.7757787647058824 0.883967705882353 1.0
0.5717802941176471 0.771780294117647 0.8819684509803921 1.0
0.5677818235294118 0.7677818235294117 0.8799691960784314 1.0
0.5637833529411765 0.7637833529411765 0.8779699411764705 1.0
0.5597848823529412 0.7597848823529412 0.8759706862745098 1.0
0.5557864117647059 0.7557864117647058 0.873971431372549 1.0
0.5517879411764707 0.7517879411764706 0.8719721764705882 1.0
0.5477894705882353 0.7477894705882353 0.8699729215686274 1.0
0.543791 0.743791 0.8679736666666666 1.0
0.5397925294117647 0.7397925294117647 0.8659744117647059 1.0
0.5357940588235295 0.7357940588235294 0.8639751568627451 1.0
0.5317955882352942 0.7317955882352941 0.8619759019607843 1.0
0.5277971176470588 0.7277971176470588 0.8599766470588235 1.0
0.5237986470588235 0.7237986470588235 0.8579773921568628 1.0
0.5198001764705883 0.7198001764705882 0.8559781372549019 1.0
0.515801705882353 0.7158017058823529 0.8539788823529412 1.0
0.5118032352941176 0.7118032352941176 0.8519796274509803 1.0
0.508266137254902 0.7079585490196079 0.8499803921568627 1.0
0.5051904117647059 0.7042676470588235 0.8479811764705882 1.0
0.5021146862745098 0.7005767450980392 0.8459819607843136 1.0
0.49903896078431376 0.6968858431372549 0.8439827450980392 1.0
0.4959632352941177 0.6931949411764706 0.8419835294117647 1.0
0.49288750980392165 0.6895040392156863 0.8399843137254902 1.0
0.4898117843137255 0.6858131372549019 0.8379850980392156 1.0
0.48673605882352944 0.6821222352941176 0.8359858823529411 1.0
0.48366033333333336 0.6784313333333333 0.8339866666666667 1.0
0.4805846078431373 0.674740431372549 0.8319874509803922 1.0
0.4775088823529412 0.6710495294117647 0.8299882352941177 1.0
0.4744331568627451 0.6673586274509804 0.8279890196078431 1.0
0.47135743137254904 0.663667725490196 0.8259898039215686 1.0
0.468281705882353 0.6599768235294118 0.8239905882352941 1.0
0.4652059803921569 0.6562859215686274 0.8219913725490197 1.0
0.4621302549019608 0.6525950196078432 0.8199921568627451 1.0
0.4590545294117647 0.6489041176470588 0.8179929411764706 1.0
0.45597880392156864 0.6452132156862744 0.8159937254901961 1.0
0.45290307843137256 0.6415223137254902 0.8139945098039216 1.0
0.4498273529411765 0.6378314117647058 0.811995294117647 1.0
0.4467516274509804 0.6341405098039216 0.8099960784313726 1.0
0.4436759019607844 0.6304496078431373 0.8079968627450981 1.0
0.44060017647058825 0.6267587058823529 0.8059976470588236 1.0
0.43752445098039217 0.6230678039215686 0.803998431372549 1.0
0.4344487254901961 0.6193769019607842 0.8019992156862745 1.0
0.431373 0.615686 0.8 1.0
0.42798966666666666 0.6116875294117646 0.7980007843137256 1.0
0.42460633333333336 0.6076890588235294 0.796001568627451 1.0
0.421223 0.6036905882352941 0.7940023529411765 1.0
0.4178396666666667 0.5996921176470589 0.792003137254902 1.0
0.4144563333333333 0.5956936470588234 0.7900039215686275 1.0
0.411073 0.5916951764705882 0.7880047058823529 1.0
0.4076896666666667 0.5876967058823529 0.7860054901960785 1.0
0.4043063333333333 0.5836982352941176 0.784006274509804 1.0
0.40092300000000003 0.5796997647058824 0.7820070588235295 1.0
0.3975396666666667 0.575701294117647 0.7800078431372549 1.0
0.39415633333333333 0.5717028235294117 0.7780086274509804 1.0
0.39077300000000004 0.5677043529411765 0.776009411764706 1.0
0.3873896666666667 0.5637058823529412 0.7740101960784314 1.0
0.38400633333333334 0.5597074117647058 0.7720109803921569 1.0
0.380623 0.5557089411764705 0.7700117647058824 1.0
0.3772396666666667 0.5517104705882353 0.7680125490196079 1.0
0.37385633333333335 0.547712 0.7660133333333333 1.0
0.370473 0.5437135294117647 0.7640141176470588 1.0
0.36708966666666665 0.5397150588235294 0.7620149019607844 1.0
0.3637063333333334 0.5357165882352941 0.7600156862745099 1.0
0.360323 0.5317181176470588 0.7580164705882353 1.0
0.35693966666666666 0.5277196470588235 0.7560172549019608 1.0
0.35355633333333336 0.5237211764705882 0.7540180392156863 1.0
0.350173 0.5197227058823529 0.7520188235294117 1.0
0.34678966666666666 0.5157242352941176 0.7500196078431373 1.0
0.34386770588235294 0.5120333529411765 0.7482510588235294 1.0
0.34140711764705883 0.5086500588235294 0.7467131764705882 1.0
0.33894652941176473 0.5052667647058824 0.745175294117647 1.0
0.3364859411764706 0.5018834705882352 0.7436374117647059 1.0
0.3340253529411766 0.4985001764705883 0.7420995294117647 1.0
0.33156476470588236 0.49511688235294116 0.7405616470588235 1.0
0.32910417647058826 0.4917335882352941 0.7390237647058824 1.0
0.32664358823529416 0.4883502941176471 0.7374858823529412 1.0
0.324183 0.484967 0.735948 1.0
0.3217224117647059 0.48158370588235294 0.7344101176470589 1.0
0.3192618235294118 0.4782004117647059 0.7328722352941176 1.0
0.3168012352941177 0.4748171176470588 0.7313343529411764 1.0
0.31434064705882353 0.47143382352941177 0.7297964705882353 1.0
0.3118800588235294 0.4680505294117647 0.7282585882352941 1.0
0.3094194705882353 0.4646672352941177 0.7267207058823529 1.0
0.3069588823529412 0.4612839411764706 0.7251828235294118 1.0
0.30449829411764706 0.45790064705882355 0.7236449411764706 1.0
0.30203770588235296 0.45451735294117646 0.7221070588235294 1.0
0.29957711764705885 0.4511340588235294 0.7205691764705883 1.0
0.29711652941176475 0.4477507647058824 0.7190312941176471 1.0
0.29465594117647065 0.4443674705882354 0.7174934117647059 1.0
0.2921953529411765 0.44098417647058824 0.7159555294117647 1.0
0.2897347647058824 0.4376008823529412 0.7144176470588235 1.0
0.2872741764705883 0.43421758823529416 0.7128797647058823 1.0
0.2848135882352941 0.43083429411764707 0.7113418823529412 1.0
0.282353 0.427451 0.709804 1.0
0.2801999803921569 0.4239139019607843 0.7082661176470588 1.0
0.27804696078431373 0.4203768039215687 0.7067282352941177 1.0
0.2758939411764706 0.416839705882353 0.7051903529411765 1.0
0.27374092156862745 0.41330260784313727 0.7036524705882353 1.0
0.2715879019607843 0.40976550980392157 0.7021145882352942 1.0
0.26943488235294116 0.4062284117647059 0.7005767058823529 1.0
0.2672818627450981 0.4026913137254902 0.6990388235294117 1.0
0.26512884313725493 0.3991542156862745 0.6975009411764705 1.0
0.2629758235294118 0.39561711764705887 0.6959630588235294 1.0
0.26082280392156865 0.39208001960784317 0.6944251764705882 1.0
0.25866978431372556 0.3885429215686276 0.692887294117647 1.0
0.25651676470588236 0.3850058235294118 0.6913494117647059 1.0
0.2543637450980392 0.3814687254901961 0.6898115294117647 1.0
0.2522107254901961 0.3779316274509804 0.6882736470588235 1.0
0.25005770588235293 0.3743945294117647 0.6867357647058824 1.0
0.2479046862745098 0.37085743137254906 0.6851978823529411 1.0
0.24575166666666667 0.36732033333333336 0.6836599999999999 1.0
0.24359864705882353 0.36378323529411766 0.6821221176470588 1.0
0.2414456274509804 0.36024613725490195 0.6805842352941176 1.0
0.23929260784313724 0.3567090392156863 0.6790463529411764 1.0
0.2371395882352941 0.3531719411764706 0.6775084705882353 1.0
0.23498656862745096 0.3496348431372549 0.6759705882352941 1.0
0.23283354901960784 0.34609774509803926 0.6744327058823529 1.0
0.2306805294117647 0.34256064705882355 0.6728948235294118 1.0
0.22852750980392156 0.33902354901960785 0.6713569411764706 1.0
0.22645139215686272 0.33525576470588236 0.6698190784313726 1.0
0.22445217647058827 0.3312572941176472 0.6682812352941176 1.0
0.2224529607843137 0.32725882352941177 0.6667433921568627 1.0
0.2204537450980392 0.3232603529411765 0.6652055490196078 1.0
0.2184545294117647 0.3192618823529412 0.6636677058823529 1.0
0.21645531372549018 0.3152634117647059 0.662129862745098 1.0
0.21445609803921567 0.31126494117647063 0.6605920196078431 1.0
0.21245688235294116 0.3072664705882353 0.6590541764705882 1.0
0.21045766666666665 0.30326800000000004 0.6575163333333333 1.0
0.20845845098039215 0.2992695294117647 0.6559784901960783 1.0
0.20645923529411764 0.29527105882352944 0.6544406470588235 1.0
0.20446001960784313 0.2912725882352941 0.6529028039215686 1.0
0.20246080392156862 0.28727411764705885 0.6513649607843137 1.0
0.2004615882352941 0.2832756470588235 0.6498271176470588 1.0
0.1984623725490196 0.27927717647058825 0.6482892745098039 1.0
0.1964631568627451 0.275278705882353 0.646751431372549 1.0
0.1944639411764706 0.27128023529411766 0.6452135882352941 1.0
0.1924647254901961 0.2672817647058825 0.6436757450980393 1.0
0.19046550980392157 0.26328329411764706 0.6421379019607842 1.0
0.18846629411764704 0.2592848235294118 0.6406000588235293 1.0
0.18646707843137253 0.25528635294117646 0.6390622156862744 1.0
0.18446786274509802 0.2512878823529412 0.6375243725490196 1.0
0.1824686470588235 0.2472894117647059 0.6359865294117647 1.0
0.180469431372549 0.2432909411764706 0.6344486862745098 1.0
0.1784702156862745 0.2392924705882353 0.6329108431372549 1.0
0.176471 0.235294 0.631373 1.0
0.1744717450980392 0.2312955294117647 0.6289123725490195 1.0
0.1724724901960784 0.2272970588235294 0.6264517450980391 1.0
0.17047323529411765 0.2232985882352941 0.6239911176470588 1.0
0.16847398039215686 0.2193001176470588 0.6215304901960784 1.0
0.16647472549019607 0.21530164705882354 0.619069862745098 1.0
0.16447547058823528 0.21130317647058824 0.6166092352941176 1.0
0.1624762156862745 0.20730470588235295 0.6141486078431372 1.0
0.16047696078431378 0.20330623529411776 0.6116879803921569 1.0
0.15847770588235294 0.19930776470588235 0.6092273529411765 1.0
0.15647845098039215 0.19530929411764708 0.6067667254901961 1.0
0.15447919607843136 0.19131082352941176 0.6043060980392156 1.0
0.15247994117647057 0.18731235294117649 0.6018454705882352 1.0
0.1504806862745098 0.1833138823529412 0.5993848431372549 1.0
0.14848143137254902 0.1793154117647059 0.5969242156862745 1.0
0.14648217647058823 0.1753169411764706 0.5944635882352941 1.0
0.14448292156862744 0.1713184705882353 0.5920029607843137 1.0
0.14248366666666668 0.16732000000000002 0.5895423333333333 1.0
0.14048441176470589 0.1633215294117647 0.587081705882353 1.0
0.1384851568627451 0.15932305882352943 0.5846210784313726 1.0
0.1364859019607843 0.15532458823529413 0.5821604509803922 1.0
0.13448664705882352 0.15132611764705883 0.5796998235294117 1.0
0.13248739215686273 0.14732764705882354 0.5772391960784313 1.0
0.13048813725490194 0.14332917647058824 0.5747785686274509 1.0
0.12848888235294123 0.13933070588235308 0.5723179411764706 1.0
0.12648962745098039 0.13533223529411764 0.5698573137254902 1.0
0.1257206862745098 0.13279474509803924 0.567704294117647 1.0
0.1261820588235294 0.13171823529411766 0.5658588823529411 1.0
0.12664343137254902 0.1306417254901961 0.5640134705882353 1.0
0.12710480392156862 0.12956521568627452 0.5621680588235294 1.0
0.12756617647058824 0.12848870588235295 0.5603226470588235 1.0
0.12802754901960783 0.12741219607843138 0.5584772352941176 1.0
0.12848892156862743 0.1263356862745098 0.5566318235294118 1.0
0.12895029411764705 0.12525917647058823 0.5547864117647059 1.0
0.12941166666666665 0.12418266666666668 0.552941 1.0
0.12987303921568627 0.1231061568627451 0.5510955882352941 1.0
0.13033441176470587 0.12202964705882353 0.5492501764705882 1.0
0.1307957843137255 0.12095313725490196 0.5474047647058823 1.0
0.13125715686274508 0.1198766274509804 0.5455593529411764 1.0
0.1317185294117647 0.11880011764705883 0.5437139411764705 1.0
0.1321799019607843 0.11772360784313729 0.5418685294117648 1.0
0.1326412745098039 0.11664709803921569 0.5400231176470588 1.0
0.13310264705882352 0.11557058823529412 0.5381777058823529 1.0
0.13356401960784312 0.11449407843137255 0.536332294117647 1.0
0.13402539215686274 0.11341756862745099 0.5344868823529412 1.0
0.13448676470588233 0.11234105882352942 0.5326414705882353 1.0
0.13494813725490196 0.11126454901960785 0.5307960588235294 1.0
0.13540950980392155 0.11018803921568628 0.5289506470588234 1.0
0.13587088235294117 0.10911152941176472 0.5271052352941176 1.0
0.13633225490196077 0.10803501960784315 0.5252598235294117 1.0
0.1367936274509804 0.10695850980392158 0.5234144117647058 1.0
0.137255 0.105882 0.521569 1.0
