0.792157 0.878431 0.866667 1.0
0.7884660980392156 0.8773544901960784 0.868820019607843 1.0
0.7847751960784314 0.8762779803921569 0.8709730392156863 1.0
0.781084294117647 0.8752014705882353 0.8731260588235293 1.0
0.7773933921568628 0.8741249607843137 0.8752790784313725 1.0
0.7737024901960784 0.8730484509803921 0.8774320980392156 1.0
0.7700115882352941 0.8719719411764706 0.8795851176470588 1.0
0.7663206862745098 0.870895431372549 0.8817381372549019 1.0
0.7626297843137255 0.8698189215686274 0.8838911568627451 1.0
0.7589388823529412 0.8687424117647058 0.8860441764705882 1.0
0.7552479803921568 0.8676659019607843 0.8881971960784314 1.0
0.7515570784313725 0.8665893921568627 0.8903502156862745 1.0
0.7478661764705882 0.8655128823529411 0.8925032352941176 1.0
0.7441752745098039 0.8644363725490196 0.8946562549019608 1.0
0.7404843725490196 0.863359862745098 0.8968092745098039 1.0
0.7367934705882353 0.8622833529411764 0.898962294117647 1.0
0.7331025686274509 0.8612068431372548 0.9011153137254901 1.0
0.7294116666666667 0.8601303333333333 0.9032683333333333 1.0
0.7257207647058823 0.8590538235294117 0.9054213529411764 1.0
0.7220298627450981 0.8579773137254901 0.9075743725490196 1.0
0.7183389607843137 0.8569008039215686 0.9097273921568627 1.0
0.7146480588235293 0.855824294117647 0.9118804117647058 1.0
0.7109571568627451 0.8547477843137254 0.914033431372549 1.0
0.7072662549019607 0.8536712745098038 0.9161864509803921 1.0
0.7035753529411765 0.8525947647058824 0.9183394705882353 1.0
0.6998844509803921 0.8515182549019608 0.9204924901960784 1.0
0.6965011372549019 0.8502110784313726 0.9219534509803922 1.0
0.6934254117647058 0.8486732352941176 0.9227223529411764 1.0
0.6903496862745098 0.8471353921568627 0.9234912549019607 1.0
0.6872739607843137 0.8455975490196078 0.9242601568627451 1.0
0.6841982352941176 0.8440597058823529 0.9250290588235294 1.0
0.6811225098039215 0.842521862745098 0.9257979607843138 1.0
0.6780467843137254 0.8409840196078431 0.926566862745098 1.0
0.6749710588235294 0.8394461764705882 0.9273357647058823 1.0
0.6718953333333333 0.8379083333333333 0.9281046666666667 1.0
0.6688196078431372 0.8363704901960783 0.928873568627451 1.0
0.6657438823529411 0.8348326470588235 0.9296424705882352 1.0
0.6626681568627452 0.8332948039215686 0.9304113725490196 1.0
0.659592431372549 0.8317569607843137 0.9311802745098039 1.0
0.6565167058823529 0.8302191176470588 0.9319491764705883 1.0
0.6534409803921569 0.8286812745098039 0.9327180784313726 1.0
0.6503652549019608 0.827143431372549 0.9334869803921568 1.0
0.6472895294117648 0.8256055882352941 0.9342558823529412 1.0
0.6442138039215687 0.8240677450980392 0.9350247843137255 1.0
0.6411380784313726 0.8225299019607842 0.9357936862745098 1.0
0.6380623529411765 0.8209920588235293 0.9365625882352941 1.0
0.6349866274509804 0.8194542156862745 0.9373314901960784 1.0
0.6319109019607844 0.8179163725490196 0.9381003921568627 1.0
0.6288351764705883 0.8163785294117647 0.9388692941176471 1.0
0.6257594509803922 0.8148406862745098 0.9396381960784314 1.0
0.6226837254901961 0.8133028431372549 0.9404070980392157 1.0
0.619608 0.811765 0.941176 1.0
0.6163784705882354 0.8100733137254902 0.9419449411764707 1.0
0.6131489411764707 0.8083816274509804 0.9427138823529412 1.0
0.6099194117647059 0.8066899411764705 0.9434828235294118 1.0
0.6066898823529412 0.8049982549019608 0.9442517647058823 1.0
0.6034603529411765 0.803306568627451 0.945020705882353 1.0
0.6002308235294118 0.8016148823529411 0.9457896470588235 1.0
0.5970012941176471 0.7999231960784313 0.9465585882352942 1.0
0.5937717647058824 0.7982315098039215 0.9473275294117647 1.0
0.5905422352941176 0.7965398235294118 0.9480964705882353 1.0
0.587312705882353 0.7948481372549019 0.9488654117647058 1.0
0.5840831764705883 0.7931564509803921 0.9496343529411765 1.0
0.5808536470588236 0.7914647647058823 0.950403294117647 1.0
0.5776241176470589 0.7897730784313725 0.9511722352941177 1.0
0.5743945882352941 0.7880813921568627 0.9519411764705882 1.0
0.5711650588235295 0.7863897058823529 0.9527101176470588 1.0
0.5679355294117647 0.7846980196078431 0.9534790588235293 1.0
0.564706 0.7830063333333332 0.954248 1.0
0.5614764705882354 0.7813146470588235 0.9550169411764706 1.0
0.5582469411764707 0.7796229607843137 0.9557858823529412 1.0
0.555017411764706 0.7779312745098039 0.9565548235294118 1.0
0.5517878823529412 0.776239588235294 0.9573237647058823 1.0
0.5485583529411765 0.7745479019607843 0.958092705882353 1.0
0.5453288235294118 0.7728562156862745 0.9588616470588235 1.0
0.5420992941176471 0.7711645294117646 0.9596305882352941 1.0
0.5388697647058824 0.7694728431372548 0.9603995294117647 1.0
0.536024705882353 0.7673967058823529 0.9605533333333333 1.0
0.5335641176470589 0.7649361176470588 0.960092 1.0
0.5311035294117648 0.7624755294117647 0.9596306666666666 1.0
0.5286429411764706 0.7600149411764705 0.9591693333333333 1.0
0.5261823529411765 0.7575543529411765 0.958708 1.0
0.5237217647058824 0.7550937647058823 0.9582466666666667 1.0
0.5212611764705882 0.7526331764705882 0.9577853333333333 1.0
0.5188005882352942 0.7501725882352941 0.957324 1.0
0.51634 0.7477119999999999 0.9568626666666666 1.0
0.5138794117647059 0.7452514117647059 0.9564013333333333 1.0
0.5114188235294118 0.7427908235294117 0.95594 1.0
0.5089582352941177 0.7403302352941177 0.9554786666666666 1.0
0.5064976470588235 0.7378696470588235 0.9550173333333333 1.0
0.5040370588235294 0.7354090588235295 0.954556 1.0
0.5015764705882353 0.7329484705882353 0.9540946666666666 1.0
0.4991158823529412 0.7304878823529412 0.9536333333333333 1.0
0.4966552941176471 0.728027294117647 0.953172 1.0
0.4941947058823529 0.725566705882353 0.9527106666666666 1.0
0.4917341176470588 0.7231061176470588 0.9522493333333333 1.0
0.4892735294117647 0.7206455294117647 0.951788 1.0
0.48681294117647056 0.7181849411764706 0.9513266666666667 1.0
0.4843523529411765 0.7157243529411765 0.9508653333333333 1.0
0.48189176470588235 0.7132637647058824 0.950404 1.0
0.47943117647058825 0.7108031764705882 0.9499426666666666 1.0
0.4769705882352941 0.7083425882352942 0.9494813333333333 1.0
0.47451 0.705882 0.94902 1.0
0.47281835294117647 0.7037289803921569 0.9487123921568628 1.0
0.47112670588235295 0.7015759607843137 0.9484047843137254 1.0
0.4694350588235294 0.6994229411764706 0.9480971764705882 1.0
0.4677434117647059 0.6972699215686274 0.947789568627451 1.0
0.46605176470588233 0.6951169019607844 0.9474819607843137 1.0
0.4643601176470588 0.6929638823529412 0.9471743529411765 1.0
0.4626684705882353 0.6908108627450981 0.9468667450980393 1.0
0.46097682352941177 0.6886578431372549 0.9465591372549019 1.0
0.45928517647058825 0.6865048235294118 0.9462515294117647 1.0
0.4575935294117647 0.6843518039215686 0.9459439215686274 1.0
0.45590188235294116 0.6821987843137255 0.9456363137254902 1.0
0.4542102352941177 0.6800457647058824 0.945328705882353 1.0
0.4525185882352941 0.6778927450980392 0.9450210980392156 1.0
0.4508269411764706 0.6757397254901961 0.9447134901960784 1.0
0.4491352941176471 0.6735867058823529 0.9444058823529412 1.0
0.44744364705882356 0.6714336862745098 0.9440982745098039 1.0
0.445752 0.6692806666666666 0.9437906666666667 1.0
0.44406035294117646 0.6671276470588235 0.9434830588235295 1.0
0.44236870588235294 0.6649746274509803 0.9431754509803921 1.0
0.4406770588235294 0.6628216078431373 0.9428678431372549 1.0
0.4389854117647059 0.6606685882352942 0.9425602352941177 1.0
0.4372937647058823 0.658515568627451 0.9422526274509804 1.0
0.4356021176470588 0.6563625490196079 0.9419450196078432 1.0
0.4339104705882353 0.6542095294117647 0.941637411764706 1.0
0.43221882352941177 0.6520565098039216 0.9413298039215686 1.0
0.4306040588235294 0.6497497058823529 0.9409453333333333 1.0
0.42906617647058826 0.6472891176470589 0.940484 1.0
0.4275282941176471 0.6448285294117647 0.9400226666666667 1.0
0.42599041176470587 0.6423679411764706 0.9395613333333334 1.0
0.42445252941176476 0.6399073529411765 0.9391 1.0
0.42291464705882353 0.6374467647058824 0.9386386666666667 1.0
0.42137676470588237 0.6349861764705882 0.9381773333333333 1.0
0.4198388823529412 0.6325255882352941 0.937716 1.0
0.418301 0.630065 0.9372546666666667 1.0
0.4167631176470588 0.6276044117647058 0.9367933333333334 1.0
0.41522523529411764 0.6251438235294118 0.936332 1.0
0.4136873529411765 0.6226832352941176 0.9358706666666666 1.0
0.4121494705882353 0.6202226470588235 0.9354093333333333 1.0
0.4106115882352941 0.6177620588235294 0.934948 1.0
0.4090737058823529 0.6153014705882353 0.9344866666666667 1.0
0.40753582352941176 0.6128408823529412 0.9340253333333334 1.0
0.4059979411764706 0.610380294117647 0.9335640000000001 1.0
0.4044600588235294 0.6079197058823529 0.9331026666666666 1.0
0.4029221764705882 0.6054591176470588 0.9326413333333333 1.0
0.40138429411764703 0.6029985294117647 0.93218 1.0
0.3998464117647059 0.6005379411764706 0.9317186666666667 1.0
0.3983085294117647 0.5980773529411765 0.9312573333333334 1.0
0.39677064705882353 0.5956167647058823 0.9307960000000001 1.0
0.3952327647058823 0.5931561764705882 0.9303346666666666 1.0
0.39369488235294114 0.5906955882352941 0.9298733333333333 1.0
0.392157 0.588235 0.929412 1.0
0.3912342549019608 0.5863895490196078 0.9291044313725491 1.0
0.39031150980392154 0.5845440980392156 0.9287968627450981 1.0
0.38938876470588235 0.5826986470588235 0.928489294117647 1.0
0.3884660196078431 0.5808531960784313 0.9281817254901961 1.0
0.3875432745098039 0.5790077450980392 0.9278741568627451 1.0
0.38662052941176467 0.577162294117647 0.9275665882352941 1.0
0.3856977843137255 0.5753168431372548 0.9272590196078432 1.0
0.38477503921568623 0.5734713921568627 0.9269514509803921 1.0
0.38385229411764704 0.5716259411764706 0.9266438823529412 1.0
0.38292954901960785 0.5697804901960783 0.9263363137254902 1.0
0.3820068039215686 0.5679350392156863 0.9260287450980392 1.0
0.3810840588235294 0.5660895882352941 0.9257211764705883 1.0
0.38016131372549017 0.564244137254902 0.9254136078431372 1.0
0.379238568627451 0.5623986862745097 0.9251060392156862 1.0
0.37831582352941173 0.5605532352941176 0.9247984705882353 1.0
0.37739307843137254 0.5587077843137255 0.9244909019607843 1.0
0.3764703333333333 0.5568623333333333 0.9241833333333334 1.0
0.3755475882352941 0.5550168823529411 0.9238757647058823 1.0
0.37462484313725486 0.553171431372549 0.9235681960784313 1.0
0.37370209803921567 0.5513259803921569 0.9232606274509804 1.0
0.3727793529411765 0.5494805294117647 0.9229530588235294 1.0
0.37185660784313723 0.5476350784313725 0.9226454901960784 1.0
0.37093386274509804 0.5457896274509804 0.9223379215686274 1.0
0.3700111176470588 0.5439441764705882 0.9220303529411764 1.0
0.3690883725490196 0.5420987254901961 0.9217227843137255 1.0
0.3681656470588235 0.5400995098039215 0.9213383137254901 1.0
0.3672429411764706 0.5379465294117648 0.9208769411764706 1.0
0.3663202352941176 0.5357935490196079 0.920415568627451 1.0
0.3653975294117647 0.533640568627451 0.9199541960784313 1.0
0.36447482352941174 0.5314875882352941 0.9194928235294118 1.0
0.3635521176470588 0.5293346078431372 0.9190314509803921 1.0
0.36262941176470587 0.5271816274509804 0.9185700784313725 1.0
0.36170670588235293 0.5250286470588236 0.9181087058823529 1.0
0.360784 0.5228756666666666 0.9176473333333333 1.0
0.35986129411764706 0.5207226862745098 0.9171859607843137 1.0
0.3589385882352941 0.518569705882353 0.9167245882352941 1.0
0.3580158823529412 0.5164167254901961 0.9162632156862744 1.0
0.35709317647058825 0.5142637450980392 0.9158018431372549 1.0
0.3561704705882353 0.5121107647058823 0.9153404705882352 1.0
0.3552477647058824 0.5099577843137255 0.9148790980392156 1.0
0.35432505882352944 0.5078048039215687 0.9144177254901961 1.0
0.3534023529411765 0.5056518235294117 0.9139563529411764 1.0
0.35247964705882356 0.503498843137255 0.9134949803921568 1.0
0.35155694117647057 0.5013458627450981 0.9130336078431373 1.0
0.35063423529411764 0.4991928823529412 0.9125722352941176 1.0
0.3497115294117647 0.4970399019607843 0.912110862745098 1.0
0.34878882352941176 0.49488692156862746 0.9116494901960783 1.0
0.3478661176470588 0.4927339411764706 0.9111881176470588 1.0
0.3469434117647059 0.49058096078431374 0.9107267450980392 1.0
0.34602070588235295 0.48842798039215685 0.9102653725490195 1.0
0.345098 0.486275 0.909804 1.0
0.3441752941176471 0.4850446862745098 0.9090350588235293 1.0
0.34325258823529414 0.4838143725490196 0.9082661176470588 1.0
0.3423298823529412 0.4825840588235294 0.9074971764705881 1.0
0.34140717647058827 0.48135374509803924 0.9067282352941176 1.0
0.34048447058823533 0.48012343137254904 0.905959294117647 1.0
0.33956176470588234 0.47889311764705883 0.9051903529411764 1.0
0.3386390588235294 0.4776628039215686 0.9044214117647058 1.0
0.3377163529411765 0.4764324901960785 0.9036524705882353 1.0
0.33679364705882353 0.4752021764705882 0.9028835294117646 1.0
0.3358709411764706 0.47397186274509806 0.9021145882352941 1.0
0.33494823529411766 0.47274154901960785 0.9013456470588235 1.0
0.3340255294117647 0.47151123529411765 0.900576705882353 1.0
0.3331028235294118 0.47028092156862744 0.8998077647058823 1.0
0.33218011764705885 0.46905060784313723 0.8990388235294118 1.0
0.3312574117647059 0.46782029411764703 0.8982698823529411 1.0
0.3303347058823529 0.4665899803921568 0.8975009411764706 1.0
0.329412 0.46535966666666667 0.896732 1.0
0.32848929411764705 0.46412935294117647 0.8959630588235293 1.0
0.3275665882352941 0.46289903921568626 0.8951941176470588 1.0
0.3266438823529412 0.46166872549019605 0.8944251764705882 1.0
0.32572117647058824 0.46043841176470585 0.8936562352941176 1.0
0.3247984705882353 0.45920809803921564 0.892887294117647 1.0
0.32387576470588236 0.4579777843137255 0.8921183529411765 1.0
0.3229530588235294 0.4567474705882353 0.8913494117647058 1.0
0.3220303529411765 0.4555171568627451 0.8905804705882353 1.0
0.3208000588235294 0.45336413725490193 0.8894270588235293 1.0
0.31926217647058824 0.45028841176470585 0.8878891764705882 1.0
0.3177242941176471 0.4472126862745098 0.886351294117647 1.0
0.31618641176470585 0.4441369607843137 0.8848134117647058 1.0
0.3146485294117647 0.4410612352941176 0.8832755294117647 1.0
0.3131106470588235 0.43798550980392154 0.8817376470588235 1.0
0.31157276470588235 0.43490978431372546 0.8801997647058823 1.0
0.3100348823529412 0.4318340588235294 0.8786618823529412 1.0
0.308497 0.4287583333333333 0.877124 1.0
0.30695911764705885 0.4256826078431372 0.8755861176470588 1.0
0.30542123529411763 0.4226068823529412 0.8740482352941176 1.0
0.30388335294117647 0.4195311568627451 0.8725103529411764 1.0
0.3023454705882353 0.41645543137254903 0.8709724705882352 1.0
0.30080758823529413 0.41337970588235295 0.8694345882352941 1.0
0.299269705882353 0.41030398039215693 0.8678967058823529 1.0
0.2977318235294118 0.4072282549019608 0.8663588235294117 1.0
0.2961939411764706 0.4041525294117647 0.8648209411764706 1.0
0.2946560588235294 0.40107680392156864 0.8632830588235294 1.0
0.29311817647058824 0.39800107843137256 0.8617451764705882 1.0
0.2915802941176471 0.3949253529411765 0.8602072941176471 1.0
0.2900424117647059 0.3918496274509804 0.8586694117647058 1.0
0.28850452941176474 0.3887739019607843 0.8571315294117646 1.0
0.2869666470588236 0.38569817647058824 0.8555936470588235 1.0
0.28542876470588235 0.38262245098039216 0.8540557647058823 1.0
0.2838908823529412 0.3795467254901961 0.8525178823529411 1.0
0.282353 0.376471 0.85098 1.0
