0.729412 0.819608 0.968627 1.0
0.7250142053387315 0.8159610730132107 0.9673398686060891 1.0
0.720616410677463 0.8123141460264215 0.9660527372121781 1.0
0.7162186160161945 0.8086672190396322 0.9647656058182672 1.0
0.7118208213549261 0.805020292052843 0.9634784744243562 1.0
0.7074230266936576 0.8013733650660537 0.9621913430304453 1.0
0.7030252320323891 0.7977264380792645 0.9609042116365343 1.0
0.6986274373711207 0.7940795110924752 0.9596170802426234 1.0
0.6942296427098522 0.7904325841056861 0.9583299488487125 1.0
0.6898318480485837 0.7867856571188968 0.9570428174548015 1.0
0.6854340533873152 0.7831387301321076 0.9557556860608906 1.0
0.6810362587260468 0.7794918031453183 0.9544685546669796 1.0
0.6766384640647783 0.775844876158529 0.9531814232730687 1.0
0.6722406694035098 0.7721979491717398 0.9518942918791576 1.0
0.6678428747422414 0.7685510221849505 0.9506071604852467 1.0
0.6634450800809729 0.7649040951981613 0.9493200290913357 1.0
0.6590472854197045 0.761257168211372 0.9480328976974248 1.0
0.6546494907584359 0.7576102412245828 0.9467457663035139 1.0
0.6502516960971675 0.7539633142377935 0.9454586349096029 1.0
0.645853901435899 0.7503163872510042 0.944171503515692 1.0
0.6414561067746305 0.746669460264215 0.942884372121781 1.0
0.6370583121133621 0.7430225332774258 0.9415972407278701 1.0
0.6326605174520936 0.7393756062906365 0.9403101093339591 1.0
0.6282627227908251 0.7357286793038473 0.9390229779400482 1.0
0.6238649281295566 0.7320817523170581 0.9377358465461373 1.0
0.6194671334682882 0.7284348253302688 0.9364487151522263 1.0
0.6150693388070197 0.7247878983434796 0.9351615837583154 1.0
0.6106715441457512 0.7211409713566903 0.9338744523644044 1.0
0.6062737494844828 0.717494044369901 0.9325873209704935 1.0
0.6018759548232143 0.7138471173831118 0.9313001895765824 1.0
0.5974781601619459 0.7102001903963225 0.9300130581826715 1.0
0.5930803655006773 0.7065532634095333 0.9287259267887606 1.0
0.5886825708394089 0.702906336422744 0.9274387953948496 1.0
0.5842847761781405 0.6992594094359548 0.9261516640009387 1.0
0.5798869815168719 0.6956124824491655 0.9248645326070277 1.0
0.5754891868556035 0.6919655554623763 0.9235774012131168 1.0
0.571091392194335 0.6883186284755871 0.9222902698192058 1.0
0.5676683771171862 0.6847172320861491 0.9212694274844814 1.0
0.56548785512639 0.6811738708190589 0.9205880078463344 1.0
0.5633073331355938 0.6776305095519687 0.9199065882081874 1.0
0.5611268111447975 0.6740871482848784 0.9192251685700404 1.0
0.5589462891540012 0.6705437870177882 0.9185437489318935 1.0
0.556765767163205 0.667000425750698 0.9178623292937464 1.0
0.5545852451724087 0.6634570644836078 0.9171809096555995 1.0
0.5524047231816125 0.6599137032165175 0.9164994900174525 1.0
0.5502242011908163 0.6563703419494273 0.9158180703793055 1.0
0.5480436792000201 0.652826980682337 0.9151366507411585 1.0
0.5458631572092237 0.6492836194152468 0.9144552311030115 1.0
0.5436826352184275 0.6457402581481566 0.9137738114648646 1.0
0.5415021132276313 0.6421968968810664 0.9130923918267175 1.0
0.539321591236835 0.6386535356139762 0.9124109721885706 1.0
0.5371410692460388 0.6351101743468859 0.9117295525504235 1.0
0.5349605472552426 0.6315668130797957 0.9110481329122766 1.0
0.5327800252644463 0.6280234518127055 0.9103667132741297 1.0
0.53059950327365 0.6244800905456153 0.9096852936359826 1.0
0.5284189812828538 0.6209367292785251 0.9090038739978357 1.0
0.5262384592920576 0.6173933680114347 0.9083224543596886 1.0
0.5240579373012613 0.6138500067443445 0.9076410347215417 1.0
0.521877415310465 0.6103066454772543 0.9069596150833946 1.0
0.5196968933196688 0.6067632842101641 0.9062781954452477 1.0
0.5175163713288725 0.6032199229430739 0.9055967758071007 1.0
0.5153358493380763 0.5996765616759837 0.9049153561689537 1.0
0.5131553273472801 0.5961332004088934 0.9042339365308067 1.0
0.5109748053564838 0.5925898391418032 0.9035525168926597 1.0
0.5087942833656875 0.589046477874713 0.9028710972545128 1.0
0.5066137613748913 0.5855031166076228 0.9021896776163657 1.0
0.5042484978374452 0.5821359855458736 0.9015526114423015 1.0
0.501789922315471 0.5788578674348784 0.9009379479698996 1.0
0.49933134679349683 0.5755797493238832 0.9003232844974975 1.0
0.4968727712715227 0.572301631212888 0.8997086210250956 1.0
0.49441419574954854 0.5690235131018928 0.8990939575526937 1.0
0.4919556202275744 0.5657453949908976 0.8984792940802918 1.0
0.48949704470560024 0.5624672768799024 0.8978646306078899 1.0
0.4870384691836261 0.5591891587689072 0.897249967135488 1.0
0.484579893661652 0.555911040657912 0.8966353036630861 1.0
0.4821213181396778 0.5526329225469168 0.8960206401906842 1.0
0.47966274261770364 0.5493548044359216 0.8954059767182821 1.0
0.4772041670957295 0.5460766863249262 0.8947913132458802 1.0
0.4747455915737553 0.542798568213931 0.8941766497734783 1.0
0.47228701605178114 0.5395204501029358 0.8935619863010764 1.0
0.469828440529807 0.5362423319919406 0.8929473228286745 1.0
0.46736986500783284 0.5329642138809454 0.8923326593562726 1.0
0.46491128948585875 0.5296860957699503 0.8917179958838707 1.0
0.46245271396388454 0.526407977658955 0.8911033324114688 1.0
0.4599941384419104 0.5231298595479598 0.8904886689390668 1.0
0.45753556291993625 0.5198517414369646 0.8898740054666648 1.0
0.4550769873979621 0.5165736233259693 0.8892593419942629 1.0
0.45261841187598795 0.5132955052149741 0.888644678521861 1.0
0.4501598363540138 0.5100173871039789 0.8880300150494591 1.0
0.44770126083203965 0.5067392689929837 0.8874153515770572 1.0
0.4452426853100655 0.5034611508819886 0.8868006881046553 1.0
0.44278410978809135 0.5001830327709933 0.8861860246322534 1.0
0.44032553426611715 0.4969049146599981 0.8855713611598514 1.0
0.437866958744143 0.4936267965490029 0.8849566976874494 1.0
0.43540838322216885 0.49034867843800767 0.8843420342150475 1.0
0.4329498077001947 0.48707056032701246 0.8837273707426456 1.0
0.43049123217822055 0.48379244221601725 0.8831127072702437 1.0
0.4280326566562464 0.48051432410502204 0.8824980437978418 1.0
0.4255740811342723 0.4772362059940269 0.8818833803254399 1.0
0.4231155056122981 0.4739580878830316 0.881268716853038 1.0
0.42065693009032395 0.4706799697720364 0.880654053380636 1.0
0.41819835456834975 0.4674018516610412 0.880039389908234 1.0
0.4157397790463756 0.464123733550046 0.8794247264358321 1.0
0.41328120352440145 0.4608456154390508 0.8788100629634302 1.0
0.4111698960433278 0.45775281490132735 0.8776375381744568 1.0
0.4096173159319994 0.45495817597966637 0.8755674577530029 1.0
0.408064735820671 0.4521635370580054 0.8734973773315491 1.0
0.40651215570934257 0.44936889813634434 0.8714272969100954 1.0
0.40495957559801415 0.44657425921468336 0.8693572164886415 1.0
0.40340699548668574 0.44377962029302237 0.8672871360671877 1.0
0.4018544153753573 0.44098498137136133 0.8652170556457338 1.0
0.4003018352640289 0.43819034244970034 0.8631469752242801 1.0
0.3987492551527005 0.43539570352803936 0.8610768948028262 1.0
0.39719667504137207 0.4326010646063783 0.8590068143813724 1.0
0.39564409493004365 0.4298064256847174 0.8569367339599187 1.0
0.39409151481871524 0.4270117867630563 0.8548666535384648 1.0
0.3925389347073868 0.4242171478413953 0.852796573117011 1.0
0.3909863545960584 0.4214225089197343 0.8507264926955571 1.0
0.38943377448473 0.4186278699980733 0.8486564122741034 1.0
0.38788119437340157 0.4158332310764123 0.8465863318526495 1.0
0.3863286142620731 0.4130385921547513 0.8445162514311957 1.0
0.3847760341507447 0.41024395323309026 0.842446171009742 1.0
0.3832234540394163 0.40744931431142933 0.8403760905882881 1.0
0.38167087392808785 0.4046546753897683 0.8383060101668343 1.0
0.38011829381675943 0.40186003646810725 0.8362359297453805 1.0
0.378565713705431 0.39906539754644627 0.8341658493239267 1.0
0.3770131335941026 0.3962707586247852 0.8320957689024728 1.0
0.3754605534827742 0.39347611970312424 0.830025688481019 1.0
0.37390797337144577 0.39068148078146325 0.8279556080595653 1.0
0.37235539326011735 0.38788684185980227 0.8258855276381114 1.0
0.37080281314878893 0.3850922029381412 0.8238154472166576 1.0
0.3692502330374605 0.38229756401648024 0.8217453667952038 1.0
0.36769765292613216 0.3795029250948193 0.81967528637375 1.0
0.3661450728148037 0.3767082861731582 0.8176052059522961 1.0
0.36459249270347527 0.3739136472514972 0.8155351255308423 1.0
0.36303991259214685 0.3711190083298362 0.8134650451093886 1.0
0.36148733248081844 0.3683243694081752 0.8113949646879347 1.0
0.35993475236949 0.36552973048651416 0.8093248842664809 1.0
0.3583821722581616 0.3627350915648532 0.8072548038450271 1.0
0.3568295921468332 0.3599404526431922 0.8051847234235733 1.0
0.35527701203550477 0.3571458137215312 0.8031146430021194 1.0
0.35372443192417635 0.35435117479987016 0.8010445625806657 1.0
0.35229375527833395 0.3515655946508163 0.7979773292978638 1.0
0.3509872459491735 0.3487892415034936 0.7938944251756669 1.0
0.3496807366200131 0.34601288835617083 0.7898115210534701 1.0
0.34837422729085266 0.34323653520884806 0.7857286169312732 1.0
0.3470677179616922 0.34046018206152534 0.7816457128090764 1.0
0.3457612086325318 0.33768382891420257 0.7775628086868794 1.0
0.34445469930337136 0.3349074757668799 0.7734799045646827 1.0
0.3431481899742109 0.3321311226195571 0.7693970004424857 1.0
0.34184168064505044 0.3293547694722343 0.7653140963202889 1.0
0.34053517131589 0.3265784163249115 0.761231192198092 1.0
0.3392286619867296 0.3238020631775888 0.7571482880758952 1.0
0.33792215265756914 0.32102571003026603 0.7530653839536983 1.0
0.3366156433284087 0.31824935688294326 0.7489824798315015 1.0
0.3353091339992483 0.31547300373562054 0.7448995757093045 1.0
0.33400262467008784 0.31269665058829776 0.7408166715871077 1.0
0.3326961153409274 0.309920297440975 0.7367337674649108 1.0
0.331389606011767 0.30714394429365227 0.732650863342714 1.0
0.33008309668260655 0.3043675911463295 0.7285679592205172 1.0
0.3287765873534461 0.3015912379990067 0.7244850550983203 1.0
0.3274700780242857 0.298814884851684 0.7204021509761234 1.0
0.32616356869512525 0.29603853170436123 0.7163192468539266 1.0
0.3248570593659648 0.29326217855703846 0.7122363427317298 1.0
0.32355055003680444 0.2904858254097158 0.708153438609533 1.0
0.32224404070764395 0.28770947226239296 0.7040705344873359 1.0
0.3210629020679716 0.28547969008080437 0.6991413167891023 1.0
0.32001578484451254 0.2838341929118277 0.6933073888712468 1.0
0.31896866762105347 0.2821886957428511 0.6874734609533911 1.0
0.3179215503975944 0.2805431985738745 0.6816395330355356 1.0
0.31687443317413533 0.27889770140489784 0.67580560511768 1.0
0.31582731595067626 0.27725220423592123 0.6699716771998244 1.0
0.3147801987272172 0.27560670706694457 0.6641377492819688 1.0
0.3137330815037581 0.27396120989796796 0.6583038213641131 1.0
0.31268596428029904 0.2723157127289913 0.6524698934462576 1.0
0.31163884705684 0.2706702155600147 0.646635965528402 1.0
0.3105917298333809 0.2690247183910381 0.6408020376105464 1.0
0.30954461260992183 0.2673792212220614 0.6349681096926908 1.0
0.30849749538646276 0.2657337240530848 0.6291341817748353 1.0
0.3074503781630037 0.26408822688410816 0.6233002538569796 1.0
0.3064032609395447 0.2624427297151316 0.6174663259391242 1.0
0.30535614371608555 0.26079723254615494 0.6116323980212685 1.0
0.3043090264926265 0.2591517353771783 0.6057984701034128 1.0
0.3032619092691674 0.2575062382082017 0.5999645421855573 1.0
0.30221479204570834 0.255860741039225 0.5941306142677016 1.0
0.30116767482224926 0.2542152438702484 0.588296686349846 1.0
0.3001205575987902 0.25256974670127175 0.5824627584319905 1.0
0.2990734403753311 0.25092424953229514 0.5766288305141348 1.0
0.29802632315187205 0.2492787523633185 0.5707949025962793 1.0
0.296979205928413 0.24763325519434187 0.5649609746784237 1.0
0.2959320887049539 0.24598775802536527 0.559127046760568 1.0
0.29488497148149484 0.2443422608563886 0.5532931188427125 1.0
0.29431539225798986 0.24293960774201012 0.5478356212841075 1.0
0.2950531969151995 0.2422018030848005 0.5434086992691096 1.0
0.2957910015724091 0.24146399842759086 0.5389817772541118 1.0
0.29652880622961875 0.24072619377038124 0.534554855239114 1.0
0.2972666108868284 0.2399883891131716 0.5301279332241162 1.0
0.298004415544038 0.23925058445596198 0.5257010112091182 1.0
0.29874222020124763 0.23851277979875232 0.5212740891941203 1.0
0.29948002485845726 0.2377749751415427 0.5168471671791225 1.0
0.3002178295156669 0.23703717048433307 0.5124202451641247 1.0
0.3009556341728766 0.23629936582712344 0.5079933231491268 1.0
0.3016934388300862 0.2355615611699138 0.503566401134129 1.0
0.3028316338553754 0.23477161080638045 0.4996973430956295 1.0
0.304197644721181 0.23395199035369776 0.49614570091133575 1.0
0.3055636555869865 0.23313236990101507 0.49259405872704204 1.0
0.306929666452792 0.2323127494483324 0.48904241654274827 1.0
0.3082956773185975 0.23149312899564972 0.48549077435845456 1.0
0.3096616881844031 0.23067350854296703 0.48193913217416084 1.0
0.3110276990502086 0.22985388809028434 0.4783874899898671 1.0
0.3123937099160141 0.22903426763760168 0.47483584780557336 1.0
0.3137597207818197 0.228214647184919 0.4712842056212796 1.0
0.31512573164762514 0.22739502673223633 0.467732563436986 1.0
0.3164917425134307 0.22657540627955364 0.46418092125269217 1.0
0.3178577533792363 0.22575578582687095 0.4606292790683984 1.0
0.3192237642450418 0.22493616537418826 0.4570776368841047 1.0
0.3205897751108473 0.22411654492150557 0.4535259946998109 1.0
0.321569 0.22325952803850782 0.44981222708289087 1.0
0.321569 0.22230783472580368 0.4456880069977449 1.0
0.321569 0.22135614141309953 0.44156378691259895 1.0
0.321569 0.2204044481003954 0.43743956682745294 1.0
0.321569 0.21945275478769125 0.433315346742307 1.0
0.321569 0.2185010614749871 0.429191126657161 1.0
0.321569 0.21754936816228296 0.42506690657201507 1.0
0.321569 0.21659767484957881 0.42094268648686906 1.0
0.321569 0.21564598153687467 0.4168184664017231 1.0
0.321569 0.21469428822417053 0.41269424631657714 1.0
0.321569 0.21374259491146638 0.4085700262314311 1.0
0.321569 0.21279090159876227 0.4044458061462853 1.0
0.321569 0.2118392082860581 0.4003215860611392 1.0
0.32099366656882033 0.21090207320017484 0.3962607727789981 1.0
0.32036967759761065 0.2099661692932036 0.39220532176519507 1.0
0.3197456886264009 0.20903026538623237 0.38814987075139196 1.0
0.31912169965519116 0.20809436147926116 0.3840944197375889 1.0
0.31849771068398147 0.20715845757228993 0.3800389687237858 1.0
0.31787372171277173 0.2062225536653187 0.37598351770998273 1.0
0.31724973274156204 0.20528664975834746 0.3719280666961796 1.0
0.3166257437703523 0.20435074585137622 0.3678726156823765 1.0
0.3160017547991426 0.203414841944405 0.36381716466857345 1.0
0.31537776582793287 0.20247893803743378 0.35976171365477033 1.0
0.3147537768567231 0.20154303413046254 0.3557062626409673 1.0
0.31412978788551343 0.2006071302234913 0.35165081162716416 1.0
0.31341547368756123 0.1995872807092049 0.34778181581629936 1.0
0.3125343603269796 0.19841241296234297 0.34425713767658406 1.0
0.311653246966398 0.1972375452154811 0.3407324595368688 1.0
0.31077213360581635 0.19606267746861913 0.33720778139715335 1.0
0.3098910202452347 0.19488780972175723 0.333683103257438 1.0
0.3090099068846531 0.1937129419748953 0.3301584251177227 1.0
0.3081287935240714 0.1925380742280334 0.32663374697800734 1.0
0.3072476801634898 0.1913632064811715 0.323109068838292 1.0
0.30636656680290814 0.19018833873430957 0.3195843906985767 1.0
0.3054854534423265 0.18901347098744767 0.31605971255886134 1.0
0.30460434008174486 0.18783860324058574 0.312535034419146 1.0
0.30372322672116325 0.18666373549372384 0.30901035627943063 1.0
0.3028421133605816 0.1854888677468619 0.30548567813971533 1.0
0.301961 0.184314 0.301961 1.0
