0.091874 0.16093 0.4469 1.0
0.09332 0.16518 0.45817 1.0
0.094888 0.16952 0.4695 1.0
0.096269 0.17381 0.48085 1.0
0.097771 0.17816 0.49227 1.0
0.099148 0.18246 0.50373 1.0
0.10052 0.18684 0.51524 1.0
0.10188 0.19121 0.52681 1.0
0.10324 0.1956 0.53841 1.0
0.10448 0.19999 0.55006 1.0
0.10579 0.20445 0.56175 1.0
0.10705 0.20887 0.57349 1.0
0.10821 0.21331 0.58527 1.0
0.10946 0.2178 0.5971 1.0
0.11061 0.22227 0.60896 1.0
0.11176 0.22678 0.62086 1.0
0.11291 0.2313 0.63278 1.0
0.11401 0.23582 0.64473 1.0
0.11517 0.24034 0.65671 1.0
0.11641 0.24491 0.66868 1.0
0.11766 0.2495 0.68064 1.0
0.11905 0.25411 0.69259 1.0
0.12055 0.25873 0.70448 1.0
0.12227 0.26339 0.7163 1.0
0.12429 0.26804 0.72801 1.0
0.12666 0.27275 0.73958 1.0
0.12946 0.2775 0.75097 1.0
0.13277 0.28229 0.76212 1.0
0.13665 0.28708 0.773 1.0
0.14125 0.29196 0.78356 1.0
0.1465 0.29689 0.79375 1.0
0.15254 0.30184 0.80352 1.0
0.15936 0.30689 0.81285 1.0
0.16694 0.31196 0.82169 1.0
0.17519 0.31714 0.83003 1.0
0.18408 0.32237 0.83785 1.0
0.19356 0.32765 0.84516 1.0
0.2035 0.33302 0.85196 1.0
0.21381 0.33843 0.85827 1.0
0.2244 0.34391 0.86413 1.0
0.23524 0.34946 0.86955 1.0
0.24614 0.35507 0.8746 1.0
0.25713 0.3607 0.87932 1.0
0.26808 0.36642 0.88374 1.0
0.27901 0.37214 0.88791 1.0
0.2898 0.37793 0.89188 1.0
0.30048 0.38375 0.89568 1.0
0.31103 0.38959 0.89934 1.0
0.3214 0.39547 0.9029 1.0
0.33162 0.40137 0.90637 1.0
0.34168 0.40729 0.90978 1.0
0.35157 0.41325 0.91315 1.0
0.36131 0.41922 0.91648 1.0
0.37089 0.42521 0.91979 1.0
0.38034 0.43122 0.92309 1.0
0.38964 0.43724 0.92637 1.0
0.39881 0.44328 0.92965 1.0
0.40787 0.44934 0.93291 1.0
0.41682 0.45542 0.93618 1.0
0.42566 0.46151 0.93944 1.0
0.4344 0.46762 0.94269 1.0
0.44306 0.47374 0.94592 1.0
0.45163 0.4799 0.94914 1.0
0.46012 0.48605 0.95233 1.0
0.46856 0.49224 0.9555 1.0
0.47694 0.49845 0.95862 1.0
0.48526 0.50466 0.96169 1.0
0.49355 0.5109 0.9647 1.0
0.50181 0.51717 0.96762 1.0
0.51003 0.52346 0.97044 1.0
0.51824 0.52978 0.97315 1.0
0.52644 0.53613 0.97571 1.0
0.53462 0.54252 0.97812 1.0
0.54281 0.54893 0.98035 1.0
0.551 0.55538 0.98238 1.0
0.55919 0.56188 0.9842 1.0
0.5674 0.5684 0.98579 1.0
0.5756 0.57497 0.98716 1.0
0.5838 0.58158 0.98828 1.0
0.59201 0.58822 0.98917 1.0
0.60019 0.59492 0.98983 1.0
0.60837 0.60165 0.99027 1.0
0.61652 0.60842 0.99051 1.0
0.62464 0.61521 0.99055 1.0
0.63273 0.62205 0.99043 1.0
0.64077 0.62892 0.99015 1.0
0.64877 0.63581 0.98974 1.0
0.65671 0.64273 0.98921 1.0
0.6646 0.64968 0.98859 1.0
0.67243 0.65665 0.98789 1.0
0.68019 0.66364 0.98713 1.0
0.68791 0.67064 0.98631 1.0
0.69556 0.67767 0.98545 1.0
0.70314 0.6847 0.98455 1.0
0.71067 0.69176 0.98362 1.0
0.71813 0.69883 0.98268 1.0
0.72555 0.70592 0.98171 1.0
0.7329 0.71301 0.98073 1.0
0.7402 0.72013 0.97973 1.0
0.74744 0.72725 0.97871 1.0
0.75463 0.7344 0.97769 1.0
0.76177 0.74155 0.97666 1.0
0.76886 0.74871 0.97561 1.0
0.7759 0.75589 0.97456 1.0
0.7829 0.76308 0.97349 1.0
0.78986 0.77029 0.97242 1.0
0.79677 0.77751 0.97133 1.0
0.80364 0.78473 0.97021 1.0
0.81048 0.79195 0.96908 1.0
0.81728 0.79917 0.96791 1.0
0.82404 0.80637 0.9667 1.0
0.83078 0.81353 0.96544 1.0
0.83748 0.82065 0.96411 1.0
0.84414 0.8277 0.96271 1.0
0.85078 0.83466 0.96118 1.0
0.85739 0.84147 0.95952 1.0
0.86397 0.8481 0.95769 1.0
0.87051 0.8545 0.95564 1.0
0.87701 0.8606 0.95332 1.0
0.88347 0.86632 0.9507 1.0
0.88986 0.87161 0.94771 1.0
0.89618 0.87636 0.94431 1.0
0.9024 0.88051 0.94045 1.0
0.9085 0.88397 0.93608 1.0
0.91447 0.88666 0.93116 1.0
0.92027 0.88852 0.92566 1.0
0.92588 0.88949 0.91958 1.0
0.93128 0.88955 0.9129 1.0
0.93643 0.88867 0.90562 1.0
0.94132 0.88685 0.89777 1.0
0.94593 0.88412 0.88939 1.0
0.95026 0.8805 0.8805 1.0
0.95429 0.87605 0.87117 1.0
0.95803 0.87085 0.86143 1.0
0.96147 0.86496 0.85135 1.0
0.96463 0.85847 0.84098 1.0
0.96754 0.85145 0.83037 1.0
0.97018 0.84399 0.81957 1.0
0.9726 0.83616 0.80864 1.0
0.9748 0.82802 0.79758 1.0
0.97681 0.81964 0.78646 1.0
0.97864 0.81108 0.77528 1.0
0.98031 0.80236 0.76407 1.0
0.98183 0.79354 0.75284 1.0
0.9832 0.78462 0.74162 1.0
0.98446 0.77564 0.7304 1.0
0.98559 0.76662 0.7192 1.0
0.98661 0.75756 0.70801 1.0
0.98752 0.74847 0.69685 1.0
0.98832 0.73936 0.68571 1.0
0.98903 0.73022 0.67459 1.0
0.98964 0.72108 0.66352 1.0
0.99016 0.71193 0.65246 1.0
0.99058 0.70276 0.64143 1.0
0.99092 0.69357 0.63043 1.0
0.99116 0.68436 0.61946 1.0
0.99132 0.67515 0.60851 1.0
0.99139 0.66591 0.59759 1.0
0.99137 0.65666 0.5867 1.0
0.99126 0.64738 0.57585 1.0
0.99106 0.63808 0.56501 1.0
0.99077 0.62876 0.55423 1.0
0.99039 0.61943 0.54347 1.0
0.98991 0.61006 0.53275 1.0
0.98934 0.60069 0.52207 1.0
0.98865 0.5913 0.51145 1.0
0.98786 0.58189 0.50088 1.0
0.98695 0.57248 0.49038 1.0
0.9859 0.56306 0.47994 1.0
0.98472 0.55364 0.46959 1.0
0.98338 0.54423 0.45933 1.0
0.98188 0.53484 0.44917 1.0
0.9802 0.52548 0.43912 1.0
0.97832 0.51615 0.42922 1.0
0.97626 0.50687 0.41945 1.0
0.97398 0.49766 0.40983 1.0
0.97149 0.48849 0.40037 1.0
0.96878 0.4794 0.39107 1.0
0.96585 0.47039 0.38193 1.0
0.96271 0.46144 0.37296 1.0
0.95935 0.45259 0.36416 1.0
0.9558 0.4438 0.35553 1.0
0.95206 0.43508 0.34704 1.0
0.94815 0.42642 0.33868 1.0
0.94407 0.41783 0.33046 1.0
0.93986 0.40928 0.32236 1.0
0.93552 0.40077 0.31435 1.0
0.93108 0.39227 0.30646 1.0
0.92653 0.38379 0.29862 1.0
0.92191 0.37531 0.29086 1.0
0.91723 0.36682 0.28317 1.0
0.91247 0.35831 0.27552 1.0
0.90768 0.34976 0.26789 1.0
0.90284 0.34117 0.26033 1.0
0.89796 0.33254 0.25279 1.0
0.89306 0.32382 0.24525 1.0
0.88813 0.31504 0.23778 1.0
0.88317 0.3062 0.23027 1.0
0.87818 0.29724 0.22284 1.0
0.87318 0.28817 0.21537 1.0
0.86815 0.27902 0.20794 1.0
0.8631 0.26973 0.2005 1.0
0.85801 0.2603 0.19312 1.0
0.85291 0.25073 0.18575 1.0
0.84776 0.241 0.17838 1.0
0.84258 0.23113 0.171 1.0
0.83735 0.22106 0.16371 1.0
0.83206 0.21078 0.15643 1.0
0.8267 0.2003 0.14918 1.0
0.82126 0.18965 0.14201 1.0
0.81571 0.17878 0.13493 1.0
0.81004 0.16767 0.12792 1.0
0.80423 0.1564 0.12101 1.0
0.79825 0.14491 0.11428 1.0
0.79207 0.13322 0.10775 1.0
0.78568 0.12135 0.10141 1.0
0.77903 0.10946 0.095344 1.0
0.77213 0.097351 0.089503 1.0
0.76494 0.085214 0.084009 1.0
0.75744 0.073154 0.078743 1.0
0.74963 0.060978 0.073995 1.0
0.74151 0.049092 0.06957 1.0
0.73309 0.037259 0.065437 1.0
0.72436 0.026823 0.061723 1.0
0.71534 0.018618 0.058443 1.0
0.70605 0.012283 0.055532 1.0
0.69652 0.007339 0.052912 1.0
0.68678 0.0040371 0.05068 1.0
0.67685 0.0019439000000000001 0.04877 1.0
0.66675 0.0008526199999999999 0.047012 1.0
0.65654 0.00057092 0.045448 1.0
0.64622 0.00092486 0.044119 1.0
0.63582 0.0017616 0.042871 1.0
0.62537 0.0029503 0.041932 1.0
0.61487 0.0043822 0.040902 1.0
0.60438 0.0059666 0.039904 1.0
0.59386 0.0076341 0.038882 1.0
0.58336 0.0093374 0.037833 1.0
0.57288 0.011077 0.036734 1.0
0.56242 0.012852 0.03563 1.0
0.55198 0.014445 0.034215 1.0
0.54157 0.015957 0.032974 1.0
0.5312 0.017388 0.031658 1.0
0.52087 0.018728 0.030292 1.0
0.51058 0.019973 0.028861 1.0
0.50033 0.021123 0.027367 1.0
0.49012 0.02218 0.025811 1.0
0.47996 0.023147 0.024193 1.0
0.46984 0.024025 0.022515 1.0
0.45976 0.024816 0.020778 1.0
0.44973 0.025523 0.018981 1.0
0.43974 0.026148 0.017126 1.0
0.4298 0.026693 0.015214 1.0
0.41991 0.027159 0.01324 1.0
0.41008 0.027551 0.011092 1.0
0.40028 0.027868 0.0089508 1.0
