0.941176 0.941176 0.894118 1.0
0.9362548235294118 0.9362548235294118 0.8873513333333333 1.0
0.9313336470588235 0.9313336470588235 0.8805846666666667 1.0
0.9264124705882353 0.9264124705882353 0.873818 1.0
0.9214912941176471 0.9214912941176471 0.8670513333333333 1.0
0.9165701176470589 0.9165701176470589 0.8602846666666666 1.0
0.9116489411764706 0.9116489411764706 0.853518 1.0
0.9067277647058823 0.9067277647058823 0.8467513333333333 1.0
0.9018065882352941 0.9018065882352941 0.8399846666666666 1.0
0.8968854117647058 0.8968854117647058 0.833218 1.0
0.8919642352941176 0.8919642352941176 0.8264513333333333 1.0
0.8870430588235294 0.8870430588235294 0.8196846666666666 1.0
0.8821218823529411 0.8821218823529411 0.812918 1.0
0.8772776078431372 0.8772776078431372 0.8064589215686274 1.0
0.8726640392156862 0.8726640392156862 0.8009226078431372 1.0
0.8680504705882353 0.8680504705882353 0.795386294117647 1.0
0.8634369019607843 0.8634369019607843 0.7898499803921568 1.0
0.8588233333333333 0.8588233333333333 0.7843136666666667 1.0
0.8542097647058823 0.8542097647058823 0.7787773529411764 1.0
0.8495961960784314 0.8495961960784314 0.7732410392156862 1.0
0.8449826274509804 0.8449826274509804 0.7677047254901961 1.0
0.8403690588235294 0.8403690588235294 0.7621684117647058 1.0
0.8357554901960784 0.8357554901960784 0.7566320980392157 1.0
0.8311419215686274 0.8311419215686274 0.7510957843137255 1.0
0.8265283529411764 0.8265283529411764 0.7455594705882352 1.0
0.8219147843137254 0.8219147843137254 0.7400231568627451 1.0
0.8183776862745098 0.8182239215686274 0.7358709215686274 1.0
0.8159170588235294 0.8154557647058823 0.7331027647058823 1.0
0.813456431372549 0.8126876078431372 0.7303346078431372 1.0
0.8109958039215687 0.8099194509803922 0.7275664509803922 1.0
0.8085351764705883 0.8071512941176471 0.7247982941176471 1.0
0.8060745490196078 0.804383137254902 0.722030137254902 1.0
0.8036139215686274 0.8016149803921568 0.7192619803921568 1.0
0.8011532941176471 0.7988468235294117 0.7164938235294117 1.0
0.7986926666666667 0.7960786666666666 0.7137256666666666 1.0
0.7962320392156863 0.7933105098039215 0.7109575098039216 1.0
0.7937714117647059 0.7905423529411765 0.7081893529411765 1.0
0.7913107843137255 0.7877741960784314 0.7054211960784313 1.0
0.7888501568627451 0.7850060392156862 0.7026530392156862 1.0
0.7859282352941177 0.7817764705882353 0.6994235294117647 1.0
0.7828525490196079 0.7783930980392156 0.6960402352941176 1.0
0.779776862745098 0.7750097254901961 0.6926569411764706 1.0
0.7767011764705882 0.7716263529411764 0.6892736470588234 1.0
0.7736254901960784 0.7682429803921568 0.6858903529411764 1.0
0.7705498039215687 0.7648596078431372 0.6825070588235294 1.0
0.7674741176470589 0.7614762352941176 0.6791237647058823 1.0
0.764398431372549 0.758092862745098 0.6757404705882353 1.0
0.7613227450980392 0.7547094901960784 0.6723571764705882 1.0
0.7582470588235294 0.7513261176470588 0.6689738823529412 1.0
0.7551713725490197 0.7479427450980392 0.6655905882352942 1.0
0.7520956862745098 0.7445593725490196 0.662207294117647 1.0
0.74902 0.741176 0.658824 1.0
0.7453290980392157 0.737177568627451 0.6548254901960784 1.0
0.7416381960784314 0.7331791372549019 0.6508269803921569 1.0
0.737947294117647 0.729180705882353 0.6468284705882352 1.0
0.7342563921568628 0.7251822745098039 0.6428299607843138 1.0
0.7305654901960784 0.7211838431372549 0.6388314509803922 1.0
0.7268745882352942 0.7171854117647058 0.6348329411764706 1.0
0.7231836862745098 0.7131869803921569 0.630834431372549 1.0
0.7194927843137254 0.7091885490196078 0.6268359215686274 1.0
0.7158018823529412 0.7051901176470589 0.6228374117647059 1.0
0.7121109803921568 0.7011916862745099 0.6188389019607844 1.0
0.7084200784313726 0.6971932549019608 0.6148403921568628 1.0
0.7047291764705882 0.6931948235294118 0.6108418823529412 1.0
0.7009613725490196 0.6891963921568628 0.6069971764705883 1.0
0.696962862745098 0.6851979607843137 0.6036138823529412 1.0
0.6929643529411765 0.6811995294117648 0.6002305882352942 1.0
0.6889658431372548 0.6772010980392157 0.596847294117647 1.0
0.6849673333333333 0.6732026666666667 0.593464 1.0
0.6809688235294117 0.6692042352941177 0.590080705882353 1.0
0.6769703137254902 0.6652058039215687 0.5866974117647059 1.0
0.6729718039215686 0.6612073725490196 0.5833141176470589 1.0
0.668973294117647 0.6572089411764706 0.5799308235294118 1.0
0.6649747843137255 0.6532105098039216 0.5765475294117648 1.0
0.660976274509804 0.6492120784313726 0.5731642352941178 1.0
0.6569777647058823 0.6452136470588236 0.5697809411764706 1.0
0.6529792549019607 0.6412152156862745 0.5663976470588236 1.0
0.6494421568627451 0.6373705490196079 0.5631681176470589 1.0
0.6463664705882353 0.6336796470588235 0.5600923529411765 1.0
0.6432907843137254 0.6299887450980393 0.5570165882352942 1.0
0.6402150980392157 0.6262978431372549 0.5539408235294118 1.0
0.6371394117647059 0.6226069411764706 0.5508650588235294 1.0
0.6340637254901961 0.6189160392156864 0.5477892941176471 1.0
0.6309880392156862 0.615225137254902 0.5447135294117648 1.0
0.6279123529411764 0.6115342352941177 0.5416377647058824 1.0
0.6248366666666667 0.6078433333333334 0.538562 1.0
0.6217609803921569 0.604152431372549 0.5354862352941177 1.0
0.618685294117647 0.6004615294117648 0.5324104705882353 1.0
0.6156096078431372 0.5967706274509804 0.529334705882353 1.0
0.6125339215686274 0.5930797254901962 0.5262589411764707 1.0
0.6099195294117647 0.5900808823529412 0.5236445882352941 1.0
0.6074589019607843 0.5873127254901961 0.5211840392156862 1.0
0.6049982745098039 0.584544568627451 0.5187234901960784 1.0
0.6025376470588235 0.581776411764706 0.5162629411764706 1.0
0.6000770196078431 0.5790082549019608 0.5138023921568627 1.0
0.5976163921568628 0.5762400980392157 0.511341843137255 1.0
0.5951557647058824 0.5734719411764706 0.508881294117647 1.0
0.592695137254902 0.5707037843137255 0.5064207450980392 1.0
0.5902345098039217 0.5679356274509805 0.5039601960784315 1.0
0.5877738823529411 0.5651674705882354 0.5014996470588235 1.0
0.5853132549019608 0.5623993137254902 0.4990390980392157 1.0
0.5828526274509804 0.5596311568627451 0.49657854901960785 1.0
0.580392 0.556863 0.494118 1.0
0.5773162352941177 0.5534796274509803 0.49104223529411767 1.0
0.5742404705882354 0.5500962549019608 0.4879664705882353 1.0
0.5711647058823529 0.5467128823529411 0.48489070588235295 1.0
0.5680889411764707 0.5433295098039216 0.4818149411764706 1.0
0.5650131764705882 0.5399461372549019 0.4787391764705882 1.0
0.5619374117647059 0.5365627647058824 0.4756634117647059 1.0
0.5588616470588236 0.5331793921568627 0.4725876470588235 1.0
0.5557858823529411 0.5297960196078432 0.46951188235294117 1.0
0.5527101176470588 0.5264126470588235 0.4664361176470588 1.0
0.5496343529411765 0.523029274509804 0.46336035294117645 1.0
0.5465585882352941 0.5196459019607843 0.4602845882352941 1.0
0.5434828235294118 0.5162625294117648 0.4572088235294118 1.0
0.5405608627450981 0.5130329607843137 0.4543637450980392 1.0
0.5381003137254902 0.5102648039215686 0.45221072549019603 1.0
0.5356397647058824 0.5074966470588235 0.45005770588235294 1.0
0.5331792156862745 0.5047284901960785 0.4479046862745098 1.0
0.5307186666666667 0.5019603333333333 0.44575166666666666 1.0
0.5282581176470589 0.4991921764705882 0.4435986470588235 1.0
0.525797568627451 0.4964240196078431 0.44144562745098037 1.0
0.5233370196078432 0.4936558627450981 0.4392926078431373 1.0
0.5208764705882353 0.4908877058823529 0.43713958823529414 1.0
0.5184159215686275 0.48811954901960786 0.434986568627451 1.0
0.5159553725490197 0.48535139215686274 0.43283354901960785 1.0
0.5134948235294118 0.4825832352941176 0.4306805294117647 1.0
0.511034274509804 0.47981507843137255 0.42852750980392157 1.0
0.5090350588235294 0.47750829411764706 0.42668205882352944 1.0
0.5074971764705882 0.4756628823529412 0.4251441764705883 1.0
0.5059592941176471 0.4738174705882353 0.4236062941176471 1.0
0.5044214117647059 0.4719720588235294 0.4220684117647059 1.0
0.5028835294117647 0.47012664705882357 0.4205305294117648 1.0
0.5013456470588236 0.46828123529411764 0.41899264705882355 1.0
0.4998077647058824 0.46643582352941176 0.4174547647058824 1.0
0.49826988235294123 0.4645904117647059 0.4159168823529412 1.0
0.496732 0.46274499999999996 0.414379 1.0
0.49519411764705884 0.4608995882352941 0.41284111764705883 1.0
0.4936562352941177 0.4590541764705882 0.41130323529411766 1.0
0.4921183529411765 0.45720876470588234 0.4097653529411765 1.0
0.49058047058823534 0.45536335294117647 0.40822747058823533 1.0
0.4890425882352941 0.45351794117647054 0.4066895882352941 1.0
0.48750470588235295 0.45167252941176467 0.40515170588235294 1.0
0.4859668235294118 0.4498271176470588 0.4036138235294118 1.0
0.4844289411764706 0.4479817058823529 0.4020759411764706 1.0
0.48289105882352945 0.44613629411764705 0.40053805882352944 1.0
0.48135317647058823 0.4442908823529412 0.3990001764705882 1.0
0.47981529411764706 0.4424454705882353 0.39746229411764705 1.0
0.47827741176470595 0.4406000588235295 0.39592441176470594 1.0
0.47673952941176473 0.4387546470588235 0.3943865294117647 1.0
0.47520164705882356 0.4369092352941176 0.39284864705882355 1.0
0.47366376470588234 0.43506382352941175 0.39131076470588233 1.0
0.4721258823529412 0.4332184117647059 0.38977288235294116 1.0
0.470588 0.431373 0.388235 1.0
0.46905011764705884 0.42952750980392157 0.38669711764705883 1.0
0.4675122352941177 0.42768201960784313 0.38515923529411766 1.0
0.46597435294117645 0.4258365294117647 0.38362135294117644 1.0
0.4644364705882353 0.42399103921568626 0.3820834705882353 1.0
0.4628985882352941 0.4221455490196079 0.3805455882352941 1.0
0.46136070588235295 0.42030005882352944 0.37900770588235294 1.0
0.4598228235294118 0.418454568627451 0.3774698235294118 1.0
0.45828494117647056 0.41660907843137257 0.37593194117647055 1.0
0.4567470588235294 0.41476358823529413 0.3743940588235294 1.0
0.45520917647058823 0.4129180980392157 0.3728561764705882 1.0
0.4536712941176471 0.4110726078431373 0.3713182941176471 1.0
0.4521334117647059 0.4092271176470588 0.3697804117647059 1.0
0.450364862745098 0.40722786274509803 0.3681656470588235 1.0
0.44790431372549017 0.4047673137254902 0.3663202352941176 1.0
0.4454437647058823 0.40230676470588234 0.36447482352941174 1.0
0.4429832156862745 0.39984621568627454 0.36262941176470587 1.0
0.4405226666666667 0.3973856666666667 0.360784 1.0
0.4380621176470588 0.39492511764705884 0.3589385882352941 1.0
0.435601568627451 0.392464568627451 0.35709317647058825 1.0
0.4331410196078431 0.39000401960784314 0.3552477647058824 1.0
0.4306804705882353 0.3875434705882353 0.3534023529411765 1.0
0.4282199215686274 0.38508292156862745 0.35155694117647057 1.0
0.4257593725490196 0.3826223725490196 0.3497115294117647 1.0
0.4232988235294117 0.38016182352941175 0.3478661176470588 1.0
0.4208382745098039 0.3777012745098039 0.34602070588235295 1.0
0.4183776862745098 0.3750868823529412 0.34402149019607847 1.0
0.4159170588235295 0.3723186470588236 0.3418684705882354 1.0
0.413456431372549 0.3695504117647059 0.3397154509803922 1.0
0.4109958039215686 0.36678217647058825 0.33756243137254904 1.0
0.40853517647058823 0.36401394117647057 0.3354094117647059 1.0
0.4060745490196078 0.36124570588235294 0.33325639215686276 1.0
0.40361392156862747 0.3584774705882353 0.3311033725490196 1.0
0.40115329411764705 0.35570923529411763 0.32895035294117647 1.0
0.39869266666666664 0.352941 0.32679733333333333 1.0
0.3962320392156863 0.3501727647058823 0.3246443137254902 1.0
0.39377141176470587 0.3474045294117647 0.3224912941176471 1.0
0.39131078431372546 0.34463629411764707 0.32033827450980396 1.0
0.3888501568627451 0.3418680588235294 0.3181852549019608 1.0
0.38662023529411765 0.33956123529411764 0.31603223529411767 1.0
0.3844672156862745 0.3374082156862745 0.3138792156862745 1.0
0.38231419607843137 0.33525519607843135 0.3117261960784314 1.0
0.3801611764705882 0.3331021764705882 0.30957317647058824 1.0
0.37800815686274514 0.3309491568627451 0.30742015686274515 1.0
0.37585513725490194 0.3287961372549019 0.30526713725490195 1.0
0.3737021176470588 0.3266431176470588 0.3031141176470588 1.0
0.3715490980392157 0.3244900980392157 0.3009610980392157 1.0
0.36939607843137257 0.32233707843137255 0.2988080784313726 1.0
0.3672430588235294 0.3201840588235294 0.29665505882352944 1.0
0.3650900392156863 0.31803103921568626 0.2945020392156863 1.0
0.36293701960784314 0.3158780196078431 0.29234901960784315 1.0
0.360784 0.313725 0.290196 1.0
0.35832345098039214 0.3112644509803921 0.28835058823529414 1.0
0.3558629019607843 0.3088039019607843 0.28650517647058826 1.0
0.35340235294117645 0.3063433529411765 0.28465976470588233 1.0
0.3509418039215686 0.30388280392156863 0.28281435294117646 1.0
0.3484812549019608 0.3014222549019608 0.2809689411764706 1.0
0.34602070588235295 0.29896170588235293 0.2791235294117647 1.0
0.3435601568627451 0.2965011568627451 0.27727811764705884 1.0
0.3410996078431373 0.29404060784313735 0.27543270588235297 1.0
0.3386390588235294 0.29158005882352944 0.27358729411764704 1.0
0.33617850980392155 0.2891195098039216 0.27174188235294117 1.0
0.3337179607843137 0.28665896078431374 0.2698964705882353 1.0
0.33125741176470586 0.2841984117647059 0.2680510588235294 1.0
0.3288737450980392 0.2817378431372549 0.2661287450980392 1.0
0.32672072549019604 0.2792772156862745 0.26397572549019604 1.0
0.3245677058823529 0.27681658823529415 0.26182270588235296 1.0
0.3224146862745098 0.27435596078431373 0.2596696862745098 1.0
0.32026166666666667 0.2718953333333333 0.25751666666666667 1.0
0.3181086470588235 0.26943470588235297 0.25536364705882353 1.0
0.3159556274509804 0.26697407843137255 0.2532106274509804 1.0
0.31380260784313724 0.26451345098039214 0.25105760784313724 1.0
0.3116495882352941 0.2620528235294118 0.24890458823529413 1.0
0.30949656862745095 0.25959219607843137 0.24675156862745098 1.0
0.3073435490196078 0.25713156862745096 0.24459854901960784 1.0
0.3051905294117647 0.25467094117647066 0.24244552941176478 1.0
0.3030375098039215 0.2522103137254902 0.24029250980392158 1.0
0.2999617450980392 0.2491345882352941 0.23767811764705885 1.0
0.2959632352941176 0.24544376470588233 0.23460235294117648 1.0
0.29196472549019603 0.24175294117647056 0.23152658823529412 1.0
0.2879662156862745 0.2380621176470588 0.22845082352941176 1.0
0.2839677058823529 0.23437129411764704 0.22537505882352943 1.0
0.27996919607843135 0.23068047058823526 0.22229929411764707 1.0
0.27597068627450977 0.22698964705882352 0.2192235294117647 1.0
0.2719721764705882 0.22329882352941174 0.21614776470588237 1.0
0.26797366666666667 0.219608 0.213072 1.0
0.2639751568627451 0.21591717647058822 0.20999623529411765 1.0
0.2599766470588235 0.21222635294117648 0.20692047058823532 1.0
0.2559781372549019 0.2085355294117647 0.20384470588235296 1.0
0.25197962745098035 0.20484470588235293 0.2007689411764706 1.0
0.2491345882352941 0.20253788235294118 0.1986159411764706 1.0
0.2466740392156863 0.2006923921568628 0.19677052941176476 1.0
0.2442134901960784 0.1988469019607843 0.19492511764705883 1.0
0.24175294117647056 0.19700141176470587 0.19307970588235296 1.0
0.23929239215686274 0.19515592156862743 0.19123429411764706 1.0
0.2368318431372549 0.19331043137254902 0.18938888235294118 1.0
0.23437129411764704 0.1914649411764706 0.18754347058823528 1.0
0.23191074509803922 0.18961945098039215 0.1856980588235294 1.0
0.22945019607843137 0.18777396078431371 0.18385264705882354 1.0
0.22698964705882352 0.1859284705882353 0.18200723529411764 1.0
0.22452909803921567 0.18408298039215687 0.18016182352941176 1.0
0.22206854901960785 0.18223749019607843 0.17831641176470586 1.0
0.219608 0.180392 0.176471 1.0
