1.0 0.933333 0.8 1.0
0.996078431372549 0.9291807647058823 0.7936947254901962 1.0
0.9921568627450981 0.9250285294117647 0.7873894509803921 1.0
0.9882352941176471 0.920876294117647 0.7810841764705883 1.0
0.9843137254901961 0.9167240588235294 0.7747789019607844 1.0
0.9803921568627451 0.9125718235294117 0.7684736274509805 1.0
0.9764705882352941 0.9084195882352941 0.7621683529411765 1.0
0.9725490196078431 0.9042673529411764 0.7558630784313726 1.0
0.9686274509803922 0.9001151176470588 0.7495578039215687 1.0
0.9647058823529412 0.8959628823529412 0.7432525294117648 1.0
0.9607843137254902 0.8918106470588235 0.7369472549019608 1.0
0.9568627450980393 0.8876584117647058 0.7306419803921569 1.0
0.9529411764705883 0.8835061764705883 0.724336705882353 1.0
0.9490196078431372 0.8793539411764706 0.7180314313725491 1.0
0.9450980392156862 0.8752017058823529 0.7117261568627451 1.0
0.9411764705882353 0.8710494705882352 0.7054208823529412 1.0
0.9372549019607843 0.8668972352941177 0.6991156078431373 1.0
0.9333333333333333 0.862745 0.6928103333333333 1.0
0.9294117647058824 0.8585927647058823 0.6865050588235294 1.0
0.9254901960784314 0.8544405294117647 0.6801997843137255 1.0
0.9215686274509804 0.8502882941176471 0.6738945098039216 1.0
0.9176470588235295 0.8461360588235294 0.6675892352941177 1.0
0.9137254901960784 0.8419838235294117 0.6612839607843137 1.0
0.9098039215686274 0.8378315882352941 0.6549786862745098 1.0
0.9058823529411765 0.8336793529411765 0.6486734117647059 1.0
0.9019607843137255 0.8295271176470588 0.6423681372549019 1.0
0.8980392156862745 0.8253748823529412 0.636062862745098 1.0
0.8941176470588236 0.8212226470588235 0.6297575882352942 1.0
0.8901960784313726 0.8170704117647059 0.6234523137254901 1.0
0.8862745098039216 0.8129181764705883 0.6171470392156864 1.0
0.8823529411764706 0.8087659411764706 0.6108417647058824 1.0
0.8784313725490196 0.8046137058823529 0.6045364901960785 1.0
0.8745098039215686 0.8004614705882354 0.5982312156862746 1.0
0.8705882352941177 0.7963092352941177 0.5919259411764707 1.0
0.8666666666666667 0.792157 0.5856206666666667 1.0
0.8627450980392157 0.7880047647058823 0.5793153921568628 1.0
0.8588235294117648 0.7838525294117646 0.5730101176470588 1.0
0.8549019607843138 0.7797002941176471 0.566704843137255 1.0
0.8509803921568628 0.7755480588235294 0.560399568627451 1.0
0.8470588235294119 0.7713958235294118 0.5540942941176471 1.0
0.8431372549019608 0.7672435882352941 0.5477890196078432 1.0
0.8392156862745099 0.7630913529411765 0.5414837450980392 1.0
0.8352941176470589 0.7589391176470588 0.5351784705882353 1.0
0.8313725490196079 0.7547868823529412 0.5288731960784314 1.0
0.8274509803921569 0.7506346470588235 0.5225679215686274 1.0
0.823529411764706 0.746482411764706 0.5162626470588236 1.0
0.8196078431372549 0.7423301764705883 0.5099573725490196 1.0
0.8156862745098039 0.7381779411764706 0.5036520980392156 1.0
0.8117647058823529 0.7340257058823529 0.4973468235294118 1.0
0.807843137254902 0.7298734705882354 0.4910415490196079 1.0
0.803921568627451 0.7257212352941177 0.48473627450980394 1.0
0.8 0.721569 0.478431 1.0
0.7960784313725491 0.7181856862745098 0.4749708039215686 1.0
0.7921568627450981 0.7148023725490197 0.47151060784313725 1.0
0.7882352941176471 0.7114190588235294 0.46805041176470585 1.0
0.7843137254901961 0.7080357450980392 0.4645902156862745 1.0
0.7803921568627451 0.7046524313725491 0.4611300196078431 1.0
0.7764705882352941 0.7012691176470589 0.45766982352941177 1.0
0.7725490196078432 0.6978858039215686 0.45420962745098037 1.0
0.7686274509803922 0.6945024901960785 0.450749431372549 1.0
0.7647058823529412 0.6911191764705882 0.4472892352941176 1.0
0.7607843137254903 0.687735862745098 0.4438290392156863 1.0
0.7568627450980392 0.6843525490196078 0.4403688431372549 1.0
0.7529411764705882 0.6809692352941177 0.43690864705882354 1.0
0.7490196078431373 0.6775859215686274 0.43344845098039214 1.0
0.7450980392156863 0.6742026078431372 0.4299882549019608 1.0
0.7411764705882353 0.6708192941176471 0.42652805882352945 1.0
0.7372549019607844 0.6674359803921569 0.423067862745098 1.0
0.7333333333333334 0.6640526666666666 0.41960766666666666 1.0
0.7294117647058824 0.6606693529411765 0.41614747058823526 1.0
0.7254901960784313 0.6572860392156863 0.4126872745098039 1.0
0.7215686274509804 0.6539027254901961 0.4092270784313725 1.0
0.7176470588235294 0.6505194117647058 0.40576688235294117 1.0
0.7137254901960784 0.6471360980392157 0.4023066862745098 1.0
0.7098039215686275 0.6437527843137255 0.3988464901960785 1.0
0.7058823529411765 0.6403694705882352 0.39538629411764703 1.0
0.7019607843137255 0.6369861568627451 0.3919260980392157 1.0
0.6980392156862745 0.6336028431372549 0.3884659019607843 1.0
0.6941176470588235 0.6302195294117647 0.38500570588235294 1.0
0.6901960784313725 0.6268362156862745 0.38154550980392155 1.0
0.6862745098039216 0.6234529019607843 0.3780853137254902 1.0
0.6823529411764706 0.6200695882352941 0.3746251176470588 1.0
0.6784313725490196 0.616686274509804 0.37116492156862746 1.0
0.6745098039215687 0.6133029607843137 0.36770472549019606 1.0
0.6705882352941177 0.6099196470588235 0.36424452941176466 1.0
0.6666666666666667 0.6065363333333333 0.3607843333333333 1.0
0.6627450980392157 0.6031530196078431 0.357324137254902 1.0
0.6588235294117647 0.5997697058823529 0.3538639411764706 1.0
0.6549019607843137 0.5963863921568627 0.3504037450980392 1.0
0.6509803921568628 0.5930030784313725 0.34694354901960783 1.0
0.6470588235294118 0.5896197647058824 0.3434833529411765 1.0
0.6431372549019607 0.5862364509803921 0.3400231568627451 1.0
0.6392156862745098 0.582853137254902 0.3365629607843137 1.0
0.6352941176470588 0.5794698235294118 0.33310276470588235 1.0
0.6313725490196078 0.5760865098039215 0.32964256862745095 1.0
0.6274509803921569 0.5727031960784313 0.3261823725490196 1.0
0.6235294117647059 0.5693198823529412 0.3227221764705882 1.0
0.6196078431372549 0.5659365686274509 0.3192619803921568 1.0
0.615686274509804 0.5625532549019607 0.3158017843137255 1.0
0.611764705882353 0.5591699411764706 0.3123415882352941 1.0
0.6078431372549019 0.5557866274509804 0.3088813921568627 1.0
0.6039215686274509 0.5524033137254901 0.3054211960784313 1.0
0.6 0.54902 0.301961 1.0
0.596078431372549 0.5457135686274509 0.29919282352941173 1.0
0.592156862745098 0.5424071372549019 0.2964246470588235 1.0
0.5882352941176471 0.5391007058823529 0.2936564705882353 1.0
0.5843137254901961 0.5357942745098039 0.2908882941176471 1.0
0.580392156862745 0.5324878431372548 0.2881201176470588 1.0
0.5764705882352941 0.5291814117647058 0.28535194117647056 1.0
0.5725490196078431 0.5258749803921569 0.2825837647058823 1.0
0.5686274509803921 0.5225685490196078 0.2798155882352941 1.0
0.5647058823529412 0.5192621176470588 0.2770474117647059 1.0
0.5607843137254902 0.5159556862745097 0.27427923529411763 1.0
0.5568627450980392 0.5126492549019608 0.2715110588235294 1.0
0.5529411764705883 0.5093428235294117 0.2687428823529412 1.0
0.5490196078431373 0.5060363921568627 0.26597470588235295 1.0
0.5450980392156862 0.5027299607843136 0.2632065294117647 1.0
0.5411764705882353 0.49942352941176466 0.26043835294117645 1.0
0.5372549019607843 0.49611709803921566 0.2576701764705882 1.0
0.5333333333333333 0.4928106666666666 0.25490199999999996 1.0
0.5294117647058824 0.48950423529411763 0.25213382352941177 1.0
0.5254901960784314 0.4861978039215686 0.24936564705882353 1.0
0.5215686274509804 0.48289137254901965 0.24659747058823533 1.0
0.5176470588235295 0.47958494117647055 0.24382929411764706 1.0
0.5137254901960784 0.47627850980392156 0.24106111764705881 1.0
0.5098039215686274 0.4729720784313725 0.2382929411764706 1.0
0.5058823529411764 0.4696656470588235 0.23552476470588235 1.0
0.5019607843137255 0.4663592156862745 0.2327565882352941 1.0
0.4980392156862745 0.4630527843137255 0.22998841176470589 1.0
0.49411764705882355 0.45974635294117644 0.22722023529411764 1.0
0.49019607843137253 0.45643992156862745 0.22445205882352942 1.0
0.48627450980392156 0.4531334901960784 0.22168388235294118 1.0
0.4823529411764707 0.44982705882352947 0.218915705882353 1.0
0.47843137254901963 0.44652062745098037 0.2161475294117647 1.0
0.4745098039215686 0.4432141960784314 0.21337935294117646 1.0
0.47058823529411764 0.43990776470588233 0.21061117647058825 1.0
0.4666666666666667 0.43660133333333334 0.207843 1.0
0.4627450980392157 0.4332949019607843 0.20507482352941175 1.0
0.45882352941176474 0.4299884705882353 0.2023066470588235 1.0
0.4549019607843138 0.42668203921568626 0.19953847058823532 1.0
0.45098039215686275 0.4233756078431372 0.19677029411764707 1.0
0.4470588235294118 0.4200691764705883 0.19400211764705882 1.0
0.44313725490196076 0.41676274509803923 0.19123394117647058 1.0
0.4392156862745098 0.4134563137254902 0.18846576470588233 1.0
0.43529411764705883 0.41014988235294114 0.18569758823529414 1.0
0.43137254901960786 0.40684345098039215 0.1829294117647059 1.0
0.4274509803921569 0.40353701960784316 0.18016123529411765 1.0
0.42352941176470593 0.4002305882352941 0.1773930588235294 1.0
0.419607843137255 0.3969241568627452 0.17462488235294127 1.0
0.41568627450980394 0.3936177254901961 0.17185670588235297 1.0
0.411764705882353 0.3903112941176471 0.16908852941176472 1.0
0.40784313725490196 0.38700486274509804 0.16632035294117647 1.0
0.403921568627451 0.383698431372549 0.16355217647058826 1.0
0.4 0.380392 0.160784 1.0
0.39807766666666666 0.37885413725490197 0.1587847843137255 1.0
0.39615533333333336 0.37731627450980393 0.156785568627451 1.0
0.394233 0.3757784117647059 0.15478635294117649 1.0
0.3923106666666667 0.37424054901960785 0.15278713725490198 1.0
0.39038833333333334 0.3727026862745098 0.15078792156862747 1.0
0.38846600000000003 0.37116482352941177 0.14878870588235296 1.0
0.3865436666666667 0.36962696078431373 0.14678949019607845 1.0
0.38462133333333337 0.3680890980392157 0.14479027450980392 1.0
0.382699 0.36655123529411765 0.1427910588235294 1.0
0.38077666666666665 0.3650133725490196 0.1407918431372549 1.0
0.3788543333333334 0.3634755098039216 0.13879262745098045 1.0
0.376932 0.36193764705882353 0.13679341176470589 1.0
0.3750096666666667 0.3603997843137255 0.13479419607843138 1.0
0.3730873333333333 0.35886192156862745 0.13279498039215687 1.0
0.371165 0.3573240588235294 0.13079576470588236 1.0
0.36924266666666666 0.35578619607843137 0.12879654901960785 1.0
0.36732033333333336 0.35424833333333333 0.12679733333333335 1.0
0.365398 0.3527104705882353 0.12479811764705884 1.0
0.36347566666666664 0.35117260784313725 0.12279890196078433 1.0
0.36155333333333334 0.3496347450980392 0.12079968627450982 1.0
0.35963100000000003 0.3480968823529412 0.11880047058823531 1.0
0.3577086666666667 0.34655901960784313 0.11680125490196079 1.0
0.3557863333333333 0.3450211568627451 0.11480203921568628 1.0
0.353864 0.34348329411764705 0.11280282352941177 1.0
0.35194166666666665 0.341945431372549 0.11080360784313725 1.0
0.35001933333333335 0.340407568627451 0.10880439215686274 1.0
0.34809700000000005 0.338869705882353 0.10680517647058829 1.0
0.34617466666666663 0.3373318431372549 0.10480596078431373 1.0
0.3442523333333333 0.33579398039215685 0.10280674509803922 1.0
0.34233 0.3342561176470588 0.10080752941176471 1.0
0.34040766666666666 0.3327182549019608 0.0988083137254902 1.0
0.3384853333333333 0.33118039215686274 0.0968090980392157 1.0
0.336563 0.3296425294117647 0.09480988235294117 1.0
0.3346406666666667 0.32810466666666666 0.09281066666666668 1.0
0.33271833333333334 0.3265668039215686 0.09081145098039216 1.0
0.330796 0.3250289411764706 0.08881223529411765 1.0
0.3288736666666667 0.32349107843137254 0.08681301960784314 1.0
0.3269513333333333 0.3219532156862745 0.08481380392156863 1.0
0.325029 0.32041535294117646 0.08281458823529413 1.0
0.32310666666666665 0.3188774901960784 0.08081537254901962 1.0
0.3211843333333333 0.3173396274509804 0.0788161568627451 1.0
0.319262 0.31580176470588234 0.0768169411764706 1.0
0.3173396666666667 0.31426390196078435 0.07481772549019614 1.0
0.3154173333333333 0.31272603921568626 0.07281850980392157 1.0
0.31349499999999997 0.3111881764705882 0.07081929411764706 1.0
0.31157266666666666 0.3096503137254902 0.06882007843137256 1.0
0.3096503333333333 0.30811245098039214 0.06682086274509805 1.0
0.307728 0.3065745882352941 0.06482164705882354 1.0
0.30580566666666664 0.30503672549019606 0.06282243137254902 1.0
0.3038833333333333 0.303498862745098 0.06082321568627451 1.0
0.301961 0.301961 0.058824 1.0
0.29965419607843136 0.2999617647058823 0.05767058823529412 1.0
0.29734739215686273 0.2979625294117647 0.05651717647058824 1.0
0.2950405882352941 0.29596329411764705 0.055363764705882355 1.0
0.2927337843137255 0.2939640588235294 0.05421035294117647 1.0
0.29042698039215686 0.2919648235294117 0.05305694117647059 1.0
0.28812017647058824 0.2899655882352941 0.05190352941176471 1.0
0.2858133725490196 0.28796635294117645 0.05075011764705882 1.0
0.28350656862745105 0.28596711764705884 0.04959670588235297 1.0
0.2811997647058823 0.2839678823529412 0.04844329411764706 1.0
0.2788929607843137 0.2819686470588235 0.04728988235294118 1.0
0.27658615686274507 0.27996941176470586 0.04613647058823529 1.0
0.27427935294117645 0.27797017647058825 0.04498305882352941 1.0
0.2719725490196078 0.2759709411764706 0.04382964705882353 1.0
0.2696657450980392 0.2739717058823529 0.04267623529411765 1.0
0.2673589411764706 0.27197247058823526 0.041522823529411765 1.0
0.26505213725490195 0.26997323529411765 0.04036941176470588 1.0
0.26274533333333333 0.267974 0.039216 1.0
0.2604385294117647 0.2659747647058823 0.03806258823529411 1.0
0.2581317254901961 0.2639755294117647 0.03690917647058824 1.0
0.25582492156862746 0.26197629411764706 0.035755764705882355 1.0
0.25351811764705884 0.2599770588235294 0.03460235294117647 1.0
0.2512113137254902 0.25797782352941173 0.033448941176470584 1.0
0.24890450980392156 0.2559785882352941 0.03229552941176471 1.0
0.246597705882353 0.2539793529411765 0.03114211764705886 1.0
0.24429090196078432 0.2519801176470588 0.02998870588235294 1.0
0.24198409803921567 0.2499808823529412 0.028835294117647063 1.0
0.23967729411764704 0.24798164705882353 0.027681882352941178 1.0
0.23737049019607842 0.24598241176470587 0.026528470588235292 1.0
0.2350636862745098 0.24398317647058823 0.02537505882352941 1.0
0.23275688235294117 0.2419839411764706 0.02422164705882353 1.0
0.23045007843137255 0.23998470588235293 0.023068235294117653 1.0
0.22814327450980393 0.2379854705882353 0.021914823529411764 1.0
0.2258364705882353 0.23598623529411766 0.020761411764705882 1.0
0.22352966666666668 0.233987 0.019608 1.0
0.22122286274509803 0.23198776470588234 0.01845458823529412 1.0
0.2189160588235294 0.2299885294117647 0.01730117647058823 1.0
0.21660925490196078 0.22798929411764707 0.016147764705882355 1.0
0.21430245098039213 0.2259900588235294 0.014994352941176473 1.0
0.21199564705882354 0.22399082352941177 0.01384094117647059 1.0
0.20968884313725497 0.2219915882352942 0.012687529411764736 1.0
0.20738203921568626 0.21999235294117647 0.01153411764705882 1.0
0.20507523529411764 0.21799311764705884 0.010380705882352945 1.0
0.20276843137254902 0.2159938823529412 0.009227294117647056 1.0
0.2004616274509804 0.21399464705882354 0.008073882352941174 1.0
0.19815482352941177 0.21199541176470588 0.006920470588235299 1.0
0.19584801960784315 0.20999617647058824 0.00576705882352941 1.0
0.19354121568627453 0.2079969411764706 0.004613647058823535 1.0
0.1912344117647059 0.20599770588235294 0.003460235294117646 1.0
0.18892760784313725 0.20399847058823528 0.002306823529411764 1.0
0.18662080392156866 0.20199923529411767 0.001153411764705882 1.0
0.184314 0.2 0.0 1.0
