1.0 0.984314 0.8 1.0
0.9992310588235294 0.9812382352941177 0.789388705882353 1.0
0.9984621176470588 0.9781624705882354 0.7787774117647059 1.0
0.9976931764705882 0.9750867058823529 0.7681661176470589 1.0
0.9969242352941177 0.9720109411764706 0.7575548235294118 1.0
0.996155294117647 0.9689351764705882 0.7469435294117648 1.0
0.9953863529411765 0.9658594117647059 0.7363322352941177 1.0
0.9946174117647059 0.9627836470588236 0.7257209411764706 1.0
0.9938484705882353 0.9597078823529411 0.7151096470588235 1.0
0.9930795294117647 0.9566321176470588 0.7044983529411765 1.0
0.9923105882352942 0.9535563529411765 0.6938870588235294 1.0
0.9915416470588235 0.9504805882352941 0.6832757647058824 1.0
0.990772705882353 0.9474048235294118 0.6726644705882353 1.0
0.9900037647058824 0.9443290588235294 0.6620531764705883 1.0
0.9892348235294118 0.941253294117647 0.6514418823529412 1.0
0.9884658823529412 0.9381775294117647 0.6408305882352942 1.0
0.9876969411764707 0.9351017647058824 0.6302192941176471 1.0
0.986928 0.932026 0.619608 1.0
0.9861590588235294 0.9289502352941176 0.6089967058823529 1.0
0.9853901176470589 0.9258744705882352 0.5983854117647058 1.0
0.9846211764705882 0.9227987058823529 0.5877741176470588 1.0
0.9838522352941177 0.9197229411764706 0.5771628235294117 1.0
0.983083294117647 0.9166471764705882 0.5665515294117647 1.0
0.9823143529411765 0.9135714117647058 0.5559402352941176 1.0
0.9815454117647059 0.9104956470588235 0.5453289411764706 1.0
0.9807764705882354 0.9074198823529411 0.5347176470588235 1.0
0.9800075294117647 0.9041134509803921 0.5265669411764706 1.0
0.9792385882352942 0.9005763529411764 0.5208768235294118 1.0
0.9784696470588236 0.8970392549019608 0.5151867058823529 1.0
0.977700705882353 0.893502156862745 0.5094965882352941 1.0
0.9769317647058824 0.8899650588235294 0.5038064705882352 1.0
0.9761628235294117 0.8864279607843137 0.49811635294117645 1.0
0.9753938823529412 0.882890862745098 0.49242623529411766 1.0
0.9746249411764706 0.8793537647058823 0.4867361176470589 1.0
0.973856 0.8758166666666667 0.481046 1.0
0.9730870588235294 0.8722795686274509 0.4753558823529412 1.0
0.9723181176470589 0.8687424705882353 0.46966576470588234 1.0
0.9715491764705882 0.8652053725490196 0.46397564705882355 1.0
0.9707802352941176 0.8616682745098039 0.4582855294117647 1.0
0.9700112941176471 0.8581311764705882 0.45259541176470586 1.0
0.9692423529411764 0.8545940784313726 0.44690529411764707 1.0
0.9684734117647059 0.8510569803921569 0.4412151764705883 1.0
0.9677044705882353 0.8475198823529412 0.43552505882352943 1.0
0.9669355294117647 0.8439827843137255 0.4298349411764706 1.0
0.9661665882352941 0.8404456862745098 0.42414482352941174 1.0
0.9653976470588235 0.8369085882352941 0.41845470588235295 1.0
0.9646287058823529 0.8333714901960785 0.4127645882352941 1.0
0.9638597647058823 0.8298343921568627 0.4070744705882353 1.0
0.9630908235294118 0.8262972941176471 0.40138435294117647 1.0
0.9623218823529411 0.8227601960784314 0.3956942352941177 1.0
0.9615529411764706 0.8192230980392157 0.3900041176470588 1.0
0.960784 0.815686 0.384314 1.0
0.9560166274509804 0.8095345490196079 0.3807769019607843 1.0
0.9512492549019608 0.8033830980392157 0.37723980392156864 1.0
0.9464818823529412 0.7972316470588235 0.37370270588235294 1.0
0.9417145098039216 0.7910801960784314 0.37016560784313723 1.0
0.936947137254902 0.7849287450980392 0.3666285098039216 1.0
0.9321797647058824 0.7787772941176471 0.3630914117647059 1.0
0.9274123921568627 0.7726258431372549 0.3595543137254902 1.0
0.9226450196078431 0.7664743921568627 0.3560172156862745 1.0
0.9178776470588235 0.7603229411764706 0.35248011764705883 1.0
0.9131102745098039 0.7541714901960784 0.34894301960784313 1.0
0.9083429019607843 0.7480200392156863 0.3454059215686274 1.0
0.9035755294117647 0.7418685882352941 0.3418688235294117 1.0
0.8988081568627451 0.735717137254902 0.3383317254901961 1.0
0.8940407843137255 0.7295656862745098 0.3347946274509804 1.0
0.8892734117647059 0.7234142352941177 0.33125752941176473 1.0
0.8845060392156863 0.7172627843137255 0.327720431372549 1.0
0.8797386666666667 0.7111113333333333 0.3241833333333333 1.0
0.8749712941176471 0.7049598823529412 0.3206462352941176 1.0
0.8702039215686275 0.698808431372549 0.317109137254902 1.0
0.8654365490196079 0.6926569803921568 0.31357203921568627 1.0
0.8606691764705882 0.6865055294117647 0.31003494117647057 1.0
0.8559018039215686 0.6803540784313725 0.3064978431372549 1.0
0.8511344313725491 0.6742026274509805 0.3029607450980393 1.0
0.8463670588235294 0.6680511764705882 0.2994236470588235 1.0
0.8415996862745098 0.661899725490196 0.29588654901960787 1.0
0.8369091960784313 0.6559020392156862 0.2925801176470588 1.0
0.832295588235294 0.6500581176470588 0.28950435294117643 1.0
0.8276819803921568 0.6442141960784313 0.2864285882352941 1.0
0.8230683725490195 0.6383702745098039 0.28335282352941177 1.0
0.8184547647058823 0.6325263529411764 0.2802770588235294 1.0
0.8138411568627452 0.6266824313725491 0.2772012941176471 1.0
0.8092275490196078 0.6208385098039215 0.2741255294117647 1.0
0.8046139411764706 0.6149945882352941 0.2710497647058823 1.0
0.8000003333333333 0.6091506666666666 0.267974 1.0
0.7953867254901961 0.6033067450980392 0.26489823529411766 1.0
0.7907731176470588 0.5974628235294117 0.26182247058823527 1.0
0.7861595098039216 0.5916189019607843 0.25874670588235293 1.0
0.7815459019607843 0.5857749803921568 0.2556709411764706 1.0
0.7769322941176471 0.5799310588235295 0.25259517647058827 1.0
0.7723186862745098 0.574087137254902 0.24951941176470588 1.0
0.7677050784313726 0.5682432156862746 0.24644364705882352 1.0
0.7630914705882352 0.5623992941176471 0.24336788235294116 1.0
0.7584778627450981 0.5565553725490197 0.24029211764705882 1.0
0.7538642549019607 0.5507114509803922 0.23721635294117646 1.0
0.7492506470588235 0.5448675294117648 0.2341405882352941 1.0
0.7446370392156862 0.5390236078431373 0.23106482352941177 1.0
0.7400234313725491 0.53317968627451 0.22798905882352943 1.0
0.7354098235294118 0.5273357647058824 0.22491329411764704 1.0
0.7307962156862745 0.5214918431372549 0.2218375294117647 1.0
0.7261826078431373 0.5156479215686275 0.21876176470588232 1.0
0.721569 0.509804 0.215686 1.0
0.7188008039215686 0.5061130980392157 0.21430192156862743 1.0
0.7160326078431373 0.5024221960784314 0.2129178431372549 1.0
0.7132644117647059 0.4987312941176471 0.21153376470588234 1.0
0.7104962156862745 0.49504039215686285 0.2101496862745098 1.0
0.7077280196078432 0.49134949019607843 0.20876560784313725 1.0
0.7049598235294118 0.4876585882352941 0.2073815294117647 1.0
0.7021916274509804 0.4839676862745098 0.20599745098039215 1.0
0.699423431372549 0.4802767843137255 0.2046133725490196 1.0
0.6966552352941177 0.4765858823529412 0.20322929411764706 1.0
0.6938870392156863 0.4728949803921569 0.2018452156862745 1.0
0.6911188431372549 0.4692040784313726 0.20046113725490194 1.0
0.6883506470588235 0.4655131764705883 0.1990770588235294 1.0
0.6855824509803922 0.46182227450980395 0.19769298039215685 1.0
0.6828142549019608 0.4581313725490196 0.1963089019607843 1.0
0.6800460588235294 0.45444047058823533 0.19492482352941176 1.0
0.677277862745098 0.45074956862745097 0.1935407450980392 1.0
0.6745096666666667 0.4470586666666667 0.19215666666666667 1.0
0.6717414705882353 0.44336776470588235 0.1907725882352941 1.0
0.6689732745098039 0.43967686274509804 0.18938850980392155 1.0
0.6662050784313726 0.4359859607843138 0.18800443137254905 1.0
0.6634368823529412 0.4322950588235294 0.18662035294117646 1.0
0.6606686862745098 0.4286041568627451 0.18523627450980393 1.0
0.6579004901960784 0.4249132549019608 0.18385219607843137 1.0
0.6551322941176471 0.4212223529411765 0.18246811764705884 1.0
0.6523640980392157 0.4175314509803921 0.18108403921568628 1.0
0.6489807843137255 0.41360988235294116 0.17954617647058824 1.0
0.6449823529411765 0.40945764705882354 0.1778545294117647 1.0
0.6409839215686275 0.40530541176470586 0.17616288235294117 1.0
0.6369854901960784 0.40115317647058824 0.17447123529411765 1.0
0.6329870588235296 0.3970009411764707 0.17277958823529416 1.0
0.6289886274509804 0.39284870588235293 0.17108794117647058 1.0
0.6249901960784313 0.3886964705882353 0.16939629411764706 1.0
0.6209917647058824 0.38454423529411763 0.1677046470588235 1.0
0.6169933333333333 0.380392 0.166013 1.0
0.6129949019607843 0.3762397647058824 0.16432135294117647 1.0
0.6089964705882353 0.3720875294117647 0.16262970588235293 1.0
0.6049980392156863 0.3679352941176471 0.1609380588235294 1.0
0.6009996078431372 0.3637830588235294 0.1592464117647059 1.0
0.5970011764705883 0.3596308235294118 0.15755476470588234 1.0
0.5930027450980392 0.35547858823529416 0.15586311764705882 1.0
0.5890043137254902 0.3513263529411765 0.1541714705882353 1.0
0.5850058823529412 0.34717411764705886 0.15247982352941175 1.0
0.5810074509803921 0.3430218823529412 0.15078817647058823 1.0
0.5770090196078431 0.33886964705882355 0.1490965294117647 1.0
0.573010588235294 0.33471741176470593 0.14740488235294116 1.0
0.5690121568627452 0.33056517647058836 0.14571323529411767 1.0
0.565013725490196 0.32641294117647063 0.1440215882352941 1.0
0.5610152941176471 0.32226070588235295 0.14232994117647058 1.0
0.557016862745098 0.3181084705882353 0.14063829411764706 1.0
0.553018431372549 0.31395623529411765 0.1389466470588235 1.0
0.54902 0.309804 0.137255 1.0
0.545175294117647 0.3061130980392157 0.13571711764705882 1.0
0.5413305882352941 0.3024221960784314 0.13417923529411763 1.0
0.5374858823529411 0.2987312941176471 0.13264135294117646 1.0
0.5336411764705882 0.2950403921568628 0.1311034705882353 1.0
0.5297964705882352 0.2913494901960785 0.1295655882352941 1.0
0.5259517647058823 0.2876585882352941 0.12802770588235293 1.0
0.5221070588235294 0.2839676862745098 0.12648982352941177 1.0
0.5182623529411764 0.2802767843137255 0.12495194117647059 1.0
0.5144176470588235 0.2765858823529412 0.1234140588235294 1.0
0.5105729411764706 0.27289498039215687 0.12187617647058822 1.0
0.5067282352941177 0.2692040784313727 0.1203382941176471 1.0
0.5028835294117647 0.26551317647058825 0.11880041176470588 1.0
0.49903882352941176 0.26182227450980394 0.11726252941176471 1.0
0.4951941176470588 0.25813137254901963 0.11572464705882352 1.0
0.49134941176470587 0.25444047058823527 0.11418676470588235 1.0
0.4875047058823529 0.250749568627451 0.11264888235294117 1.0
0.48366 0.24705866666666668 0.111111 1.0
0.479815294117647 0.24336776470588234 0.10957311764705882 1.0
0.4759705882352941 0.23967686274509803 0.10803523529411764 1.0
0.4721258823529412 0.23598596078431372 0.10649735294117647 1.0
0.4682811764705882 0.2322950588235294 0.10495947058823529 1.0
0.4644364705882353 0.2286041568627451 0.10342158823529411 1.0
0.46059176470588237 0.2249132549019608 0.10188370588235293 1.0
0.4567470588235294 0.22122235294117648 0.10034582352941177 1.0
0.4529023529411765 0.21753145098039214 0.0988079411764706 1.0
0.44898078431372546 0.21376366666666666 0.09696249019607843 1.0
0.44498235294117655 0.2099190000000001 0.09480947058823536 1.0
0.4409839215686274 0.20607433333333333 0.09265645098039216 1.0
0.4369854901960784 0.20222966666666667 0.09050343137254901 1.0
0.4329870588235294 0.19838499999999998 0.08835041176470589 1.0
0.4289886274509804 0.19454033333333332 0.08619739215686274 1.0
0.42499019607843136 0.19069566666666665 0.08404437254901961 1.0
0.42099176470588234 0.186851 0.08189135294117647 1.0
0.4169933333333333 0.18300633333333333 0.07973833333333333 1.0
0.4129949019607843 0.17916166666666666 0.0775853137254902 1.0
0.4089964705882353 0.175317 0.07543229411764707 1.0
0.4049980392156863 0.17147233333333334 0.07327927450980393 1.0
0.40099960784313726 0.16762766666666667 0.07112625490196078 1.0
0.39700117647058825 0.163783 0.06897323529411764 1.0
0.39300274509803923 0.15993833333333332 0.06682021568627451 1.0
0.3890043137254902 0.15609366666666666 0.06466719607843138 1.0
0.3850058823529412 0.152249 0.06251417647058824 1.0
0.38100745098039224 0.14840433333333344 0.06036115686274516 1.0
0.37700901960784317 0.14455966666666667 0.05820813725490196 1.0
0.3730105882352941 0.140715 0.056055117647058825 1.0
0.3690121568627451 0.13687033333333332 0.05390209803921569 1.0
0.36501372549019606 0.13302566666666665 0.05174907843137255 1.0
0.36101529411764705 0.129181 0.04959605882352942 1.0
0.35701686274509803 0.12533633333333333 0.04744303921568628 1.0
0.353018431372549 0.12149166666666666 0.04529001960784314 1.0
0.34902 0.117647 0.043137 1.0
0.3451752941176471 0.1153402156862745 0.04221429411764706 1.0
0.3413305882352941 0.11303343137254902 0.04129158823529412 1.0
0.3374858823529412 0.11072664705882353 0.04036888235294118 1.0
0.3336411764705882 0.10841986274509804 0.039446176470588235 1.0
0.3297964705882353 0.10611307843137255 0.0385234705882353 1.0
0.32595176470588233 0.10380629411764707 0.037600764705882354 1.0
0.3221070588235294 0.10149950980392157 0.03667805882352941 1.0
0.31826235294117655 0.09919272549019614 0.0357553529411765 1.0
0.3144176470588235 0.09688594117647059 0.03483264705882353 1.0
0.3105729411764706 0.0945791568627451 0.03390994117647059 1.0
0.30672823529411763 0.09227237254901961 0.03298723529411765 1.0
0.3028835294117647 0.08996558823529412 0.03206452941176471 1.0
0.29903882352941175 0.08765880392156863 0.031141823529411767 1.0
0.29519411764705883 0.08535201960784314 0.030219117647058823 1.0
0.29134941176470586 0.08304523529411764 0.029296411764705883 1.0
0.28750470588235294 0.08073845098039216 0.02837370588235294 1.0
0.28366 0.07843166666666668 0.027451000000000003 1.0
0.27981529411764705 0.07612488235294118 0.02652829411764706 1.0
0.2759705882352941 0.07381809803921568 0.02560558823529412 1.0
0.27212588235294116 0.07151131372549019 0.024682882352941176 1.0
0.26828117647058825 0.0692045294117647 0.023760176470588236 1.0
0.2644364705882353 0.06689774509803922 0.022837470588235292 1.0
0.2605917647058823 0.06459096078431373 0.021914764705882352 1.0
0.2567470588235295 0.0622841764705883 0.02099205882352944 1.0
0.25290235294117647 0.05997739215686275 0.020069352941176472 1.0
0.24898078431372547 0.05774749019607843 0.019223529411764705 1.0
0.24498235294117646 0.055594470588235294 0.01845458823529412 1.0
0.24098392156862744 0.05344145098039216 0.017685647058823528 1.0
0.23698549019607842 0.05128843137254902 0.01691670588235294 1.0
0.2329870588235294 0.049135411764705886 0.016147764705882355 1.0
0.22898862745098036 0.04698239215686274 0.015378823529411764 1.0
0.22499019607843135 0.044829372549019614 0.014609882352941177 1.0
0.22099176470588233 0.04267635294117647 0.013840941176470587 1.0
0.21699333333333332 0.040523333333333335 0.013072 1.0
0.2129949019607843 0.0383703137254902 0.012303058823529412 1.0
0.20899647058823528 0.03621729411764706 0.011534117647058825 1.0
0.20499803921568627 0.03406427450980393 0.010765176470588235 1.0
0.20099960784313725 0.031911254901960784 0.009996235294117648 1.0
0.19700117647058824 0.029758235294117648 0.00922729411764706 1.0
0.19300274509803933 0.027605215686274574 0.008458352941176493 1.0
0.1890043137254902 0.025452196078431376 0.007689411764705884 1.0
0.1850058823529412 0.023299176470588233 0.0069204705882352936 1.0
0.18100745098039217 0.021146156862745097 0.006151529411764707 1.0
0.17700901960784315 0.01899313725490196 0.005382588235294118 1.0
0.17301058823529414 0.016840117647058825 0.004613647058823531 1.0
0.16901215686274512 0.014687098039215689 0.003844705882352941 1.0
0.1650137254901961 0.012534078431372553 0.0030757647058823542 1.0
0.1610152941176471 0.010381058823529417 0.002306823529411764 1.0
0.15701686274509807 0.00822803921568628 0.0015378823529411771 1.0
0.15301843137254903 0.006075019607843138 0.0007689411764705868 1.0
0.14902 0.003922 0.0 1.0
