0.941176 0.913725 0.866667 1.0
0.9356396862745098 0.9054205294117648 0.8546715490196078 1.0
0.9301033725490196 0.8971160588235294 0.8426760980392156 1.0
0.9245670588235294 0.8888115882352942 0.8306806470588235 1.0
0.9190307450980393 0.8805071176470588 0.8186851960784314 1.0
0.913494431372549 0.8722026470588236 0.8066897450980393 1.0
0.9079581176470588 0.8638981764705882 0.794694294117647 1.0
0.9024218039215687 0.855593705882353 0.7826988431372549 1.0
0.8968854901960784 0.8472892352941176 0.7707033921568628 1.0
0.8913491764705883 0.8389847647058823 0.7587079411764706 1.0
0.8858128627450981 0.830680294117647 0.7467124901960784 1.0
0.8802765490196078 0.8223758235294117 0.7347170392156863 1.0
0.8747402352941177 0.8140713529411765 0.7227215882352942 1.0
0.8699728627450981 0.8065358039215687 0.7125716078431373 1.0
0.8675123137254902 0.8013070196078431 0.7079580392156863 1.0
0.8650517647058824 0.7960782352941176 0.7033444705882353 1.0
0.8625912156862745 0.7908494509803922 0.6987309019607844 1.0
0.8601306666666667 0.7856206666666666 0.6941173333333334 1.0
0.8576701176470588 0.7803918823529411 0.6895037647058824 1.0
0.855209568627451 0.7751630980392157 0.6848901960784314 1.0
0.8527490196078431 0.7699343137254901 0.6802766274509804 1.0
0.8502884705882353 0.7647055294117646 0.6756630588235294 1.0
0.8478279215686274 0.7594767450980392 0.6710494901960784 1.0
0.8453673725490196 0.7542479607843137 0.6664359215686274 1.0
0.8429068235294117 0.7490191764705882 0.6618223529411764 1.0
0.8404462745098039 0.7437903921568627 0.6572087843137254 1.0
0.8376781176470588 0.7387154117647058 0.6512110980392156 1.0
0.8346023529411765 0.7337942352941176 0.643829294117647 1.0
0.8315265882352941 0.7288730588235294 0.6364474901960784 1.0
0.8284508235294118 0.7239518823529412 0.6290656862745098 1.0
0.8253750588235294 0.719030705882353 0.6216838823529411 1.0
0.822299294117647 0.7141095294117646 0.6143020784313725 1.0
0.8192235294117647 0.7091883529411764 0.6069202745098039 1.0
0.8161477647058824 0.7042671764705882 0.5995384705882353 1.0
0.813072 0.699346 0.5921566666666667 1.0
0.8099962352941177 0.6944248235294117 0.5847748627450979 1.0
0.8069204705882354 0.6895036470588235 0.5773930588235294 1.0
0.803844705882353 0.6845824705882353 0.5700112549019608 1.0
0.8007689411764707 0.6796612941176471 0.5626294509803921 1.0
0.7965397647058824 0.6754321764705883 0.5568624705882352 1.0
0.7919261176470589 0.6714337450980392 0.5516337647058823 1.0
0.7873124705882354 0.6674353137254903 0.5464050588235294 1.0
0.7826988235294118 0.6634368823529412 0.5411763529411764 1.0
0.7780851764705883 0.6594384509803921 0.5359476470588235 1.0
0.7734715294117647 0.6554400196078431 0.5307189411764706 1.0
0.7688578823529412 0.6514415882352942 0.5254902352941176 1.0
0.7642442352941177 0.6474431568627451 0.5202615294117647 1.0
0.7596305882352941 0.643444725490196 0.5150328235294117 1.0
0.7550169411764706 0.6394462941176471 0.5098041176470588 1.0
0.7504032941176471 0.635447862745098 0.5045754117647059 1.0
0.7457896470588234 0.631449431372549 0.49934670588235297 1.0
0.741176 0.627451 0.494118 1.0
0.7379465098039215 0.6254517843137255 0.49134980392156863 1.0
0.7347170196078431 0.623452568627451 0.48858160784313726 1.0
0.7314875294117646 0.6214533529411764 0.4858134117647059 1.0
0.7282580392156862 0.619454137254902 0.4830452156862745 1.0
0.7250285490196078 0.6174549215686275 0.48027701960784314 1.0
0.7217990588235293 0.6154557058823529 0.47750882352941176 1.0
0.7185695686274509 0.6134564901960784 0.4747406274509804 1.0
0.7153400784313725 0.6114572745098039 0.471972431372549 1.0
0.712110588235294 0.6094580588235294 0.46920423529411764 1.0
0.7088810980392156 0.6074588431372548 0.46643603921568627 1.0
0.7056516078431372 0.6054596274509804 0.4636678431372549 1.0
0.7024221176470588 0.6034604117647059 0.4608996470588235 1.0
0.6991926274509803 0.6014611960784313 0.45813145098039215 1.0
0.6959631372549019 0.5994619803921568 0.4553632549019608 1.0
0.6927336470588236 0.5974627647058823 0.45259505882352946 1.0
0.689504156862745 0.5954635490196079 0.44982686274509803 1.0
0.6862746666666666 0.5934643333333333 0.44705866666666666 1.0
0.6830451764705882 0.5914651176470588 0.4442904705882353 1.0
0.6798156862745097 0.5894659019607843 0.4415222745098039 1.0
0.6765861960784313 0.5874666862745097 0.43875407843137254 1.0
0.6733567058823529 0.5854674705882352 0.43598588235294117 1.0
0.6701272156862744 0.5834682549019607 0.4332176862745098 1.0
0.6668977254901961 0.5814690392156863 0.4304494901960785 1.0
0.6636682352941177 0.5794698235294117 0.42768129411764705 1.0
0.6604387450980391 0.5774706078431372 0.4249130980392157 1.0
0.6576705882352941 0.5747024509803921 0.4222987058823529 1.0
0.6553637647058823 0.5711653529411764 0.4198381176470588 1.0
0.6530569411764705 0.5676282549019608 0.4173775294117647 1.0
0.6507501176470588 0.564091156862745 0.4149169411764706 1.0
0.648443294117647 0.5605540588235294 0.41245635294117644 1.0
0.6461364705882353 0.5570169607843137 0.4099957647058824 1.0
0.6438296470588235 0.553479862745098 0.40753517647058823 1.0
0.6415228235294117 0.5499427647058823 0.40507458823529413 1.0
0.639216 0.5464056666666667 0.40261399999999997 1.0
0.6369091764705882 0.5428685686274509 0.40015341176470587 1.0
0.6346023529411764 0.5393314705882353 0.39769282352941177 1.0
0.6322955294117647 0.5357943725490196 0.39523223529411766 1.0
0.6299887058823529 0.5322572745098039 0.3927716470588235 1.0
0.6276818823529412 0.5287201764705882 0.39031105882352946 1.0
0.6253750588235294 0.5251830784313726 0.3878504705882353 1.0
0.6230682352941176 0.5216459803921568 0.3853898823529412 1.0
0.6207614117647059 0.5181088823529412 0.38292929411764703 1.0
0.6184545882352941 0.5145717843137255 0.38046870588235293 1.0
0.6161477647058823 0.5110346862745098 0.37800811764705883 1.0
0.6138409411764706 0.5074975882352941 0.3755475294117647 1.0
0.6115341176470588 0.5039604901960785 0.37308694117647057 1.0
0.6092272941176471 0.5004233921568628 0.3706263529411765 1.0
0.6069204705882353 0.49688629411764706 0.36816576470588236 1.0
0.6046136470588235 0.4933491960784314 0.36570517647058826 1.0
0.6023068235294118 0.48981209803921566 0.3632445882352941 1.0
0.6 0.486275 0.360784 1.0
0.5972318431372549 0.48273786274509806 0.3583234117647059 1.0
0.5944636862745097 0.4792007254901961 0.35586282352941173 1.0
0.5916955294117647 0.47566358823529414 0.35340223529411763 1.0
0.5889273725490196 0.4721264509803922 0.3509416470588236 1.0
0.5861592156862745 0.4685893137254902 0.3484810588235294 1.0
0.5833910588235294 0.4650521764705882 0.34602047058823526 1.0
0.5806229019607843 0.46151503921568626 0.34355988235294116 1.0
0.5778547450980392 0.4579779019607843 0.34109929411764706 1.0
0.5750865882352941 0.45444076470588235 0.33863870588235295 1.0
0.572318431372549 0.4509036274509804 0.3361781176470588 1.0
0.5695502745098039 0.44736649019607844 0.3337175294117647 1.0
0.5667821176470589 0.44382935294117654 0.33125694117647064 1.0
0.5640139607843138 0.4402922156862745 0.3287963529411765 1.0
0.5612458039215686 0.4367550784313725 0.3263357647058823 1.0
0.5584776470588235 0.4332179411764706 0.3238751764705882 1.0
0.5557094901960784 0.4296808039215686 0.3214145882352941 1.0
0.5529413333333333 0.42614366666666664 0.318954 1.0
0.5501731764705882 0.4226065294117647 0.31649341176470586 1.0
0.5474050196078432 0.41906939215686273 0.31403282352941175 1.0
0.544636862745098 0.41553225490196083 0.3115722352941177 1.0
0.5418687058823529 0.4119951176470588 0.30911164705882355 1.0
0.5391005490196078 0.40845798039215686 0.3066510588235294 1.0
0.5363323921568628 0.4049208431372549 0.3041904705882353 1.0
0.5335642352941177 0.40138370588235295 0.3017298823529412 1.0
0.5307960784313726 0.39784656862745094 0.2992692941176471 1.0
0.5278741176470588 0.39500149019607844 0.2968087058823529 1.0
0.5247983529411765 0.3928484705882353 0.2943481176470588 1.0
0.5217225882352942 0.39069545098039216 0.2918875294117647 1.0
0.5186468235294117 0.388542431372549 0.2894269411764706 1.0
0.5155710588235295 0.3863894117647059 0.28696635294117656 1.0
0.512495294117647 0.3842363921568627 0.28450576470588235 1.0
0.5094195294117647 0.3820833725490196 0.28204517647058824 1.0
0.5063437647058824 0.37993035294117644 0.27958458823529414 1.0
0.503268 0.3777773333333333 0.277124 1.0
0.5001922352941176 0.37562431372549016 0.2746634117647059 1.0
0.49711647058823527 0.37347129411764707 0.2722028235294118 1.0
0.49404070588235294 0.3713182745098039 0.26974223529411767 1.0
0.4909649411764706 0.3691652549019608 0.2672816470588235 1.0
0.4878891764705882 0.36701223529411764 0.2648210588235294 1.0
0.4848134117647059 0.3648592156862745 0.2623604705882353 1.0
0.48173764705882355 0.36270619607843135 0.2598998823529412 1.0
0.47866188235294116 0.3605531764705882 0.25743929411764704 1.0
0.4755861176470588 0.35840015686274507 0.25497870588235294 1.0
0.4725103529411765 0.3562471372549019 0.25251811764705884 1.0
0.4694345882352941 0.3540941176470588 0.25005752941176473 1.0
0.4663588235294118 0.35194109803921575 0.24759694117647066 1.0
0.4632830588235294 0.34978807843137255 0.24513635294117647 1.0
0.46020729411764705 0.3476350588235294 0.24267576470588237 1.0
0.4571315294117647 0.34548203921568627 0.24021517647058824 1.0
0.4540557647058823 0.3433290196078431 0.2377545882352941 1.0
0.45098 0.341176 0.235294 1.0
0.4477504705882353 0.3387154117647059 0.2325258431372549 1.0
0.44452094117647056 0.3362548235294117 0.22975768627450982 1.0
0.4412914117647059 0.3337942352941176 0.2269895294117647 1.0
0.4380618823529412 0.3313336470588235 0.2242213725490196 1.0
0.43483235294117645 0.3288730588235294 0.22145321568627452 1.0
0.43160282352941176 0.32641247058823525 0.2186850588235294 1.0
0.428373294117647 0.32395188235294115 0.2159169019607843 1.0
0.42514376470588233 0.32149129411764704 0.21314874509803922 1.0
0.42191423529411765 0.31903070588235294 0.21038058823529412 1.0
0.41868470588235296 0.3165701176470588 0.20761243137254903 1.0
0.4154551764705883 0.31410952941176473 0.204844274509804 1.0
0.41222564705882353 0.3116489411764706 0.20207611764705882 1.0
0.4089961176470588 0.30918835294117647 0.19930796078431373 1.0
0.4057665882352941 0.3067277647058823 0.1965398039215686 1.0
0.4025370588235294 0.3042671764705882 0.19377164705882352 1.0
0.3993075294117647 0.3018065882352941 0.19100349019607843 1.0
0.396078 0.299346 0.18823533333333334 1.0
0.3928484705882353 0.29688541176470584 0.18546717647058822 1.0
0.38961894117647056 0.29442482352941174 0.18269901960784313 1.0
0.38638941176470587 0.29196423529411764 0.17993086274509804 1.0
0.3831598823529412 0.28950364705882353 0.17716270588235294 1.0
0.37993035294117644 0.2870430588235294 0.17439454901960783 1.0
0.37670082352941175 0.28458247058823527 0.17162639215686273 1.0
0.373471294117647 0.28212188235294117 0.16885823529411764 1.0
0.3702417647058823 0.27966129411764706 0.16609007843137252 1.0
0.36770429411764705 0.2770469215686274 0.1637063725490196 1.0
0.36585888235294123 0.2742787647058824 0.16170711764705886 1.0
0.3640134705882353 0.27151060784313724 0.15970786274509804 1.0
0.36216805882352937 0.2687424509803921 0.15770860784313726 1.0
0.3603226470588235 0.26597429411764706 0.15570935294117647 1.0
0.3584772352941176 0.26320613725490194 0.15371009803921568 1.0
0.35663182352941175 0.2604379803921569 0.15171084313725489 1.0
0.3547864117647059 0.25766982352941176 0.14971158823529412 1.0
0.352941 0.25490166666666664 0.14771233333333333 1.0
0.3510955882352941 0.2521335098039216 0.14571307843137254 1.0
0.3492501764705882 0.24936535294117645 0.14371382352941175 1.0
0.34740476470588233 0.24659719607843136 0.14171456862745097 1.0
0.34555935294117646 0.24382903921568627 0.1397153137254902 1.0
0.3437139411764706 0.24106088235294115 0.1377160588235294 1.0
0.3418685294117647 0.2382927254901961 0.13571680392156862 1.0
0.34002311764705884 0.23552456862745097 0.13371754901960783 1.0
0.3381777058823529 0.23275641176470588 0.13171829411764707 1.0
0.3363322941176471 0.22998825490196084 0.12971903921568634 1.0
0.33448688235294116 0.22722009803921567 0.1277197843137255 1.0
0.3326414705882353 0.2244519411764706 0.1257205294117647 1.0
0.3307960588235294 0.22168378431372548 0.12372127450980391 1.0
0.32895064705882354 0.2189156274509804 0.12172201960784315 1.0
0.3271052352941176 0.2161474705882353 0.11972276470588236 1.0
0.32525982352941174 0.21337931372549018 0.11772350980392157 1.0
0.32341441176470587 0.2106111568627451 0.11572425490196078 1.0
0.321569 0.207843 0.113725 1.0
0.3195697450980392 0.20538241176470587 0.11187958823529412 1.0
0.3175704901960784 0.20292182352941177 0.11003417647058825 1.0
0.3155712352941176 0.20046123529411763 0.10818876470588236 1.0
0.31357198039215683 0.19800064705882353 0.10634335294117647 1.0
0.3115727254901961 0.1955400588235294 0.1044979411764706 1.0
0.3095734705882353 0.1930794705882353 0.10265252941176471 1.0
0.3075742156862745 0.19061888235294117 0.10080711764705882 1.0
0.3055749607843138 0.18815829411764712 0.09896170588235301 1.0
0.30357570588235294 0.18569770588235293 0.09711629411764706 1.0
0.30157645098039215 0.18323711764705883 0.09527088235294118 1.0
0.29957719607843136 0.1807765294117647 0.0934254705882353 1.0
0.2975779411764706 0.1783159411764706 0.09158005882352942 1.0
0.2955786862745098 0.1758553529411765 0.08973464705882353 1.0
0.293579431372549 0.17339476470588236 0.08788923529411766 1.0
0.2915801764705882 0.17093417647058823 0.08604382352941177 1.0
0.28958092156862747 0.16847358823529412 0.08419841176470588 1.0
0.2875816666666667 0.16601300000000002 0.08235300000000001 1.0
0.2855824117647059 0.1635524117647059 0.08050758823529412 1.0
0.2835831568627451 0.16109182352941176 0.07866217647058824 1.0
0.2815839019607843 0.15863123529411766 0.07681676470588236 1.0
0.2795846470588235 0.15617064705882355 0.07497135294117648 1.0
0.27758539215686273 0.15371005882352942 0.07312594117647059 1.0
0.27558613725490194 0.1512494705882353 0.07128052941176471 1.0
0.2735868823529412 0.14878888235294124 0.06943511764705888 1.0
0.2715876274509804 0.14632829411764706 0.06758970588235294 1.0
0.26858878431372546 0.1446366274509804 0.06574425490196079 1.0
0.26459035294117644 0.1437138823529412 0.06389876470588236 1.0
0.2605919215686274 0.14279113725490197 0.06205327450980393 1.0
0.2565934901960784 0.14186839215686275 0.06020778431372549 1.0
0.2525950588235294 0.14094564705882354 0.05836229411764706 1.0
0.24859662745098038 0.14002290196078432 0.05651680392156863 1.0
0.24459819607843136 0.1391001568627451 0.0546713137254902 1.0
0.24059976470588235 0.13817741176470588 0.052825823529411765 1.0
0.23660133333333333 0.13725466666666666 0.050980333333333336 1.0
0.23260290196078431 0.13633192156862745 0.0491348431372549 1.0
0.2286044705882353 0.13540917647058826 0.04728935294117648 1.0
0.22460603921568628 0.13448643137254904 0.04544386274509804 1.0
0.22060760784313727 0.13356368627450982 0.04359837254901961 1.0
0.21730117647058822 0.13171823529411766 0.04175294117647059 1.0
0.21422541176470597 0.12956521568627458 0.03990752941176476 1.0
0.21114964705882353 0.12741219607843138 0.03806211764705882 1.0
0.20807388235294116 0.12525917647058823 0.03621670588235294 1.0
0.20499811764705883 0.1231061568627451 0.03437129411764706 1.0
0.20192235294117647 0.12095313725490196 0.032525882352941175 1.0
0.1988465882352941 0.11880011764705883 0.030680470588235295 1.0
0.19577082352941177 0.11664709803921569 0.028835058823529415 1.0
0.1926950588235294 0.11449407843137255 0.02698964705882353 1.0
0.18961929411764705 0.11234105882352942 0.025144235294117648 1.0
0.18654352941176472 0.11018803921568628 0.023298823529411764 1.0
0.18346776470588236 0.10803501960784315 0.021453411764705884 1.0
0.180392 0.105882 0.019608 1.0
