1.0 0.945098 0.839216 1.0
0.9953863529411765 0.9392540784313725 0.8330644705882353 1.0
0.9907727058823529 0.9334101568627451 0.8269129411764705 1.0
0.9861590588235294 0.9275662352941176 0.8207614117647059 1.0
0.9815454117647059 0.9217223137254902 0.8146098823529412 1.0
0.9769317647058824 0.9158783921568627 0.8084583529411764 1.0
0.9723181176470588 0.9100344705882353 0.8023068235294117 1.0
0.9677044705882353 0.9041905490196078 0.7961552941176471 1.0
0.9630908235294118 0.8983466274509804 0.7900037647058824 1.0
0.9584771764705883 0.8925027058823529 0.7838522352941176 1.0
0.9538635294117647 0.8866587843137255 0.777700705882353 1.0
0.9492498823529412 0.880814862745098 0.7715491764705882 1.0
0.9446362352941177 0.8749709411764706 0.7653976470588235 1.0
0.9399457058823529 0.8683580980392157 0.7576313725490196 1.0
0.9350245294117647 0.8594384901960784 0.745020862745098 1.0
0.9301033529411765 0.8505188823529412 0.7324103529411765 1.0
0.9251821764705882 0.841599274509804 0.7197998431372549 1.0
0.920261 0.8326796666666667 0.7071893333333333 1.0
0.9153398235294118 0.8237600588235294 0.6945788235294118 1.0
0.9104186470588235 0.8148404509803922 0.6819683137254902 1.0
0.9054974705882353 0.8059208431372549 0.6693578039215686 1.0
0.9005762941176471 0.7970012352941176 0.6567472941176471 1.0
0.8956551176470589 0.7880816274509803 0.6441367843137255 1.0
0.8907339411764705 0.7791620196078431 0.6315262745098039 1.0
0.8858127647058823 0.7702424117647059 0.6189157647058823 1.0
0.8808915882352941 0.7613228039215686 0.6063052549019607 1.0
0.8761242156862745 0.7537872352941176 0.5970780392156863 1.0
0.8715106470588235 0.747635705882353 0.5912341176470588 1.0
0.8668970784313725 0.7414841764705882 0.5853901960784313 1.0
0.8622835098039215 0.7353326470588235 0.5795462745098039 1.0
0.8576699411764706 0.7291811176470588 0.5737023529411764 1.0
0.8530563725490196 0.7230295882352941 0.567858431372549 1.0
0.8484428039215686 0.7168780588235294 0.5620145098039215 1.0
0.8438292352941177 0.7107265294117647 0.5561705882352942 1.0
0.8392156666666667 0.704575 0.5503266666666666 1.0
0.8346020980392157 0.6984234705882353 0.5444827450980392 1.0
0.8299885294117647 0.6922719411764706 0.5386388235294117 1.0
0.8253749607843137 0.686120411764706 0.5327949019607844 1.0
0.8207613921568627 0.6799688823529412 0.5269509803921568 1.0
0.8173011764705882 0.6752014705882353 0.5229525294117647 1.0
0.8142254117647059 0.670895431372549 0.5195692352941177 1.0
0.8111496470588235 0.6665893921568627 0.5161859411764707 1.0
0.8080738823529412 0.6622833529411765 0.5128026470588235 1.0
0.8049981176470589 0.6579773137254902 0.5094193529411765 1.0
0.8019223529411764 0.6536712745098039 0.5060360588235294 1.0
0.7988465882352941 0.6493652352941177 0.5026527647058824 1.0
0.7957708235294118 0.6450591960784314 0.4992694705882353 1.0
0.7926950588235294 0.6407531568627451 0.49588617647058825 1.0
0.7896192941176471 0.6364471176470589 0.49250288235294115 1.0
0.7865435294117648 0.6321410784313726 0.4891195882352941 1.0
0.7834677647058823 0.6278350392156863 0.485736294117647 1.0
0.780392 0.623529 0.482353 1.0
0.7773162352941176 0.6192229607843137 0.47927723529411764 1.0
0.7742404705882353 0.6149169215686274 0.4762014705882353 1.0
0.7711647058823529 0.6106108823529411 0.4731257058823529 1.0
0.7680889411764705 0.6063048431372549 0.4700499411764706 1.0
0.7650131764705882 0.6019988039215687 0.4669741764705882 1.0
0.7619374117647059 0.5976927647058824 0.4638984117647059 1.0
0.7588616470588235 0.5933867254901961 0.46082264705882353 1.0
0.7557858823529411 0.5890806862745098 0.45774688235294114 1.0
0.7527101176470588 0.5847746470588235 0.4546711176470588 1.0
0.7496343529411764 0.5804686078431373 0.4515953529411765 1.0
0.7465585882352941 0.576162568627451 0.44851958823529414 1.0
0.7434828235294118 0.5718565294117647 0.44544382352941175 1.0
0.740560862745098 0.567704294117647 0.442521862745098 1.0
0.7381003137254901 0.5640134705882353 0.4400613137254902 1.0
0.7356397647058823 0.5603226470588236 0.4376007647058824 1.0
0.7331792156862744 0.5566318235294118 0.43514021568627453 1.0
0.7307186666666666 0.552941 0.4326796666666667 1.0
0.7282581176470588 0.5492501764705882 0.43021911764705884 1.0
0.7257975686274509 0.5455593529411764 0.427758568627451 1.0
0.7233370196078431 0.5418685294117647 0.42529801960784314 1.0
0.7208764705882352 0.5381777058823529 0.4228374705882353 1.0
0.7184159215686274 0.5344868823529412 0.42037692156862744 1.0
0.7159553725490196 0.5307960588235294 0.41791637254901964 1.0
0.7134948235294117 0.5271052352941176 0.41545582352941174 1.0
0.7110342745098039 0.5234144117647058 0.4129952745098039 1.0
0.7082661176470588 0.5194159803921569 0.41038092156862743 1.0
0.7051903529411765 0.5151099411764706 0.40761276470588237 1.0
0.7021145882352942 0.5108039019607843 0.40484460784313725 1.0
0.6990388235294117 0.506497862745098 0.40207645098039213 1.0
0.6959630588235294 0.5021918235294117 0.39930829411764707 1.0
0.692887294117647 0.49788578431372554 0.396540137254902 1.0
0.6898115294117647 0.4935797450980392 0.3937719803921569 1.0
0.6867357647058824 0.4892737058823529 0.39100382352941176 1.0
0.6836599999999999 0.48496766666666663 0.38823566666666665 1.0
0.6805842352941176 0.4806616274509804 0.3854675098039216 1.0
0.6775084705882353 0.4763555882352941 0.38269935294117646 1.0
0.6744327058823529 0.47204954901960783 0.3799311960784314 1.0
0.6713569411764706 0.46774350980392154 0.3771630392156863 1.0
0.6687425882352941 0.46412947058823534 0.37462552941176475 1.0
0.6662820392156863 0.4607460980392157 0.37216490196078433 1.0
0.6638214901960784 0.4573627254901961 0.3697042745098039 1.0
0.6613609411764706 0.4539793529411765 0.3672436470588235 1.0
0.6589003921568627 0.45059598039215687 0.36478301960784315 1.0
0.6564398431372549 0.44721260784313727 0.36232239215686274 1.0
0.653979294117647 0.44382923529411766 0.3598617647058824 1.0
0.6515187450980392 0.440445862745098 0.35740113725490197 1.0
0.6490581960784314 0.43706249019607846 0.3549405098039216 1.0
0.6465976470588235 0.4336791176470588 0.3524798823529412 1.0
0.6441370980392157 0.4302957450980392 0.3500192549019608 1.0
0.6416765490196078 0.4269123725490196 0.34755862745098043 1.0
0.639216 0.423529 0.345098 1.0
0.6370629803921569 0.42014570588235295 0.3429449803921569 1.0
0.6349099607843137 0.41676241176470585 0.34079196078431373 1.0
0.6327569411764706 0.4133791176470588 0.3386389411764706 1.0
0.6306039215686274 0.40999582352941183 0.3364859215686275 1.0
0.6284509019607843 0.4066125294117647 0.33433290196078436 1.0
0.6262978823529411 0.40322923529411764 0.3321798823529412 1.0
0.6241448627450981 0.3998459411764706 0.33002686274509807 1.0
0.6219918431372549 0.3964626470588235 0.32787384313725493 1.0
0.6198388235294118 0.39307935294117646 0.3257208235294118 1.0
0.6176858039215687 0.3896960588235294 0.32356780392156864 1.0
0.6155327843137255 0.3863127647058824 0.3214147843137255 1.0
0.6133797647058824 0.38292947058823534 0.3192617647058824 1.0
0.611149843137255 0.37969996078431373 0.3171087450980392 1.0
0.6086892156862745 0.3769318039215686 0.31495572549019607 1.0
0.6062285882352941 0.37416364705882355 0.3128027058823529 1.0
0.6037679607843137 0.3713954901960784 0.31064968627450984 1.0
0.6013073333333333 0.36862733333333336 0.3084966666666667 1.0
0.598846705882353 0.36585917647058824 0.30634364705882355 1.0
0.5963860784313726 0.3630910196078431 0.3041906274509804 1.0
0.5939254509803922 0.3603228627450981 0.3020376078431373 1.0
0.5914648235294118 0.35755470588235294 0.2998845882352941 1.0
0.5890041960784314 0.3547865490196079 0.297731568627451 1.0
0.5865435686274509 0.35201839215686276 0.29557854901960784 1.0
0.5840829411764706 0.34925023529411764 0.2934255294117647 1.0
0.5816223137254902 0.3464820784313726 0.29127250980392155 1.0
0.5791617254901961 0.34371392156862746 0.2894270588235294 1.0
0.5767011764705883 0.3409457647058824 0.28788917647058826 1.0
0.5742406274509804 0.3381776078431373 0.2863512941176471 1.0
0.5717800784313726 0.33540945098039215 0.28481341176470587 1.0
0.5693195294117648 0.33264129411764715 0.28327552941176476 1.0
0.5668589803921569 0.32987313725490197 0.28173764705882354 1.0
0.564398431372549 0.3271049803921569 0.28019976470588237 1.0
0.5619378823529412 0.3243368235294118 0.2786618823529412 1.0
0.5594773333333333 0.32156866666666667 0.277124 1.0
0.5570167843137255 0.3188005098039216 0.2755861176470588 1.0
0.5545562352941176 0.3160323529411765 0.27404823529411765 1.0
0.5520956862745098 0.31326419607843137 0.2725103529411765 1.0
0.5496351372549019 0.3104960392156863 0.2709724705882353 1.0
0.5474052352941176 0.3081892352941177 0.2694345882352941 1.0
0.5452522156862745 0.30603621568627454 0.2678967058823529 1.0
0.5430991960784314 0.3038831960784314 0.26635882352941176 1.0
0.5409461764705882 0.30173017647058825 0.2648209411764706 1.0
0.5387931568627451 0.2995771568627451 0.2632830588235294 1.0
0.5366401372549019 0.29742413725490197 0.2617451764705882 1.0
0.5344871176470588 0.2952711176470588 0.26020729411764704 1.0
0.5323340980392157 0.2931180980392158 0.2586694117647059 1.0
0.5301810784313725 0.2909650784313726 0.2571315294117647 1.0
0.5280280588235293 0.28881205882352945 0.25559364705882354 1.0
0.5258750392156862 0.2866590392156863 0.2540557647058823 1.0
0.523722019607843 0.28450601960784316 0.25251788235294115 1.0
0.521569 0.282353 0.25098 1.0
0.5191083725490195 0.2798923725490196 0.24944219607843135 1.0
0.5166477450980391 0.27743174509803925 0.24790439215686272 1.0
0.5141871176470588 0.27497111764705884 0.24636658823529411 1.0
0.5117264901960784 0.2725104901960784 0.24482878431372548 1.0
0.509265862745098 0.27004986274509807 0.24329098039215685 1.0
0.5068052352941176 0.26758923529411766 0.24175317647058822 1.0
0.5043446078431373 0.26512860784313724 0.2402153725490196 1.0
0.5018839803921569 0.2626679803921569 0.23867756862745096 1.0
0.49942335294117646 0.2602073529411765 0.23713976470588236 1.0
0.4969627254901961 0.25774672549019606 0.23560196078431372 1.0
0.49450209803921574 0.25528609803921576 0.23406415686274512 1.0
0.49204147058823533 0.2528254705882353 0.23252635294117646 1.0
0.48958086274509804 0.2504417450980392 0.2309885294117647 1.0
0.4871203137254902 0.24828872549019607 0.22945064705882354 1.0
0.48465976470588235 0.24613570588235292 0.22791276470588234 1.0
0.48219921568627455 0.24398268627450978 0.22637488235294118 1.0
0.4797386666666667 0.24182966666666666 0.224837 1.0
0.47727811764705885 0.23967664705882352 0.22329911764705881 1.0
0.474817568627451 0.23752362745098038 0.22176123529411765 1.0
0.47235701960784315 0.23537060784313724 0.22022335294117648 1.0
0.4698964705882353 0.23321758823529412 0.2186854705882353 1.0
0.46743592156862745 0.23106456862745098 0.21714758823529412 1.0
0.4649753725490196 0.22891154901960784 0.21560970588235295 1.0
0.46251482352941176 0.22675852941176472 0.2140718235294118 1.0
0.4600542745098039 0.22460550980392158 0.2125339411764706 1.0
0.45774749019607847 0.22245249019607843 0.21099605882352943 1.0
0.4555944705882354 0.22029947058823535 0.2094581764705883 1.0
0.4534414509803922 0.21814645098039215 0.20792029411764706 1.0
0.45128843137254904 0.21599343137254903 0.2063824117647059 1.0
0.4491354117647059 0.2138404117647059 0.2048445294117647 1.0
0.44698239215686275 0.21168739215686275 0.20330664705882354 1.0
0.4448293725490196 0.2095343725490196 0.20176876470588234 1.0
0.44267635294117647 0.2073813529411765 0.20023088235294118 1.0
0.4405233333333333 0.20522833333333335 0.198693 1.0
0.4383703137254902 0.2030753137254902 0.19715511764705881 1.0
0.4362172941176471 0.20092229411764706 0.19561723529411765 1.0
0.43406427450980395 0.19876927450980392 0.19407935294117645 1.0
0.4319112549019608 0.19661625490196077 0.1925414705882353 1.0
0.4295275294117647 0.1946939411764706 0.19169564705882353 1.0
0.42706690196078434 0.1928485294117647 0.19108050980392158 1.0
0.4246062745098039 0.19100311764705882 0.1904653725490196 1.0
0.4221456470588235 0.18915770588235295 0.18985023529411765 1.0
0.4196850196078432 0.1873122941176471 0.1892350980392157 1.0
0.41722439215686274 0.18546688235294118 0.18861996078431373 1.0
0.4147637647058824 0.1836214705882353 0.18800482352941175 1.0
0.412303137254902 0.18177605882352943 0.1873896862745098 1.0
0.40984250980392156 0.17993064705882353 0.18677454901960786 1.0
0.4073818823529412 0.17808523529411766 0.18615941176470588 1.0
0.4049212549019608 0.17623982352941178 0.18554427450980393 1.0
0.40246062745098043 0.17439441176470588 0.18492913725490195 1.0
0.4 0.172549 0.184314 1.0
0.3975393725490196 0.17101111764705884 0.18308364705882355 1.0
0.39507874509803925 0.16947323529411765 0.18185329411764706 1.0
0.39261811764705884 0.16793535294117648 0.1806229411764706 1.0
0.3901574901960784 0.16639747058823529 0.1793925882352941 1.0
0.38769686274509807 0.16485958823529412 0.17816223529411765 1.0
0.38523623529411766 0.16332170588235295 0.1769318823529412 1.0
0.38277560784313724 0.16178382352941176 0.1757015294117647 1.0
0.38031498039215694 0.16024594117647062 0.17447117647058827 1.0
0.3778543529411765 0.1587080588235294 0.17324082352941175 1.0
0.37539372549019606 0.15717017647058823 0.1720104705882353 1.0
0.37293309803921565 0.15563229411764706 0.17078011764705883 1.0
0.3704724705882353 0.15409441176470587 0.16954976470588234 1.0
0.3678580784313725 0.15247964705882353 0.168319431372549 1.0
0.3647823921568627 0.15063423529411765 0.1670891568627451 1.0
0.36170670588235293 0.14878882352941175 0.16585888235294116 1.0
0.3586310196078431 0.14694341176470588 0.16462860784313726 1.0
0.35555533333333333 0.145098 0.16339833333333334 1.0
0.3524796470588235 0.1432525882352941 0.16216805882352942 1.0
0.3494039607843137 0.14140717647058823 0.1609377843137255 1.0
0.3463282745098039 0.13956176470588236 0.15970750980392157 1.0
0.3432525882352941 0.13771635294117646 0.15847723529411764 1.0
0.3401769019607843 0.13587094117647058 0.15724696078431372 1.0
0.3371012156862745 0.1340255294117647 0.1560166862745098 1.0
0.3340255294117648 0.13218011764705886 0.15478641176470592 1.0
0.3309498431372549 0.13033470588235294 0.15355613725490194 1.0
0.3278741176470588 0.12848925490196078 0.1521720588235294 1.0
0.3247983529411765 0.12664376470588234 0.15063417647058824 1.0
0.3217225882352941 0.12479827450980392 0.14909629411764705 1.0
0.31864682352941176 0.12295278431372549 0.14755841176470588 1.0
0.3155710588235294 0.12110729411764706 0.14602052941176472 1.0
0.31249529411764704 0.11926180392156863 0.14448264705882352 1.0
0.3094195294117647 0.1174163137254902 0.14294476470588235 1.0
0.30634376470588237 0.11557082352941177 0.1414068823529412 1.0
0.303268 0.11372533333333334 0.139869 1.0
0.30019223529411765 0.11187984313725491 0.13833111764705883 1.0
0.2971164705882353 0.11003435294117647 0.13679323529411766 1.0
0.2940407058823529 0.10818886274509804 0.13525535294117647 1.0
0.2909649411764706 0.10634337254901961 0.1337174705882353 1.0
0.28788917647058826 0.10472864705882354 0.13217958823529413 1.0
0.284813411764706 0.10319084313725495 0.130641705882353 1.0
0.28173764705882354 0.10165303921568627 0.12910382352941177 1.0
0.2786618823529412 0.10011523529411764 0.1275659411764706 1.0
0.2755861176470588 0.09857743137254903 0.1260280588235294 1.0
0.2725103529411765 0.0970396274509804 0.12449017647058824 1.0
0.2694345882352941 0.09550182352941176 0.12295229411764706 1.0
0.26635882352941176 0.09396401960784315 0.1214144117647059 1.0
0.2632830588235294 0.09242621568627452 0.11987652941176472 1.0
0.26020729411764704 0.09088841176470588 0.11833864705882353 1.0
0.2571315294117647 0.08935060784313725 0.11680076470588235 1.0
0.2540557647058823 0.08781280392156864 0.11526288235294119 1.0
0.25098 0.086275 0.113725 1.0
