0.100212 0.200031 0.20006 1.0
0.101191 0.203272 0.207592 1.0
0.102143 0.206539 0.215142 1.0
0.103092 0.209783 0.222796 1.0
0.103985 0.213077 0.230487 1.0
0.10485 0.216454 0.238291 1.0
0.105813 0.219832 0.246192 1.0
0.10676 0.223269 0.254224 1.0
0.107644 0.226757 0.262353 1.0
0.108569 0.23028 0.270634 1.0
0.109598 0.233891 0.279034 1.0
0.110555 0.237584 0.287565 1.0
0.111547 0.241301 0.296277 1.0
0.112568 0.245083 0.305146 1.0
0.1136 0.248979 0.314176 1.0
0.114599 0.252929 0.3234 1.0
0.115734 0.256969 0.332836 1.0
0.116832 0.261101 0.342479 1.0
0.117992 0.265341 0.352366 1.0
0.119158 0.269718 0.362542 1.0
0.120346 0.274202 0.373019 1.0
0.121586 0.27885 0.383845 1.0
0.122882 0.283639 0.39503 1.0
0.124236 0.288607 0.406609 1.0
0.125661 0.293741 0.418586 1.0
0.127051 0.299083 0.430983 1.0
0.128553 0.304588 0.443756 1.0
0.130118 0.310301 0.456863 1.0
0.13166 0.316185 0.470253 1.0
0.133278 0.322251 0.483789 1.0
0.13497 0.328505 0.497373 1.0
0.136682 0.334957 0.510815 1.0
0.138534 0.341564 0.523987 1.0
0.140459 0.348357 0.536745 1.0
0.14249 0.355321 0.54898 1.0
0.14464 0.362403 0.560654 1.0
0.146848 0.369604 0.57179 1.0
0.14918 0.376901 0.582435 1.0
0.151539 0.384231 0.59269 1.0
0.153947 0.391601 0.602616 1.0
0.156413 0.398956 0.612318 1.0
0.15884 0.406316 0.62186 1.0
0.161284 0.413636 0.631298 1.0
0.163712 0.420921 0.64064 1.0
0.166093 0.428185 0.649921 1.0
0.168507 0.435409 0.65914 1.0
0.170899 0.442592 0.668325 1.0
0.173277 0.449741 0.677466 1.0
0.175644 0.456863 0.686565 1.0
0.178065 0.463979 0.695632 1.0
0.180422 0.471073 0.704648 1.0
0.182859 0.478161 0.7136 1.0
0.185425 0.485257 0.722435 1.0
0.188104 0.492374 0.731088 1.0
0.190987 0.499506 0.739448 1.0
0.194285 0.506669 0.747347 1.0
0.197982 0.513858 0.754635 1.0
0.202274 0.521048 0.761138 1.0
0.207225 0.528251 0.766736 1.0
0.21278 0.535444 0.771369 1.0
0.218964 0.542634 0.775033 1.0
0.22564 0.549788 0.777836 1.0
0.232684 0.556913 0.779901 1.0
0.239996 0.563996 0.781409 1.0
0.247484 0.571025 0.78251 1.0
0.255043 0.578015 0.783346 1.0
0.262599 0.58497 0.784026 1.0
0.270167 0.591867 0.784609 1.0
0.277685 0.59871 0.785142 1.0
0.285153 0.605508 0.785651 1.0
0.2926 0.612263 0.786152 1.0
0.299999 0.618983 0.78665 1.0
0.307345 0.625642 0.787141 1.0
0.314656 0.632271 0.787628 1.0
0.321937 0.63886 0.788116 1.0
0.32919 0.645413 0.788605 1.0
0.336382 0.651946 0.789089 1.0
0.343567 0.658439 0.789569 1.0
0.350732 0.664908 0.790046 1.0
0.35786 0.671358 0.790523 1.0
0.364955 0.677788 0.790999 1.0
0.372036 0.684183 0.791473 1.0
0.379106 0.690567 0.791945 1.0
0.386142 0.696933 0.792417 1.0
0.393169 0.703279 0.792888 1.0
0.400176 0.709604 0.793358 1.0
0.407155 0.715911 0.793826 1.0
0.414119 0.722188 0.79429 1.0
0.421057 0.72846 0.794752 1.0
0.427995 0.734717 0.795214 1.0
0.434921 0.74095 0.79568 1.0
0.441861 0.747188 0.796155 1.0
0.448844 0.753416 0.796651 1.0
0.455922 0.759657 0.797187 1.0
0.46318 0.765932 0.797793 1.0
0.470755 0.772248 0.798515 1.0
0.478756 0.778641 0.799408 1.0
0.48737 0.785141 0.800529 1.0
0.496724 0.791765 0.801946 1.0
0.506968 0.798543 0.803713 1.0
0.518143 0.805473 0.805851 1.0
0.530218 0.812557 0.808363 1.0
0.543111 0.819768 0.811211 1.0
0.556666 0.827086 0.81434 1.0
0.570715 0.834467 0.817689 1.0
0.585107 0.841883 0.821192 1.0
0.599679 0.849307 0.824785 1.0
0.614327 0.856715 0.828432 1.0
0.628998 0.864106 0.832098 1.0
0.643623 0.871454 0.835758 1.0
0.658195 0.878761 0.839411 1.0
0.672685 0.886031 0.843041 1.0
0.68708 0.893247 0.846647 1.0
0.701389 0.900424 0.850237 1.0
0.71562 0.907557 0.853797 1.0
0.729753 0.914639 0.85734 1.0
0.743801 0.921679 0.860861 1.0
0.757765 0.928671 0.864361 1.0
0.771646 0.935628 0.867837 1.0
0.785445 0.942543 0.871291 1.0
0.799166 0.94941 0.874724 1.0
0.812805 0.956246 0.878142 1.0
0.82638 0.963041 0.88154 1.0
0.839886 0.969802 0.884919 1.0
0.853317 0.976533 0.888284 1.0
0.866697 0.983238 0.891633 1.0
0.88002 0.98992 0.894972 1.0
0.893294 0.996576 0.898292 1.0
0.003237999999999963 0.25204499999999996 0.149354 1.0
0.007019 0.256307 0.145763 1.0
0.010799 0.260687 0.142058 1.0
0.014794 0.26516 0.138304 1.0
0.018683 0.269781 0.134456 1.0
0.022712 0.274507 0.130529 1.0
0.02695 0.279416 0.126478 1.0
0.031482 0.284449 0.122349 1.0
0.036599 0.289678 0.118255 1.0
0.042054 0.295059 0.114007 1.0
0.047635 0.300623 0.109822 1.0
0.053619 0.306379 0.105514 1.0
0.060099 0.312256 0.101269 1.0
0.066906 0.318335 0.097065 1.0
0.07431 0.324537 0.092956 1.0
0.082337 0.330875 0.089057 1.0
0.090972 0.337335 0.085272 1.0
0.100262 0.343849 0.081885 1.0
0.110317 0.350438 0.078683 1.0
0.120944 0.357022 0.076034 1.0
0.132315 0.363561 0.073986 1.0
0.144252 0.370041 0.072442 1.0
0.156732 0.37642 0.071703 1.0
0.169691 0.382616 0.071689 1.0
0.182997 0.388631 0.072425 1.0
0.196674 0.394401 0.074055 1.0
0.210507 0.399912 0.076332 1.0
0.224465 0.405144 0.079395 1.0
0.238494 0.41008 0.083096 1.0
0.252488 0.414691 0.087378 1.0
0.266362 0.419003 0.092025 1.0
0.280061 0.423005 0.096959 1.0
0.293551 0.426733 0.102245 1.0
0.306807 0.43018 0.107676 1.0
0.319777 0.433368 0.113262 1.0
0.332457 0.436338 0.118843 1.0
0.344814 0.439083 0.124409 1.0
0.356885 0.441663 0.130047 1.0
0.368642 0.444069 0.13553 1.0
0.3801 0.446322 0.141034 1.0
0.391284 0.448464 0.146382 1.0
0.402174 0.450492 0.151674 1.0
0.412839 0.452436 0.156891 1.0
0.423228 0.454289 0.16202 1.0
0.433405 0.456071 0.167034 1.0
0.443377 0.457801 0.171937 1.0
0.453142 0.459488 0.176782 1.0
0.462719 0.461123 0.18154 1.0
0.472152 0.462721 0.186262 1.0
0.481412 0.464317 0.190881 1.0
0.490552 0.465857 0.195464 1.0
0.499549 0.467411 0.199986 1.0
0.508467 0.468951 0.20453 1.0
0.517277 0.470491 0.209003 1.0
0.526008 0.47205 0.213491 1.0
0.534678 0.47362 0.218014 1.0
0.543306 0.475259 0.222568 1.0
0.551904 0.476935 0.227193 1.0
0.560481 0.478701 0.231925 1.0
0.569058 0.480571 0.236788 1.0
0.577652 0.482582 0.241812 1.0
0.586281 0.484751 0.247059 1.0
0.594937 0.48714 0.252583 1.0
0.603644 0.489753 0.258407 1.0
0.612383 0.492658 0.264604 1.0
0.621172 0.495891 0.271214 1.0
0.629985 0.499486 0.278276 1.0
0.638807 0.503485 0.285804 1.0
0.647608 0.507925 0.293868 1.0
0.656364 0.5128 0.302451 1.0
0.665013 0.518153 0.311569 1.0
0.673537 0.523965 0.321206 1.0
0.68187 0.530237 0.331312 1.0
0.689988 0.536951 0.341891 1.0
0.697835 0.544056 0.352859 1.0
0.705394 0.551536 0.364166 1.0
0.712628 0.559334 0.375775 1.0
0.719546 0.567414 0.387613 1.0
0.726124 0.575723 0.399636 1.0
0.732383 0.584209 0.411808 1.0
0.738327 0.592854 0.424069 1.0
0.743995 0.601596 0.436406 1.0
0.7494 0.610428 0.448784 1.0
0.754593 0.61932 0.461182 1.0
0.759575 0.62824 0.473598 1.0
0.764407 0.63718 0.486042 1.0
0.769098 0.646127 0.498511 1.0
0.773686 0.655073 0.510983 1.0
0.778197 0.66402 0.523503 1.0
0.782643 0.672946 0.536052 1.0
0.787052 0.68184 0.548666 1.0
0.791426 0.690717 0.561324 1.0
0.79579 0.69956 0.574057 1.0
0.800153 0.708366 0.586871 1.0
0.804511 0.717119 0.599769 1.0
0.808874 0.725805 0.612736 1.0
0.813236 0.734416 0.625787 1.0
0.817606 0.74294 0.638902 1.0
0.821977 0.751357 0.652066 1.0
0.826332 0.759638 0.665252 1.0
0.830673 0.767783 0.678442 1.0
0.834985 0.775766 0.691599 1.0
0.839261 0.783567 0.704691 1.0
0.843484 0.791163 0.717687 1.0
0.847652 0.798548 0.730537 1.0
0.851753 0.805703 0.743222 1.0
0.855778 0.812628 0.755699 1.0
0.859717 0.819315 0.767947 1.0
0.863572 0.825769 0.779955 1.0
0.86733 0.831996 0.791702 1.0
0.871005 0.837996 0.803186 1.0
0.874595 0.843788 0.814415 1.0
0.878108 0.849404 0.825404 1.0
0.881552 0.854851 0.836182 1.0
0.884938 0.860163 0.846777 1.0
0.888283 0.865366 0.857243 1.0
0.891602 0.870499 0.867627 1.0
0.894916 0.875597 0.87798 1.0
0.898229 0.880679 0.888357 1.0
0.90157 0.885786 0.898808 1.0
0.904946 0.890933 0.909378 1.0
0.908364 0.896151 0.920105 1.0
0.91183 0.901447 0.93102 1.0
0.915349 0.906839 0.94214 1.0
0.918924 0.912328 0.953474 1.0
0.922553 0.91792 0.965016 1.0
0.926219 0.923605 0.976769 1.0
0.929921 0.929373 0.988709 1.0
