0.23034472807703715 0.274747420069872 0.39343422902504166 1.0
0.23497510353954137 0.2806357071827151 0.4023590948772357 1.0
0.2395959988538997 0.28653469465840237 0.4113307415813881 1.0
0.24420689587773292 0.2924440017844938 0.4203487444794755 1.0
0.24880728135983438 0.2983632536214463 0.42941268324492043 1.0
0.25339664663792827 0.3042920807093193 0.4385221415588777 1.0
0.25797448734918943 0.31023011878758355 0.4476767067996013 1.0
0.2625403031526133 0.3161770085271017 0.45687596974386996 1.0
0.2670935974623951 0.3221323952734087 0.4661195242794975 1.0
0.27163387719152865 0.328095928800494 0.47540696712805103 1.0
0.27616065250490707 0.33406726307433393 0.4847378975769325 1.0
0.28067343658123967 0.34004605602547966 0.49411191722005415 1.0
0.28517174538315704 0.3460319693300538 0.5035286297063792 1.0
0.2896550974349172 0.3520246681985479 0.5129876404956479 1.0
0.2941230136071579 0.35802382117185166 0.5224885566206416 1.0
0.29857501690817734 0.36402909992398413 0.5320309864553849 1.0
0.30301063228126596 0.3700401790710243 0.541614539488714 1.0
0.3074293864076206 0.3760567359857704 0.5512388261026626 1.0
0.3118308075144226 0.38207845061768025 0.5609034573551558 1.0
0.3162144251876644 0.3881050053176758 0.5706080447665149 1.0
0.3205797701893461 0.3941360846674057 0.5803522001093053 1.0
0.3249263742786744 0.40017137531259095 0.5901355352010694 1.0
0.32925377003691736 0.4062105658000864 0.5999576616995135 1.0
0.33356149069558444 0.41225334641831424 0.6098181908997218 1.0
0.33784906996761516 0.4182994090407338 0.6197167335329941 1.0
0.3421160418812758 0.4243484469720281 0.629652899566895 1.0
0.346361940616473 0.43040015479669663 0.6396262980061397 1.0
0.35058630034319893 0.4364542282297572 0.6496365366939181 1.0
0.354788655061847 0.4425103639692592 0.6596832221132853 1.0
0.3589685384451286 0.448568259550332 0.6697659591882432 1.0
0.363125483681337 0.4546276132004801 0.679884351084135 1.0
0.36725902331871313 0.4606881236958595 0.6900379990069816 1.0
0.3713686891106654 0.46674949021825735 0.7002265020013881 1.0
0.37545401186160987 0.4728114122125107 0.7104494567466377 1.0
0.37951452127318885 0.47887358924409956 0.7207064573505969 1.0
0.38354974579064227 0.48493572085663667 0.7309970951410423 1.0
0.38755921244909447 0.49099750642900025 0.7413209584540128 1.0
0.3915424467195311 0.49705864503182845 0.7516776324187855 1.0
0.395498972354233 0.5031188352831081 0.7620666987390616 1.0
0.4019359458628817 0.5092768052812687 0.7686990116727073 1.0
0.4094928542490872 0.5154791196973334 0.7735865506476015 1.0
0.4170576019440084 0.5216816608765904 0.7784010716894736 1.0
0.42462892796446644 0.5278840706927986 0.7831438307454699 1.0
0.43220562535768486 0.5340859914819607 0.7878160618386788 1.0
0.43978653832099496 0.5402870658711214 0.7924189758559425 1.0
0.4473705594076723 0.5464869365989481 0.7969537594985694 1.0
0.4549566268198521 0.5526852463283288 0.8014215743847308 1.0
0.46254372178877107 0.5588816374511587 0.8058235562927115 1.0
0.47013086604193904 0.5650757518854437 0.8101608145346084 1.0
0.47771711935630684 0.5712672308647763 0.8144344314505125 1.0
0.4853015771960167 0.5774557147201941 0.8186454620136434 1.0
0.49288336843293473 0.5836408426543647 0.8227949335373894 1.0
0.5004616531478049 0.589822252507977 0.8268838454756351 1.0
0.5080356205095793 0.5959995805181697 0.8309131693082433 1.0
0.5156044867302193 0.6021724610687468 0.8348838485039968 1.0
0.5231674930920621 0.6083405264318807 0.8387967985537473 1.0
0.5307239040446562 0.6145034065009263 0.8426529070669659 1.0
0.538273005367814 0.6206607285139049 0.8464530339253042 1.0
0.5458141023975129 0.6268121167671368 0.8501980114871734 1.0
0.5533465183111412 0.6329571923184394 0.8538886448377603 1.0
0.5608695924685098 0.6390955726792095 0.8575257120792554 1.0
0.5683826788049499 0.6452268714946389 0.8611099646564387 1.0
0.5758851442727313 0.651350698211214 0.8646421277131081 1.0
0.5833763673269754 0.6574666577305496 0.8681229004751428 1.0
0.5908557364521494 0.6635743500485184 0.8715529566563294 1.0
0.5983226487251482 0.6696733698785056 0.8749329448833271 1.0
0.605776508410899 0.6757633062575049 0.8782634891364437 1.0
0.613216725586317 0.6818437421336436 0.8815451892031391 1.0
0.6206427147883493 0.6879142539335644 0.8847786211413864 1.0
0.6280538936817158 0.693974411107941 0.8879643377502641 1.0
0.6354496817418206 0.70002377565322 0.8911028690453239 1.0
0.6428294989481579 0.7060619016074877 0.8941947227364795 1.0
0.6501927644833356 0.7120883345181334 0.8972403847062995 1.0
0.6575388954326324 0.7181026108787484 0.9002403194867691 1.0
0.6648673054787504 0.724104257532402 0.9031949707326717 1.0
0.6721774035861325 0.7300927910381567 0.9061047616898895 1.0
0.6794685926688653 0.736067716997308 0.9089700956570048 1.0
0.6867402682358001 0.7420285293354631 0.9117913564386482 1.0
0.6939918170060547 0.7479747095361158 0.9145689087891253 1.0
0.7012226154875226 0.7539057258208781 0.9173030988448823 1.0
0.7084320285103993 0.7598210322709475 0.919994254544385 1.0
0.7156194077070019 0.7657200678837413 0.9226426860340095 1.0
0.7227840899283252 0.77160225555787 0.9252486860585047 1.0
0.7299253955867906 0.7774670009987691 0.9278125303345524 1.0
0.7370426269135142 0.7833136915363028 0.9303344779058726 1.0
0.7441350661170857 0.7891416948445248 0.9328147714782344 1.0
0.7512019734292978 0.7949503575524263 0.9352536377325775 1.0
0.7582425850214521 0.8007390037329779 0.9376512876142948 1.0
0.7652561107727305 0.8065069332559527 0.940007916596497 1.0
0.7722417318696122 0.8122534199879043 0.9423237049148054 1.0
0.779198598212358 0.8179777098201911 0.9445988177708903 1.0
0.7861258256010616 0.8236790185029905 0.946833405501554 1.0
0.7930224926696068 0.8293565292597832 0.9490276037096544 1.0
0.7998876375308821 0.8350093901526165 0.9511815333525565 1.0
0.8067202540906302 0.8406367111635109 0.9532953007830435 1.0
0.8135192879801314 0.8462375609514079 0.9553689977367065 1.0
0.8202836320492095 0.8518109632368371 0.9574027012587049 1.0
0.82701212135047 0.8573558927577315 0.9593964735614203 1.0
0.833703527532738 0.8628712707291063 0.9613503618027931 1.0
0.8403565525457337 0.8683559597261529 0.9632643977730438 1.0
0.8469698215382796 0.8738087578939986 0.9651385974748 1.0
0.8535418748077492 0.8792283923670702 0.9669729605783443 1.0
0.8600711586275406 0.8846135117554887 0.9687674697294671 1.0
0.8665560147402148 0.8899626775236249 0.9705220896820413 1.0
0.8729946682539615 0.8952743540447312 0.9722367662205266 1.0
0.8793852136156369 0.9005468970624336 0.9739114248286217 1.0
0.8857255982497498 0.9057785402207544 0.9755459690485634 1.0
0.8920136033424831 0.9109673792334242 0.977140278459986 1.0
0.8982468211030198 0.9161113531422492 0.9786942061864138 1.0
0.9044226276365361 0.9212082219512586 0.9802075758092 1.0
0.9105381502927624 0.9262555397005439 0.9816801775298459 1.0
0.9165902279786731 0.9312506217345469 0.9831117633673047 1.0
0.9225753623941816 0.936190504483307 0.9845020410998472 1.0
0.9284896573880934 0.9410718954480238 0.9858506665494814 1.0
0.9343287425134021 0.9458911101615922 0.9871572336422382 1.0
0.9400876751804935 0.9506439915112291 0.9884212614285582 1.0
0.9457608132130825 0.9553258046751051 0.9896421768613085 1.0
0.9513416454852238 0.9599310975283021 0.9908192915100736 1.0
0.9568225615186786 0.9644535107774247 0.991951769364528 1.0
0.9621945292489987 0.9688855124782777 0.99303858110842 1.0
0.9674466291382692 0.973218014284798 0.9940784370349317 1.0
0.9725653526288885 0.9774397937123537 0.9950696846028014 1.0
0.9775334903909932 0.9815365787835041 0.9960101438801808 1.0
0.9823282499291929 0.9854894984867909 0.9968968252312084 1.0
0.9869177692894998 0.9892722134853679 0.997725399659846 1.0
0.9912537664210134 0.9928448674143188 0.9984890676318626 1.0
0.9952524397756554 0.996138372596597 0.9991755812190043 1.0
0.9987181965476805 0.9989916630804653 0.9997551803035495 1.0
0.9997971395394837 0.9987822459730077 0.9986516006913181 1.0
0.999218503177347 0.9953565859431884 0.9952263044917168 1.0
0.9985344268023654 0.9914037516432527 0.9912738900751684 1.0
0.9977750963392172 0.987116949765466 0.9869875435821541 1.0
0.9969531200000906 0.9825789133777915 0.9824499892623418 1.0
0.996075628327019 0.9778372743898897 0.9777088539365087 1.0
0.9951472660306048 0.972923436683249 0.9727955381219419 1.0
0.9941713302890541 0.9678598392641028 0.96773247841363 1.0
0.9931503046013327 0.9626634008450298 0.9625365916997538 1.0
0.9920861438238985 0.957347379567736 0.9572211346867302 1.0
0.990980440624088 0.9519224712491429 0.9517968020284834 1.0
0.9898345293227121 0.9463975023034695 0.9462724191747854 1.0
0.9886495540599728 0.9407798898099033 0.9406554023899346 1.0
0.9874265153923388 0.9350759596338905 0.9349520768401548 1.0
0.98616630321634 0.929291173804505 0.929167903946713 1.0
0.9848697206811635 0.9234302975704259 0.9233076484240659 1.0
0.983537501966503 0.917497525025336 0.9173755038918306 1.0
0.9821703257673796 0.9114965754756478 0.9113751892321993 1.0
0.9807688257029402 0.9054307686462861 0.9053100237876532 1.0
0.9793335984756278 0.8993030842575159 0.8991829869313916 1.0
0.9778652103553703 0.8931162098453334 0.8929967658825659 1.0
0.9763642023968272 0.8868725795931145 0.8867537945337303 1.0
0.9748310946848665 0.8805744061896505 0.8804562853054189 1.0
0.9732663898253625 0.8742237072052742 0.8741062555193904 1.0
0.9716705758433951 0.8678223271068457 0.8677055494111979 1.0
0.9700441286115148 0.8613719557650391 0.8612558566354259 1.0
0.9683875139020427 0.8548741441117123 0.8547587279213108 1.0
0.9667011891362335 0.8483303174599646 0.8482155883912957 1.0
0.964985604887331 0.8417417868903394 0.841627748945927 1.0
0.9632412061826078 0.8351097590236244 0.8349964160355154 1.0
0.961468433640369 0.828435344436865 0.8283227000751548 1.0
0.9596677244708788 0.8217195649296192 0.8216076227100905 1.0
0.9578395133647105 0.8149633598085837 0.8148521230995583 1.0
0.9559842332877387 0.8081675913279334 0.8080570633564216 1.0
0.9541023161986061 0.8013330493981372 0.8012232332553508 1.0
0.9521941937018205 0.7944604556562197 0.7943513543025083 1.0
0.9502602976474813 0.7875504669743689 0.7874420832436304 1.0
0.9483010606869046 0.7806036784706393 0.7804960150742409 1.0
0.9463169167920323 0.7736206260746502 0.7735136856049027 1.0
0.9443083017453618 0.7666017886921306 0.766495573625339 1.0
0.9422756536062263 0.7595475900045872 0.7594421027036997 1.0
0.940219413158502 0.7524583999339193 0.7523536426508037 1.0
0.9381400243442055 0.745334535796296 0.745230510673647 1.0
0.9360379346869487 0.7381762631648154 0.738072972237708 1.0
0.9339135957088155 0.7309837964562624 0.7308812416533619 1.0
0.9317674633438977 0.7237572992535309 0.7236554823979601 1.0
0.9295999983514673 0.7164968843718796 0.7163958071817416 1.0
0.9274116667315613 0.709202613674051 0.7091022777626094 1.0
0.925202940145586 0.701874497636349 0.7017749045118531 1.0
0.9229742963444507 0.694512494664938 0.6944136457300902 1.0
0.9207262196066415 0.6871165101588783 0.6870184067099221 1.0
0.9184592011886125 0.6796863953136416 0.6795890385390578 1.0
0.9161737397898482 0.6722219456560579 0.6721253366348435 1.0
0.9138703420349584 0.6647228992987206 0.6646270389982283 1.0
0.9115495229752063 0.6571889348988234 0.6570938241721235 1.0
0.9092118066119272 0.6496196693030724 0.6495253088858056 1.0
0.9068577264443788 0.6420146548567819 0.641921045363454 1.0
0.9044878260446658 0.6343733763512843 0.6342805182709542 1.0
0.9021026596625251 0.6266952475794401 0.626603141270743 1.0
0.8997027928628941 0.6189796074641026 0.618888253149534 1.0
0.8972888031993839 0.611225715718865 0.6111351134782501 1.0
0.8948612809269682 0.6034327479940927 0.6033428977571462 1.0
0.892420829757454 0.5955997904540258 0.5955106919918959 1.0
0.8899680676615456 0.5877258337224062 0.587637486638076 1.0
0.8875036277216306 0.5798097661244646 0.5797221698418684 1.0
0.8850281590397369 0.571850366141896 0.5717635198935797 1.0
0.882542327705499 0.5638462939843851 0.563760196797515 1.0
0.8800468178293802 0.5557960821658922 0.5557107328463832 1.0
0.8775423326468591 0.547698124955848 0.547613522070338 1.0
0.8750295956998314 0.5395506665540166 0.5394668084093766 1.0
0.8725093521020214 0.5313517878123807 0.5312686724323824 1.0
0.869982369895878 0.5230993912970747 0.5230170163957728 1.0
0.8674494415091228 0.5147911844470413 0.5147095473983498 1.0
0.8649113853199328 0.5064246605422861 0.5063437583451228 1.0
0.8623690473406314 0.4979970771416184 0.4979169063798646 1.0
0.8598233030307565 0.48950543158526844 0.4894259883816477 1.0
0.8572750592515029 0.48094643307894985 0.48086771304173664 1.0
0.8547252563747727 0.47231647077895794 0.47223846894019866 1.0
0.8521748705614786 0.46361157717797724 0.46353428792161483 1.0
0.8496249162253174 0.4548273859420053 0.45475080291992637 1.0
0.8470764486999955 0.44595908316181593 0.4458831991953927 1.0
0.8445305671298735 0.43700135074652335 0.43692615771061255 1.0
0.8419884176062492 0.42794830038706655 0.42787378907269336 1.0
0.8394511965740146 0.41879339613355293 0.4187195560845047 1.0
0.8369201545362902 0.40952936313456795 0.4094561824518539 1.0
0.8343966000878745 0.40014807944039854 0.4000755445468421 1.0
0.8318819043120147 0.3906404469219062 0.3905685422768774 1.0
0.8293775055791877 0.3809962362263037 0.3809249439775769 1.0
0.826884914791314 0.3712038991712642 0.371133198726861 1.0
0.824405721120264 0.36125033991032435 0.36118020740750895 1.0
0.8219415982956878 0.351120633350275 0.35105104099092566 1.0
0.8160765381760617 0.34357600824412393 0.34350705106398816 1.0
0.8049631551604125 0.34023629255677706 0.3401681550696127 1.0
0.7938779311830061 0.3368683148705475 0.33680099479318465 1.0
0.7828214447955788 0.33347245654750374 0.33340595161622255 1.0
0.7717942720275803 0.3300490988590086 0.32998340682832195 1.0
0.7607969866048322 0.3265986231193245 0.3265337417607818 1.0
0.7498301601652166 0.3231214108197303 0.32305733792073205 1.0
0.7388943624717914 0.3196178437633497 0.31955457712597557 1.0
0.727990161623743 0.316088304200908 0.31602584164076014 1.0
0.7171181242655629 0.3125331749676309 0.3124715143126844 1.0
0.70627881579484 0.30895283962149933 0.30889197871096563 1.0
0.6954728005690572 0.30534768258309164 0.3052876192662893 1.0
0.6847006421117723 0.3017180892772356 0.30165882141247236 1.0
0.6739629033185716 0.2980644462767128 0.29800597173017107 1.0
0.6632601466631896 0.29438714144825684 0.2943294580928875 1.0
0.6525929344041762 0.2906865641010994 0.29062966981552124 1.0
0.6419618287925173 0.2869631051383314 0.2869069978057318 1.0
0.6313673922806087 0.28321715721134755 0.28316183471838957 1.0
0.6208101877329988 0.27944911487766677 0.279394575113396 1.0
0.610290778639322 0.2756593747624259 0.275605615617179 1.0
0.5998097293298649 0.27184833572386535 0.271795355088178 1.0
0.5893676051942092 0.2680163990231354 0.26796419478664874 1.0
0.5789649729034309 0.26416396849877466 0.2641125385491405 1.0
0.5686024006363347 0.2602914507462321 0.260240792968012 1.0
0.558280458310245 0.2563992553028237 0.25634936757638616 1.0
0.5479997178168778 0.25248779483853684 0.2524386750389454 1.0
0.5377607532638667 0.24855748535312866 0.2485091313490248 1.0
0.5275641412225366 0.24460874637998664 0.2445611560324623 1.0
0.5174104609825474 0.24064200119725226 0.24059517235871303 1.0
0.5073002948140835 0.23665767704674445 0.23661160755976185 1.0
0.4972342282382966 0.23265620536125997 0.23261089305740867 1.0
0.4872128503067579 0.22863802200085964 0.22859346469954211 1.0
0.47723675389073 0.22460356749880522 0.2245597630060583 1.0
0.46730653598112776 0.2205532873178569 0.22051023342514248 1.0
0.45742279800009583 0.21648763211769234 0.21644532660066562 1.0
0.4475861461252097 0.21240705803427729 0.2123654986515362 1.0
0.4377971916273777 0.20831202697207418 0.20827121146388333 1.0
