0.26968369541159704 0.15407504278291215 0.21007196505599912 1.0
0.2782614268763828 0.1596743257971078 0.21584495187793878 1.0
0.28685842439615483 0.16530653367214457 0.22158033493510187 1.0
0.2954727991576157 0.1709715147102164 0.22727704799301057 1.0
0.3041026929295419 0.17666912355866446 0.23293407596900362 1.0
0.31274627691871876 0.18239921995657712 0.23855045347904436 1.0
0.32140175070897764 0.1881616675736118 0.24412526349746017 1.0
0.33006734127509796 0.19395633293377765 0.24965763611974706 1.0
0.33874130206424424 0.1997830844176186 0.2551467474196483 1.0
0.34742191213843543 0.20564179133686583 0.2605918183926377 1.0
0.356107475372235 0.21153232307617098 0.2659921139787611 1.0
0.3647963197004805 0.21745454829701605 0.2713469421585073 1.0
0.37348679641141114 0.22340833419931666 0.2766556531159979 1.0
0.382177279481037 0.22939354583661442 0.28191763846435597 1.0
0.3908661649450104 0.23541004548108507 0.28713233052858306 1.0
0.39955187030464206 0.24145769203488548 0.29229920168171986 1.0
0.40823283396403215 0.24753634048463197 0.29741776373043666 1.0
0.4169075146955827 0.25364584139603175 0.30248756734653764 1.0
0.4255743911314175 0.25978604044590586 0.30750820154116043 1.0
0.43423196127847413 0.2659567779890366 0.31247929317871537 1.0
0.44287874205522976 0.2721578886574336 0.3174005065278358 1.0
0.45151326884822224 0.2783892009897823 0.3222715428468194 1.0
0.46013409508667785 0.2846505370889648 0.3270921400012173 1.0
0.46873979183371633 0.29094171230568416 0.33186207211138613 1.0
0.4773289473927303 0.29726253494632915 0.3365811492279559 1.0
0.4859001669276552 0.3036128060033294 0.34124921703328726 1.0
0.49445207209595204 0.30999231890634243 0.34586615656709774 1.0
0.5029833006932222 0.3164008592927068 0.3504318839745177 1.0
0.5114925063084489 0.32283820479567193 0.3549463502749293 1.0
0.5199783579889533 0.32930412484899674 0.35940954114998797 1.0
0.5284395399141963 0.33579838050656663 0.36382147674928994 1.0
0.5368747510776424 0.34232072427575133 0.3681822115121929 1.0
0.5452827049759356 0.3488708999632763 0.37249183400432145 1.0
0.5536621293046976 0.35544864253243774 0.3767504667673206 1.0
0.5620117656602915 0.3620536779705352 0.3809582661804367 1.0
0.5703303692469374 0.36868572316544285 0.3851154223325084 1.0
0.5786167085885956 0.3753444857902795 0.38922215890295647 1.0
0.5868695652450598 0.38202966419517503 0.3932787330503545 1.0
0.5950877335317258 0.3887409473051628 0.39728543530714555 1.0
0.6032700202425282 0.3954780145232557 0.40124258947906144 1.0
0.6114152443755408 0.4022405356377953 0.4051505525477668 1.0
0.6195222368607604 0.4090281707331822 0.4090097145752276 1.0
0.6275898402895977 0.41584057010311615 0.41282049860826525 1.0
0.6356169086456078 0.42267737416549367 0.4165833605817178 1.0
0.6436023070359888 0.4295382133781235 0.4202987892185893 1.0
0.6515449114233921 0.43642270815443457 0.42396730592551246 1.0
0.6594436083575681 0.44333046877835075 0.427589464681801 1.0
0.6672972947063701 0.4502610953175223 0.43116585192030904 1.0
0.6751048773856441 0.4572141775340957 0.4346970863982507 1.0
0.6828652730874918 0.4641892947922088 0.43818381905607245 1.0
0.690577408006411 0.4711860159613878 0.4416267328624022 1.0
0.6982402175627648 0.47820389931501356 0.44502654264301217 1.0
0.705852646123044 0.4852424924230177 0.4483839948916834 1.0
0.7134136467163268 0.49230133203794096 0.45169986756075525 1.0
0.720922180746336 0.49937994397347657 0.45497496982908076 1.0
0.7283772176984441 0.5064778429745823 0.4582101418450168 1.0
0.7357777348409419 0.5135945325782256 0.4614062544419854 1.0
0.7431227169198457 0.52072950496378 0.46456420882407606 1.0
0.750411155846459 0.5278822407920496 0.4676849362190432 1.0
0.7576420503768644 0.5350522090318545 0.47076939749597985 1.0
0.7648144057824394 0.5422388667730444 0.4738185827448445 1.0
0.7719272335104376 0.5494416590247473 0.4768335108149326 1.0
0.7789795508335944 0.5566600184975907 0.4798152288092737 1.0
0.7859703804876216 0.5638933653685373 0.4827648115318543 1.0
0.7928987502953724 0.5711411070269008 0.4856833608844529 1.0
0.7997636927763428 0.5784026377999845 0.488572005209781 1.0
0.8065642447400583 0.5856773386566781 0.4914318985775142 1.0
0.8132994468617621 0.5929645768872102 0.4942642200096979 1.0
0.819968343238669 0.6002637057571035 0.4970701726419016 1.0
0.8265699809248904 0.6075740641332132 0.49985098281637136 1.0
0.8331034094429363 0.6148949760795327 0.5026078991033402 1.0
0.839567680269508 0.6222257504202484 0.5053421912464929 1.0
0.845961846293042 0.6295656802672702 0.5080551490284936 1.0
0.8522849612402215 0.6369140425092077 0.5107480810522954 1.0
0.8585360790683508 0.6442700972584384 0.5134223134338428 1.0
0.8647142533201801 0.6516330872525865 0.5160791884015612 1.0
0.8708185364373617 0.6590022372063233 0.518720062797875 1.0
0.8768479790283069 0.6663767531089618 0.5213463064777493 1.0
0.8828016290857155 0.6737558214628125 0.5239593005990177 1.0
0.8886785311484936 0.681138608456689 0.5265604357989649 1.0
0.8944777254021471 0.6885242590682951 0.5291511102513075 1.0
0.8992761681358982 0.6961786989682076 0.5333631863672611 1.0
0.8997078312126031 0.7050366043723436 0.5452812257758753 1.0
0.9001991117694498 0.7137919424596851 0.5571730566903449 1.0
0.9007531075974438 0.7224462450801373 0.5690351507451417 1.0
0.9013728282197009 0.7310009015325104 0.5808641238652398 1.0
0.9020611885271128 0.7394571671201045 0.5926567132192248 1.0
0.9028210020154702 0.7478161706844358 0.6044097565961788 1.0
0.9036549736469678 0.7560789211994334 0.6161201738332087 1.0
0.9045656923572805 0.7642463134935543 0.6277849499650514 1.0
0.905555623227123 0.7723191331539048 0.6394011198041661 1.0
0.9066270993342159 0.7802980606541343 0.6509657536898203 1.0
0.9077823132978183 0.7881836747363196 0.6624759441687722 1.0
0.9090233085232563 0.795976455065866 0.6739287933886193 1.0
0.9103519701479741 0.8036767841673575 0.6853214009981998 1.0
0.9117700156833975 0.8112849486378895 0.6966508523577678 1.0
0.9132789853379495 0.8188011396223864 0.7079142068650157 1.0
0.914880231995667 0.8262254525222793 0.7191084862012582 1.0
0.916574910811474 0.8335578858942164 0.7302306622948062 1.0
0.918363968367809 0.8407983394785837 0.7412776447850997 1.0
0.9202481313171841 0.8479466112777139 0.7522462677505268 1.0
0.9222278944104711 0.8550023935798325 0.7631332754336242 1.0
0.9243035077799605 0.8619652677956379 0.77393530665751 1.0
0.9264749633078717 0.8688346979382877 0.7846488775741846 1.0
0.928741979862672 0.8756100225320816 0.795270362314871 1.0
0.9311039871242199 0.8822904446770922 0.805795971019484 1.0
0.9335601076399073 0.8888750199220081 0.8162217245991225 1.0
0.9361091366516524 0.8953626414992278 0.8265434254214354 1.0
0.9387495190988976 0.9017520223459049 0.836756622888591 1.0
0.9414793230231615 0.908041673159269 0.8468565725790285 1.0
0.9442962083564505 0.9142298754950698 0.8568381872144215 1.0
0.9471973897411315 0.9203146485857687 0.8666959771426769 1.0
0.9501795915599774 0.9262937080862046 0.8764239772204911 1.0
0.9532389926854047 0.9321644142800087 0.8860156558157117 1.0
0.9563711574796553 0.9379237062892551 0.8954637999388243 1.0
0.9595709481171185 0.9435680173396402 0.9047603679373045 1.0
0.9628324110575971 0.9490931638316519 0.9138962972056867 1.0
0.9661486269497727 0.9544941973027677 0.9228612480220937 1.0
0.9695115074242567 0.9597652023205846 0.931643254158673 1.0
0.9729115122938196 0.9648990129596647 0.9402282329298449 1.0
0.9763372428500346 0.9698868017784571 0.9485992748968578 1.0
0.9797748330455599 0.9747174593741105 0.9567355713774245 1.0
0.9832069910585876 0.97937660889517 0.9646107102586435 1.0
0.9866113884682773 0.9838449337327525 0.9721897827993832 1.0
0.9899577013621236 0.9880950734622905 0.9794240111705476 1.0
0.9932014280926288 0.992085064259883 0.9862393915821107 1.0
0.9962679867715717 0.9957412536765647 0.9925071094201251 1.0
0.9989899563635564 0.9988898801229223 0.9979250784460737 1.0
0.9982079536158982 0.9990974088383183 0.9981710573358059 1.0
0.9932585251393488 0.9965389112641 0.9934548042399515 1.0
0.9874744492141653 0.9936008092534926 0.9880452102344249 1.0
0.9811204029109343 0.9904303452928275 0.9822145571526771 1.0
0.9743062187779142 0.9870911648286277 0.9760813042621644 1.0
0.9670929409757153 0.9836202003263063 0.9697149755050226 1.0
0.959519176598204 0.9800419655564555 0.9631624727330589 1.0
0.951611159954992 0.9763740750112812 0.9564582171182349 1.0
0.9433874855224839 0.9726298702627855 0.949628964946377 1.0
0.9348616375106659 0.96881984275909 0.9426964106935306 1.0
0.9260434644366702 0.9649524769967716 0.9356787259405339 1.0
0.9169400933907296 0.9610347844516322 0.9285915313516475 1.0
0.9075565224638015 0.9570726594443081 0.9214485426835457 1.0
0.8978960163514036 0.9530711262111083 0.9142620179206316 1.0
0.8879603750422201 0.9490345162678379 0.9070430771610257 1.0
0.8777501166982984 0.9449665993342395 0.8998019378278359 1.0
0.867264599841135 0.9408706822940138 0.8925480916494372 1.0
0.8565021006021771 0.9367496855352697 0.8852904404496228 1.0
0.8454598550556023 0.9326062028979546 0.8780374020783681 1.0
0.8341340729586053 0.9284425494917729 0.8707969942226174 1.0
0.8225199267241575 0.924260800374207 0.8635769015081146 1.0
0.810611517652467 0.9200628222293468 0.8563845297529699 1.0
0.798401820053297 0.9158502996090917 0.8492270501769533 1.0
0.7858826027098189 0.9116247568948498 0.8421114356349311 1.0
0.7730443260300358 0.9073875768515245 0.8350444904212773 1.0
0.7598760120949832 0.9031400164388813 0.8280328748159214 1.0
0.7463650835426595 0.8988832203939061 0.8210831252673509 1.0
0.7324971657137102 0.8946182329851525 0.8142016709035965 1.0
0.7182558445968085 0.8903460082553226 0.8073948469088748 1.0
0.7036223706742997 0.886067419003747 0.8006689051873026 1.0
0.6885752955405913 0.8817832647107104 0.7940300226461968 1.0
0.6730900238006466 0.8774942785668781 0.7874843073631016 1.0
0.6571382567433072 0.8732011337406916 0.7810378028479348 1.0
0.6406872958548255 0.8689044489925206 0.7746964905709097 1.0
0.6236991622072824 0.8646047937250985 0.7684662908956136 1.0
0.6061294702589397 0.8603026925442476 0.762353062532841 1.0
0.5879259686311169 0.8559986293912826 0.7563626006130242 1.0
0.5690266210004078 0.8516930512981365 0.7505006334623548 1.0
0.5493570388857911 0.8473863718077228 0.7447728181590207 1.0
0.528826979896363 0.8430789740949161 0.7391847349407605 1.0
0.5073254627040317 0.8387712138175659 0.7337418805326525 1.0
0.4847137717834134 0.834463421721877 0.7284496604642169 1.0
0.4608151272637911 0.8301559060221367 0.7233133804471316 1.0
0.4353988590823194 0.8258489545710176 0.7183382368888301 1.0
0.40815505452922446 0.8215428368333658 0.7135293066225488 1.0
0.37865162711823314 0.8172378056734587 0.7088915359407578 1.0
0.346256270457394 0.8129340989630852 0.7044297290259589 1.0
0.3338527269934796 0.806325900506653 0.7010886593276022 1.0
0.32619605297047094 0.7992008101687125 0.6979036433744978 1.0
0.31863958890650373 0.7920434823899121 0.6946545684851806 1.0
0.31118665245256283 0.784854803988593 0.6913412568307306 1.0
0.3038406183062447 0.7776356501714337 0.6879635407065794 1.0
0.2966049180667834 0.7703868855388307 0.6845212632822137 1.0
0.2894830391559164 0.7631093650199992 0.6810142792941937 1.0
0.28247852265707335 0.7558039347441036 0.6774424556880239 1.0
0.275594959908879 0.7484714328530512 0.673805672213813 1.0
0.26883598767300393 0.7411126902609952 0.6701038219802026 1.0
0.2622052816815793 0.7337285313650663 0.6663368119705619 1.0
0.2557065483566416 0.7263197747114057 0.6625045635251068 1.0
0.24934351448455266 0.7188872336201512 0.6586070127922089 1.0
0.24311991462333193 0.7114317167726874 0.654644111151899 1.0
0.23703947602203213 0.7039540287641386 0.6506158256142573 1.0
0.23110590084032395 0.6964549706238132 0.6465221391951724 1.0
0.22532284547555714 0.6889353403060456 0.6423630512717099 1.0
0.21969389683550328 0.6813959331536684 0.6381385779191483 1.0
0.21422254544010172 0.6738375423361382 0.6338487522315621 1.0
0.2089121552964026 0.666260959264169 0.6294936246276731 1.0
0.20376593056920006 0.6586669739825569 0.6250732631435512 1.0
0.1987868791661736 0.6510563755427456 0.6205877537136192 1.0
0.19397777347068923 0.6434299523565451 0.6160372004412927 1.0
0.18934110858606384 0.6357884925323112 0.6114217258605026 1.0
0.18487905859932238 0.6281327841947741 0.6067414711892228 1.0
0.18059343152520388 0.620463615789627 0.6019965965760775 1.0
0.17648562374583032 0.6127817763738891 0.5971872813409922 1.0
0.17255657490939724 0.6050880558929927 0.5923137242108101 1.0
0.1688067243823636 0.597383245445464 0.5873761435507159 1.0
0.16523597045275634 0.589668137536018 0.5823747775922667 1.0
0.16184363354597056 0.5819435263178299 0.5773098846587645 1.0
0.15862842472837824 0.5742102078246879 0.572181743388681 1.0
0.15558842072958504 0.5664689801937064 0.5669906529577808 1.0
0.1527210466060898 0.5587206438792206 0.5617369333005803 1.0
0.15002306699646187 0.550966001858468 0.5564209253317278 1.0
0.1474905866849398 0.5432058598296167 0.5510429911678731 1.0
0.14511906090605714 0.5354410264026848 0.545603514350576 1.0
0.14290331550157206 0.5276723132838713 0.5401029000707739 1.0
0.14083757670101002 0.5199005354537941 0.5345415753953251 1.0
0.1389155099588664 0.5121265113401294 0.528919989496124 1.0
0.13713026696616212 0.5043510629851133 0.5232386138822808 1.0
0.13547453968110504 0.4965750162083828 0.5174979426358505 1.0
0.1339406200091622 0.4887992007656074 0.5116984926516017 1.0
0.13252046361811345 0.48102445050337234 0.5058408038813109 1.0
0.13120575630429998 0.4732516035107654 0.49992543958307384 1.0
0.12998798133162312 0.46548150226813273 0.49395298657614245 1.0
0.12885848623922103 0.45771499379346686 0.48792405550180246 1.0
0.1278085477467795 0.449952929786905 0.4818392810908257 1.0
0.12682943356467993 0.4421961667738292 0.4756993224380562 1.0
0.12591246012494678 0.4344455662470669 0.46950486328470625 1.0
0.12504904547313006 0.42670199480872784 0.4632566123089818 1.0
0.12423075678713141 0.4189663243122185 0.45695530342567964 1.0
0.12344935220487466 0.411239432005014 0.4506016960954479 1.0
0.12269681683946002 0.40352220067279776 0.4441965756444431 1.0
0.12196539303177992 0.39581551878560906 0.43774075359517006 1.0
0.1212476050329247 0.3881202806466926 0.43123506800935973 1.0
0.120536278420834 0.3804373865447729 0.42468038384378515 1.0
0.11982455463831579 0.37276774291054715 0.41807759332001565 1.0
0.11910590109499386 0.3651122624782359 0.41142761630917807 1.0
0.11837411730707473 0.35747186445310214 0.40473140073289054 1.0
0.11762333755977453 0.34984747468591987 0.39798992298163904 1.0
0.11684803057171131 0.34224002585545876 0.39120418835198717 1.0
0.11604299662223275 0.33465045766013707 0.3843752315041333 1.0
0.1152033625751002 0.3270797170201015 0.3775041169414769 1.0
0.11432457519810194 0.31952875829110217 0.37059193951402314 1.0
0.11340239314073763 0.31199854349165873 0.3636398249476225 1.0
0.11243287789306114 0.30449004254515166 0.35664893040125606 1.0
0.11141238400987707 0.2970042335386338 0.34962044505479634 1.0
0.11033754884682698 0.2895421030003286 0.34255559072992364 1.0
0.10920528201947288 0.2821046461979764 0.3354556225471635 1.0
0.10801275476376426 0.2746928674604134 0.32832182962232337 1.0
0.10675738934661916 0.2673077805250158 0.32115553580596873 1.0
0.10543684864889652 0.2599504089139037 0.31395810046995976 1.0
0.10404902601975186 0.2526217863421319 0.3067309193455445 1.0
0.10259203548118281 0.24532295716142727 0.29947542541798805 1.0
0.10106420234427119 0.23805497684343746 0.2921930898833055 1.0
0.09946405428402147 0.2308189125069 0.2848854231733044 1.0
0.09779031290754506 0.22361584349365138 0.2775539760558885 1.0
0.09604188584036957 0.21644686199897084 0.27020034081840527 1.0
0.09421785934768276 0.2093130737624158 0.2628261525427788 1.0
0.09231749150107149 0.20221559882605422 0.25543309048226087 1.0
