1.0 1.0 0.9999046116818321 1.0
0.9936243581113434 0.9964281030973717 0.9988463168942096 1.0
0.9872504106739827 0.9928182856752313 0.9978079888621388 1.0
0.9808784303284442 0.9892062250744732 0.9967919133119524 1.0
0.9745083428865894 0.9855918924923549 0.9957980931976428 1.0
0.968140071642735 0.9819752583722031 0.9948265329483973 1.0
0.9617735372975041 0.9783562923777184 0.9938772385329743 1.0
0.9554086578787638 0.9747349633663732 0.9929502175254336 1.0
0.9490453486595006 0.9711112393618647 0.9920454791722434 1.0
0.942683522072504 0.9674850875255877 0.9911630344607888 1.0
0.9363230876217064 0.9638564741270793 0.990302896189308 1.0
0.9299639517900175 0.9602253645134039 0.9894650790382972 1.0
0.9236060179434873 0.9565917230774227 0.9886495996433945 1.0
0.9172491862316288 0.9529555132249082 0.9878564766697951 1.0
0.9108933534837054 0.949316697340452 0.987085730888212 1.0
0.9045384131007876 0.9456752367521161 0.9863373852524296 1.0
0.8981842549433806 0.9420310916947726 0.9856114649784725 1.0
0.8918307652143831 0.9383842212720777 0.9849079976254392 1.0
0.8854778263371658 0.9347345834170172 0.9842270131780245 1.0
0.8791253168285066 0.9310821348509682 0.9835685441307783 1.0
0.8727731111661214 0.9274268310412037 0.9829326255741372 1.0
0.8664210796505218 0.9237686261567811 0.9823192952822729 1.0
0.8600690882608922 0.9201074730227358 0.9817285938027965 1.0
0.853716998504679 0.9164433230725094 0.9811605645483651 1.0
0.8473646672605573 0.9127761262985346 0.9806152538902383 1.0
0.8410119466144125 0.9091058312008871 0.9800927112538312 1.0
0.8346586836879727 0.9054323847339308 0.9795929892163128 1.0
0.8283047204596757 0.9017557322508498 0.9791161436062977 1.0
0.8219498935773489 0.8980758174459859 0.978662233605695 1.0
0.8155940341622395 0.894392582294869 0.9782313218537523 1.0
0.8092369676039152 0.8907059669918448 0.9778234745533653 1.0
0.8028785133455026 0.8870159098851801 0.9774387615797057 1.0
0.7965184846587128 0.8833223474095347 0.9770772565912277 1.0
0.7901566884080625 0.8796252140156724 0.9767390371431136 1.0
0.7837929248036378 0.8759244420972853 0.9764241848032288 1.0
0.7774269871417351 0.872219961914791 0.9761327852706446 1.0
0.7710586615326361 0.8685117015159639 0.9758649284968038 1.0
0.7646877266147326 0.86479958665324 0.9756207088093946 1.0
0.758313953254163 0.8610835406975482 0.9754002250390087 1.0
0.7519371042290454 0.8573634845484872 0.9752035806486593 1.0
0.7455569338973462 0.8536393365406801 0.9750308838662317 1.0
0.739173187847322 0.8499110123461109 0.9748822478199483 1.0
0.7327856025294117 0.8461784248722519 0.9747577906769344 1.0
0.7263939048683582 0.8424414841557724 0.9746576357849613 1.0
0.7199978118542504 0.8387000972515998 0.9745819118174558 1.0
0.7135970301110572 0.8349541681171143 0.9745307529218704 1.0
0.7071912554411219 0.8312035974912166 0.9745042988714964 1.0
0.7007801723439524 0.8274482827680204 0.9745026952208246 1.0
0.6943634535075089 0.8236881178648849 0.9745260934645358 1.0
0.6879407592700294 0.819922993084502 0.9745746512002388 1.0
0.6815117370502768 0.8161527949707268 0.974648532295037 1.0
0.6750760207438963 0.8123774061578288 0.9747479070560446 1.0
0.668633230083371 0.8085967052128125 0.9748729524049485 1.0
0.6621829699588513 0.8048105664704442 0.9750238520567301 1.0
0.6557248296968557 0.8010188598606007 0.9752007967026525 1.0
0.649258382293603 0.7972214507275179 0.97540398419764 1.0
0.6427831835993965 0.7934181996405132 0.9756336197521448 1.0
0.6362987714501699 0.7896089621957104 0.9758899161286468 1.0
0.6298046647419008 0.7857935888082803 0.9761730938428824 1.0
0.623300362443219 0.7819719244946683 0.9764833813699435 1.0
0.6167853425410131 0.7781438086442573 0.9768210153553641 1.0
0.6102590609133774 0.7743090747798729 0.9771862408313242 1.0
0.6037209501236132 0.7704675503065043 0.9775793114381043 1.0
0.5971704181283638 0.7666190562475658 0.9780004896509181 1.0
0.5906068468922361 0.7627634069679938 0.9784500470122596 1.0
0.5840295909004058 0.7589004098834136 0.9789282643699008 1.0
0.5774379755598184 0.7550298651545703 0.9794354321206792 1.0
0.570831295478503 0.7511515653661576 0.9799718504602092 1.0
0.5648952600579424 0.7472233265939605 0.9798436584436373 1.0
0.5634820178695986 0.743017868555695 0.9751390890316524 1.0
0.5620543321994278 0.7388190586795219 0.9704342327973089 1.0
0.56061226276578 0.7346269147500043 0.9657291420671571 1.0
0.5591558694218639 0.7304414545240817 0.961023869278356 1.0
0.5576852121572627 0.7262626957312561 0.9563184669788446 1.0
0.5562003510994578 0.7220906560737891 0.9516129878275313 1.0
0.554701346515348 0.7179253532269099 0.9469074845944835 1.0
0.5531882588127732 0.7137668048390358 0.9422020101611397 1.0
0.551661148542032 0.7096150285320048 0.9374966175205239 1.0
0.5501200763974085 0.7054700419013186 0.9327913597774784 1.0
0.5485651032186926 0.7013318625164017 0.9280862901489026 1.0
0.5469962899927113 0.6972005079208686 0.9233814619640078 1.0
0.545413697854854 0.6930759956328091 0.9186769286645834 1.0
0.5438173880906062 0.688958343145082 0.9139727438052765 1.0
0.5422074221370844 0.6848475679256247 0.9092689610538833 1.0
0.540583861584577 0.6807436874177776 0.9045656341916548 1.0
0.5389467681780856 0.6766467190406201 0.8998628171136173 1.0
0.5372962038188769 0.6725566801893215 0.8951605638289034 1.0
0.5356322305660317 0.6684735882355086 0.8904589284611045 1.0
0.5339549106380113 0.664397460527644 0.8857579652486283 1.0
0.5322643064142192 0.660328314391425 0.8810577285450818 1.0
0.5305604804365736 0.656266167130192 0.8763582728196612 1.0
0.5288434954110933 0.6522110360253576 0.8716596526575647 1.0
0.5271134142094787 0.6481629383368488 0.8669619227604164 1.0
0.5253702998707142 0.6441218913035671 0.8622651379467089 1.0
0.5236142156026702 0.6400879121438634 0.8575693531522655 1.0
0.521845224783722 0.6360610180560331 0.8528746234307162 1.0
0.5200633909643698 0.6320412262188253 0.8481810039539922 1.0
0.5182687778688801 0.6280285537919711 0.8434885500128424 1.0
0.5164614493969275 0.624023017916731 0.8387973170173644 1.0
0.5146414696252579 0.6200246357164585 0.8341073604975582 1.0
0.5128089028093554 0.616033424297184 0.8294187361038968 1.0
0.5109638133851288 0.612049400748218 0.8247314996079202 1.0
0.5091062659706087 0.6080725821427732 0.8200457069028493 1.0
0.5072363253676585 0.6041029855386059 0.8153614140042168 1.0
0.5053540565637012 0.6001406279786792 0.8106786770505295 1.0
0.503459524733461 0.5961855264918473 0.8059975523039428 1.0
0.5015527952407227 0.5922376980935584 0.8013180961509644 1.0
0.4996339336401024 0.5882971597865819 0.7966403651031794 1.0
0.4977030056788457 0.5843639285617563 0.7919644157980011 1.0
0.495760077298633 0.5804380213987602 0.7872903049994435 1.0
0.4938052146374115 0.5765194552669055 0.7826180895989219 1.0
0.4918384840312425 0.5726082471259558 0.7779478266160779 1.0
0.48985995201617255 0.5687044139269664 0.773279573199633 1.0
0.48786968533012137 0.5648079726131502 0.7686133866282651 1.0
0.4858677509147948 0.5609189401207693 0.763949324311519 1.0
0.48385421591762207 0.5570373333800493 0.7592874437907391 1.0
0.48182914769370905 0.553163169316124 0.7546278027400379 1.0
0.47979261380782695 0.5492964648500013 0.7499704589672881 1.0
0.47774468203641446 0.5454372368995604 0.7453154704151486 1.0
0.4756854203696162 0.5415855023805768 0.740662895162126 1.0
0.4736148970133402 0.5377412782077716 0.7360127914236588 1.0
0.471533180391348 0.533904581295894 0.7313652175532451 1.0
0.4694403391473721 0.530075428560831 0.7267202320435965 1.0
0.46733644214726183 0.5262538369207495 0.7220778935278308 1.0
0.46522155848116203 0.5224398232972651 0.7174382607806999 1.0
0.46309575746572335 0.518633404616648 0.7128013927198543 1.0
0.46095910864634043 0.5148345978110561 0.7081673484071437 1.0
0.4588116817994336 0.5110434198198045 0.703536187049957 1.0
0.4566535469347542 0.5072598875906665 0.6989079680026035 1.0
0.4544847742977349 0.5034840180812107 0.6942827507677313 1.0
0.4523054343718707 0.49971582826017186 0.6896605949977903 1.0
0.4501155978811436 0.49595533510885864 0.6850415604965359 1.0
0.4479153357924813 0.4922025556225977 0.6804257072205767 1.0
0.44570471931826044 0.4884575068122164 0.6758130952809681 1.0
0.4434838199188525 0.48472020570556146 0.6712037849448502 1.0
0.44125270930520655 0.4809906693490614 0.6665978366371342 1.0
0.43901145944148434 0.4772689148093247 0.6619953109422373 1.0
0.4367601425477372 0.47355495917478135 0.6573962686058656 1.0
0.43449883110263093 0.4698488195573672 0.6528007705368493 1.0
0.4322275978462182 0.46615051309425 0.6482088778090316 1.0
0.4299465157827646 0.4624600569496015 0.6436206516632085 1.0
0.427655658183621 0.45877746831641225 0.639036153509124 1.0
0.42535509859015724 0.4551027644183549 0.6344554449275268 1.0
0.4230449108167415 0.45143596251169466 0.6298785876722761 1.0
0.42072516895378254 0.4477770798872472 0.625305643672517 1.0
0.41839594737082847 0.44412613387238686 0.6207366750349086 1.0
0.41605732071972606 0.44048314183310744 0.6161717440459225 1.0
0.4137093639378395 0.43684812117613275 0.6116109131741998 1.0
0.41135215225133714 0.43322108935108183 0.6070542450729781 1.0
0.40898576117853874 0.42960206385268945 0.602501802582586 1.0
0.4066102665333371 0.4259910622230824 0.5979536487330075 1.0
0.4042257444286809 0.422388102054113 0.5934098467465184 1.0
0.4018322712801361 0.4187932009897529 0.5888704600403967 1.0
0.39942992380951997 0.4152063767285462 0.5843355522297099 1.0
0.3970187790486076 0.41162764702612586 0.5798051871301799 1.0
0.39459891434292177 0.40805702969779273 0.5752794287611281 1.0
0.39217040735560066 0.4044945426211612 0.5707583413485049 1.0
0.3897333360713493 0.4009402037388715 0.5662419893280013 1.0
0.38728777880047804 0.39739403106137056 0.5617304373482518 1.0
0.3848338141830282 0.39385604266976404 0.557223750274124 1.0
0.3823715211929903 0.3903262567187403 0.5527219931901034 1.0
0.3799009791426139 0.38680469143957097 0.5482252314037716 1.0
0.37742226768681664 0.3832913651431848 0.5437335304493837 1.0
0.3749354668276932 0.37978629622332283 0.539246956091547 1.0
0.37244065691912437 0.3762895031597734 0.5347655743290031 1.0
0.3699379186714946 0.37280100452169035 0.5302894513985152 1.0
0.3674273331565191 0.36932081897099633 0.525818653778871 1.0
0.36490898181218323 0.3658489652658737 0.5213532481949923 1.0
0.3623829464477973 0.3623854622643458 0.5168933016221667 1.0
0.3598493092491709 0.35893032892795196 0.5124388812903978 1.0
0.3573081527839151 0.35548358432551497 0.5079900546888795 1.0
0.35475956000686726 0.3520452476370104 0.5035468895705979 1.0
0.3522036142656496 0.3486153381575339 0.4991094539570667 1.0
0.34964039930636537 0.3451938753013737 0.4946778161431969 1.0
0.3470699992794313 0.34178087860619005 0.4902520447023075 1.0
0.3444924987455591 0.3383763677373037 0.48583220849127956 1.0
0.3419079826818835 0.33498036249209884 0.48141837665586235 1.0
0.33931653648824517 0.3315928828045427 0.47701061863612965 1.0
0.33671824599363415 0.3282139487498242 0.47260900417209734 1.0
0.33411319746279544 0.32484358054911794 0.4682136033095035 1.0
0.33150147760300686 0.32148179857447523 0.4638244864057585 1.0
0.32888317357103103 0.3181286233538461 0.4594417241360698 1.0
0.3262583729802491 0.31478407557623866 0.45506538749974584 1.0
0.3236271639079812 0.3114481760970166 0.4506955478266877 1.0
0.3209896349030015 0.30812094594334255 0.4463322767840721 1.0
0.3183458749932535 0.3048024063197688 0.4419756463832333 1.0
0.315695973693771 0.30149257861398404 0.43762572898675184 1.0
0.3130400210148133 0.29819148440271587 0.43328259731575375 1.0
0.31037810747022343 0.2948991454578007 0.4289463244574312 1.0
0.30771032408601506 0.29161558375241914 0.4246169838727885 1.0
0.30503676240919214 0.2883408214675084 0.4202946494046252 1.0
0.3023575145168205 0.28507488099835576 0.4159793952857601 1.0
0.2996726730253473 0.281817784961377 0.411671296147509 1.0
0.29698233110018796 0.278569556201089 0.40737042702842235 1.0
0.29428658246558065 0.2753302177972815 0.40307686338328996 1.0
0.29158552141472566 0.27209979307239646 0.39879068109243043 1.0
0.2888792428202168 0.26887830559911824 0.3945119564712646 1.0
0.2861678421447728 0.2656657792081887 0.39024076628019216 1.0
0.283451415452285 0.2624622379964478 0.38597718773477824 1.0
0.28073005941918805 0.2592677063351134 0.38172129851626113 1.0
0.27800387134616905 0.25608220887830513 0.3774731767823958 1.0
0.2752729491702263 0.2529057705718236 0.373232901178643 1.0
0.27253739147708883 0.2497384166621932 0.36900055084971795 1.0
0.26979729751401604 0.24658017270597743 0.3647762054515131 1.0
0.2670527672029836 0.2434310645793783 0.3605599451634074 1.0
0.2643039011542787 0.24029111848813012 0.3563518507009782 1.0
0.2615508006805152 0.23716036097769794 0.35215200332913216 1.0
0.2587935678110865 0.23403881894379214 0.34796048487566833 1.0
0.25603230530707277 0.23092651964321376 0.3437773777452955 1.0
0.2532671166766223 0.22782349070503916 0.3396027649341151 1.0
0.25049810619082424 0.22472976014216212 0.3354367300445976 1.0
0.24772537890009183 0.22164535636320226 0.33127935730106006 1.0
0.24494904065107825 0.21857030818480022 0.3271307315656793 1.0
0.2421691981041459 0.21550464484430842 0.3229909383550485 1.0
0.23938595875141339 0.21244839601290022 0.3188600638573125 1.0
0.2365994309354012 0.20940159180910917 0.3147381949498968 1.0
0.23380972386830273 0.20636426281281905 0.31062541921785847 1.0
0.23101694765190922 0.203336440079723 0.3065218249728875 1.0
0.2282212132982122 0.20031815515626977 0.30242750127298323 1.0
0.22542263275071528 0.19730944009512125 0.29834253794283605 1.0
0.2226213189064835 0.19431032747113886 0.2942670255949462 1.0
0.21981738563896774 0.1913208503979258 0.29020105565151133 1.0
0.21701094782163072 0.1883410425449453 0.2861447203671151 1.0
0.21420212135241617 0.18537093815524505 0.2820981128522577 1.0
0.21139102317909608 0.18241057206380967 0.2780613270977608 1.0
0.20857777132553706 0.1794599797165747 0.2740344580000908 1.0
0.205762484918927 0.1765191971901263 0.2700176013876403 1.0
0.20294528421800617 0.17358826121212462 0.2660108540480149 1.0
0.20012629064234927 0.17066720918247846 0.2620143137563696 1.0
0.197305626802751 0.16775607919531083 0.25802807930484684 1.0
0.19448341653276072 0.1648549100617502 0.25405225053316993 1.0
0.1916597849214293 0.16196374133358724 0.25008692836044294 1.0
0.18883485834732014 0.15908261332784132 0.24613221481822323 1.0
0.1860087645138506 0.15621156715227663 0.24218821308492272 1.0
0.18318163248602667 0.15335064473192037 0.23825502752161043 1.0
0.18035359272864215 0.15049988883662738 0.23433276370928025 1.0
0.17752477714601642 0.14765934310974868 0.23042152848766634 1.0
0.1746953191233466 0.14482905209795782 0.2265214299956786 1.0
0.1718653535697608 0.1420090612822945 0.22263257771354877 1.0
0.16903501696315773 0.13919941711049033 0.21875508250677234 1.0
0.16620444739693108 0.13640016703064398 0.2148890566719459 1.0
0.16337378462867214 0.13361135952631678 0.21103461398459955 1.0
0.16054317013096564 0.13083304415312694 0.20719186974913367 1.0
0.15771274714438538 0.1280652715769224 0.2033609408509766 1.0
0.1548826607328156 0.12530809361362222 0.19954194581108659 1.0
0.15205305784122497 0.12256156327081644 0.19573500484292927 1.0
0.14922408735603396 0.11982573479122732 0.1919402399120745 1.0
0.14639590016822093 0.11710066369813638 0.1881577747985614 1.0
0.14356864923932733 0.11438640684289161 0.1843877351621925 1.0
0.14074248967053102 0.11168302245461889 0.1806302486109357 1.0
0.13791757877496771 0.10899057019226557 0.17688544477261325 1.0
0.13509407615349903 0.10630911119912051 0.17315345537008225 1.0
0.13227214377413238 0.10363870815995743 0.1694344143001179 1.0
0.12945194605532026 0.10097942536096902 0.16572845771623357 1.0
0.12663364995337942 0.09833132875266154 0.1620357241156816 1.0
0.1238174250542915 0.09569448601590166 0.15835635443090557 1.0
