0.049747 0.049747 0.049747 1.0
0.060384 0.060385 0.060384 1.0
0.069772 0.069773 0.069773 1.0
0.078116 0.078117 0.078117 1.0
0.085807 0.08581 0.085809 1.0
0.09292 0.092923 0.092922 1.0
0.099846 0.099848 0.099847 1.0
0.1068 0.106801 0.106801 1.0
0.113681 0.113682 0.113682 1.0
0.120546 0.120547 0.120547 1.0
0.127458 0.127458 0.127458 1.0
0.134389 0.134389 0.134389 1.0
0.141276 0.141276 0.141276 1.0
0.148126 0.148126 0.148126 1.0
0.154994 0.154994 0.154994 1.0
0.161878 0.161878 0.161878 1.0
0.168702 0.168702 0.168702 1.0
0.175509 0.175509 0.175509 1.0
0.182309 0.182309 0.182309 1.0
0.189121 0.189121 0.189121 1.0
0.195892 0.195892 0.195892 1.0
0.202633 0.202633 0.202633 1.0
0.209369 0.209369 0.209369 1.0
0.2161 0.2161 0.2161 1.0
0.222776 0.222776 0.222776 1.0
0.229416 0.229416 0.229416 1.0
0.236073 0.236073 0.236073 1.0
0.242663 0.242663 0.242663 1.0
0.249255 0.249255 0.249255 1.0
0.255806 0.255806 0.255806 1.0
0.262342 0.262342 0.262342 1.0
0.268854 0.268854 0.268854 1.0
0.275321 0.275321 0.275321 1.0
0.281757 0.281757 0.281757 1.0
0.28816 0.28816 0.28816 1.0
0.294538 0.294538 0.294538 1.0
0.300889 0.300889 0.300889 1.0
0.307211 0.307211 0.307211 1.0
0.313508 0.313508 0.313508 1.0
0.319763 0.319763 0.319763 1.0
0.325968 0.325968 0.325968 1.0
0.332175 0.332175 0.332175 1.0
0.338315 0.338315 0.338315 1.0
0.344435 0.344435 0.344435 1.0
0.350537 0.350537 0.350537 1.0
0.356585 0.356585 0.356585 1.0
0.362593 0.362593 0.362593 1.0
0.36858 0.36858 0.36858 1.0
0.374523 0.374523 0.374523 1.0
0.380429 0.380429 0.380429 1.0
0.38629 0.38629 0.38629 1.0
0.392132 0.392132 0.392132 1.0
0.397937 0.397937 0.397937 1.0
0.403699 0.403699 0.403699 1.0
0.409422 0.409422 0.409422 1.0
0.415111 0.415111 0.415111 1.0
0.420763 0.420763 0.420763 1.0
0.426389 0.426389 0.426389 1.0
0.431998 0.431998 0.431998 1.0
0.437562 0.437562 0.437562 1.0
0.4431 0.4431 0.4431 1.0
0.448628 0.448628 0.448628 1.0
0.454139 0.454139 0.454139 1.0
0.459646 0.459646 0.459646 1.0
0.465151 0.465151 0.465151 1.0
0.470678 0.470678 0.470678 1.0
0.476215 0.476215 0.476215 1.0
0.48178 0.48178 0.48178 1.0
0.48738 0.48738 0.48738 1.0
0.493005 0.493005 0.493005 1.0
0.498699 0.498699 0.498699 1.0
0.504437 0.504437 0.504437 1.0
0.510215 0.510215 0.510215 1.0
0.516057 0.516057 0.516057 1.0
0.521966 0.521966 0.521966 1.0
0.527943 0.527943 0.527943 1.0
0.533976 0.533976 0.533976 1.0
0.540081 0.540081 0.540081 1.0
0.546261 0.546261 0.546261 1.0
0.552494 0.552494 0.552494 1.0
0.558792 0.558792 0.558792 1.0
0.565167 0.565167 0.565167 1.0
0.571618 0.571618 0.571618 1.0
0.57813 0.57813 0.57813 1.0
0.584725 0.584725 0.584725 1.0
0.591382 0.591382 0.591382 1.0
0.598109 0.598109 0.598109 1.0
0.604918 0.604918 0.604918 1.0
0.611794 0.611794 0.611794 1.0
0.618752 0.618752 0.618752 1.0
0.625771 0.625771 0.625771 1.0
0.632874 0.632874 0.632874 1.0
0.640054 0.640054 0.640054 1.0
0.647306 0.647306 0.647306 1.0
0.654632 0.654632 0.654632 1.0
0.662051 0.662051 0.662051 1.0
0.669536 0.669536 0.669536 1.0
0.677106 0.677106 0.677106 1.0
0.684747 0.684747 0.684747 1.0
0.692484 0.692484 0.692484 1.0
0.700289 0.700289 0.700289 1.0
0.708183 0.708183 0.708183 1.0
0.716164 0.716164 0.716164 1.0
0.72422 0.72422 0.72422 1.0
0.732371 0.732371 0.732371 1.0
0.740598 0.740598 0.740598 1.0
0.748916 0.748916 0.748916 1.0
0.757325 0.757325 0.757325 1.0
0.765823 0.765823 0.765823 1.0
0.774402 0.774402 0.774402 1.0
0.783078 0.783078 0.783078 1.0
0.791845 0.791845 0.791845 1.0
0.800705 0.800705 0.800705 1.0
0.809657 0.809657 0.809657 1.0
0.818698 0.818698 0.818698 1.0
0.82784 0.82784 0.82784 1.0
0.837081 0.837081 0.837081 1.0
0.846409 0.846409 0.846409 1.0
0.855845 0.855845 0.855845 1.0
0.865372 0.865372 0.865372 1.0
0.875003 0.875003 0.875003 1.0
0.884733 0.884733 0.884733 1.0
0.894563 0.894563 0.894563 1.0
0.904484 0.904484 0.904484 1.0
0.914505 0.914505 0.914505 1.0
0.924609 0.924609 0.924609 1.0
0.934801 0.934801 0.934801 1.0
0.945072 0.945072 0.945072 1.0
0.008503999999999956 0.251455 0.15058399999999994 1.0
0.020763 0.255549 0.147623 1.0
0.033696 0.259727 0.144685 1.0
0.047492 0.263977 0.141796 1.0
0.060283 0.268282 0.138984 1.0
0.072337 0.272675 0.136309 1.0
0.0842 0.277146 0.133853 1.0
0.095826 0.281652 0.131562 1.0
0.107505 0.28618 0.129509 1.0
0.119218 0.290743 0.127733 1.0
0.131026 0.295279 0.126274 1.0
0.142886 0.299785 0.125109 1.0
0.154808 0.304209 0.124283 1.0
0.166802 0.30856 0.123809 1.0
0.178769 0.312776 0.123672 1.0
0.190688 0.316886 0.123858 1.0
0.20255 0.320854 0.124344 1.0
0.214319 0.324652 0.125107 1.0
0.225947 0.328324 0.126116 1.0
0.237408 0.331837 0.127259 1.0
0.248675 0.335221 0.128625 1.0
0.259751 0.338433 0.130154 1.0
0.270639 0.341543 0.131712 1.0
0.2813 0.34452 0.133371 1.0
0.2918 0.347411 0.135095 1.0
0.302077 0.350188 0.136822 1.0
0.312189 0.35288 0.138601 1.0
0.322153 0.355506 0.140369 1.0
0.331942 0.358053 0.142144 1.0
0.341591 0.360533 0.14391 1.0
0.351115 0.362988 0.145685 1.0
0.360506 0.365396 0.147404 1.0
0.369822 0.367762 0.14912 1.0
0.379051 0.370105 0.150827 1.0
0.388209 0.372423 0.152514 1.0
0.397309 0.374731 0.154209 1.0
0.406376 0.37702 0.155919 1.0
0.4154 0.37929 0.157562 1.0
0.424412 0.381563 0.15924 1.0
0.433411 0.383829 0.160917 1.0
0.442431 0.386086 0.162594 1.0
0.451446 0.388367 0.164275 1.0
0.460478 0.390646 0.165918 1.0
0.469568 0.392932 0.167627 1.0
0.478669 0.395244 0.16936 1.0
0.487835 0.397568 0.171061 1.0
0.497037 0.399915 0.172819 1.0
0.506302 0.402299 0.174642 1.0
0.515634 0.404731 0.176467 1.0
0.525043 0.40722 0.178437 1.0
0.534518 0.409777 0.180428 1.0
0.544067 0.412418 0.182567 1.0
0.553688 0.415152 0.184891 1.0
0.563393 0.418024 0.187387 1.0
0.573154 0.421052 0.190091 1.0
0.582965 0.424279 0.19311 1.0
0.592835 0.427733 0.196486 1.0
0.602709 0.431441 0.200204 1.0
0.61258 0.435443 0.204466 1.0
0.622413 0.439773 0.209188 1.0
0.632165 0.444477 0.214506 1.0
0.64178 0.449558 0.220458 1.0
0.651216 0.455053 0.227021 1.0
0.660405 0.460949 0.234261 1.0
0.669309 0.467271 0.242155 1.0
0.677865 0.473972 0.250697 1.0
0.686027 0.481048 0.259864 1.0
0.693765 0.488473 0.26959 1.0
0.701065 0.496177 0.279813 1.0
0.707907 0.504161 0.290477 1.0
0.7143 0.512334 0.301535 1.0
0.720267 0.520687 0.312924 1.0
0.725831 0.529182 0.324564 1.0
0.731018 0.537769 0.33642 1.0
0.735881 0.546431 0.348448 1.0
0.740466 0.555137 0.360584 1.0
0.744803 0.563896 0.372839 1.0
0.74894 0.572671 0.385162 1.0
0.752913 0.581454 0.397553 1.0
0.756761 0.590253 0.409988 1.0
0.760506 0.599065 0.422437 1.0
0.764169 0.607875 0.434943 1.0
0.767774 0.616678 0.447445 1.0
0.771347 0.625474 0.459981 1.0
0.774878 0.634273 0.472535 1.0
0.7784 0.643049 0.485095 1.0
0.781912 0.651821 0.497693 1.0
0.785417 0.660563 0.510285 1.0
0.788929 0.669296 0.522915 1.0
0.792446 0.677998 0.535562 1.0
0.79598 0.686665 0.548263 1.0
0.799544 0.695301 0.560987 1.0
0.803122 0.703895 0.573772 1.0
0.806743 0.712439 0.586614 1.0
0.810388 0.720932 0.599523 1.0
0.814079 0.729364 0.612487 1.0
0.817808 0.737713 0.625525 1.0
0.821582 0.745977 0.638617 1.0
0.825384 0.754139 0.651756 1.0
0.829229 0.76217 0.664908 1.0
0.833087 0.770067 0.678072 1.0
0.83697 0.777809 0.691191 1.0
0.840855 0.78537 0.704253 1.0
0.844735 0.792737 0.717217 1.0
0.848596 0.799902 0.730032 1.0
0.852435 0.806848 0.742676 1.0
0.856225 0.813565 0.755116 1.0
0.859973 0.820063 0.76732 1.0
0.863665 0.826342 0.779284 1.0
0.867288 0.832403 0.790988 1.0
0.870854 0.838258 0.802431 1.0
0.874358 0.843922 0.81362 1.0
0.877803 0.849423 0.824574 1.0
0.881194 0.854772 0.83532 1.0
0.884543 0.860002 0.845888 1.0
0.887857 0.865135 0.856333 1.0
0.89116 0.870212 0.866696 1.0
0.894463 0.875265 0.877033 1.0
0.897775 0.880312 0.887403 1.0
0.901115 0.885392 0.897852 1.0
0.904494 0.890521 0.908424 1.0
0.907927 0.895726 0.919151 1.0
0.911405 0.901015 0.930076 1.0
0.914944 0.906406 0.941204 1.0
0.918538 0.911896 0.952554 1.0
0.92219 0.917495 0.964118 1.0
0.925881 0.923186 0.975892 1.0
0.929608 0.928963 0.987857 1.0
