1.0 0.0 0.0 1.0
1.0 0.3784110500423103 0.20978926505574103 1.0
1.0 0.700543037593291 0.4930701148153319 1.0
1.0 0.9184869857459229 0.7773816095344769 1.0
1.0 0.9998292504580528 1.0 1.0
0.802940753653921 0.9324722294043558 1.0 1.0
0.5207872890045623 0.7264335740162242 1.0 1.0
0.2355422414408504 0.41235631747390333 1.0 1.0
0.0 0.03695149938914491 1.0 1.0
0.0 0.0 0.8155673183737362 1.0
0.0 0.0 0.5346375939843047 1.0
0.0 0.0 0.2485564044984545 1.0
0.0 0.0 0.0 1.0
0.1719138828565801 0.0 0.0 1.0
0.4515239297425671 0.0 0.0 1.0
0.7383435646864264 0.0 0.0 1.0
0.9897156291381082 0.0 0.0 1.0
1.0 0.30901699437494723 0.15950712519533977 1.0
1.0 0.6459280624867876 0.4377020080030224 1.0
1.0 0.8867736859200619 0.7251621397623147 1.0
1.0 0.9957341762950345 0.979135104238971 1.0
0.8527833544610822 0.9566044195004407 1.0 1.0
0.5760986390293277 0.7752039761111297 1.0 1.0
0.2880961778262543 0.4785115691012864 1.0 1.0
0.03160904485932525 0.1106526818915009 1.0 1.0
0.0 0.0 0.8649533589251417 1.0
0.0 0.0 0.5898732984461621 1.0
0.0 0.0 0.30142686037596794 1.0
0.0 0.0 0.042513149039707376 1.0
0.1230012678485346 0.0 0.0 1.0
0.3963827337860879 0.0 0.0 1.0
0.6851746445290505 0.0 0.0 1.0
0.9464265154394146 0.0 0.0 1.0
1.0 0.23793519504261681 0.1110846393438703 1.0
1.0 0.5877852522924727 0.3826741512198272 1.0
1.0 0.8502171357296147 0.671712912462602 1.0
1.0 0.9862007473534027 0.9352137256724867 1.0
0.9006991749214175 0.975511967980437 1.0 1.0
0.6309943646765594 0.819740482907221 1.0 1.0
0.34180745940614676 0.5420533564724477 1.0 1.0
0.07614768918305681 0.18374951781657042 1.0 1.0
0.0 0.0 0.9123461507855511 1.0
0.0 0.0 0.6446181461174123 1.0
0.0 0.0 0.355381853882586 1.0
0.0 0.0 0.08765384921444974 1.0
0.07614768918305592 0.0 0.0 1.0
0.34180745940614843 0.0 0.0 1.0
0.6309943646765611 0.0 0.0 1.0
0.9006991749214166 0.0 0.0 1.0
1.0 0.16555387618412792 0.0647862743275115 1.0
1.0 0.5264321628773553 0.3282870875373984 1.0
1.0 0.8090169943749481 0.6173258487801733 1.0
1.0 0.9712810319161138 0.88891536065613 1.0
0.9464265154394154 0.9890916083711463 1.0 1.0
0.6851746445290503 0.8597998514483731 1.0 1.0
0.3963827337860876 0.6026346363792563 1.0 1.0
0.12300126784853554 0.255842777594434 1.0 1.0
0.0 0.0 0.9574868509602933 1.0
0.0 0.0 0.6985731396240316 1.0
0.0 0.0 0.4101267015538361 1.0
0.0 0.0 0.13504664107485792 1.0
0.031609044859325475 0.0 0.0 1.0
0.2880961778262546 0.0 0.0 1.0
0.5760986390293292 0.0 0.0 1.0
0.8527833544610824 0.0 0.0 1.0
1.0 0.09226835946329986 0.02086489576102729 1.0
1.0 0.4622038835403095 0.27483786023768436 1.0
1.0 0.7633982827411037 0.562297991996978 1.0
1.0 0.9510565162951534 0.8404928748046612 1.0
0.9897156291381095 0.9972691733857882 1.0 1.0
0.7383435646864241 0.8951632913550612 1.0 1.0
0.4515239297425661 0.6599245348787225 1.0 1.0
0.171913882856581 0.3265387128400818 1.0 1.0
0.0 0.0 1.0 1.0
0.0 0.0 0.7514435955015476 1.0
0.0 0.0 0.4653624060156939 1.0
0.0 0.0 0.18443268162626375 1.0
0.0 0.0 0.0 1.0
0.23554224144085129 0.0 0.0 1.0
0.5207872890045643 0.0 0.0 1.0
0.8029407536539217 0.0 0.0 1.0
1.0 0.01847890495912774 0.0 1.0
1.0 0.39545120687053875 0.22261839046552212 1.0
1.0 0.7136101544117556 0.5069298851846682 1.0
1.0 0.9256376597815571 0.7902107349442601 1.0
1.0 0.9999999999999999 1.0 1.0
0.790210734944257 0.9256376597815541 1.0 1.0
0.5069298851846674 0.7136101544117498 1.0 1.0
0.2226183904655239 0.3954512068705411 1.0 1.0
0.0 0.01847890495913031 1.0 1.0
0.0 0.0 0.802940753653921 1.0
0.0 0.0 0.5207872890045635 1.0
0.0 0.0 0.23554224144084812 1.0
0.0 0.0 0.0 1.0
0.18443268162626447 0.0 0.0 1.0
0.4653624060156946 0.0 0.0 1.0
0.7514435955015433 0.0 0.0 1.0
1.0 0.0 0.0 1.0
1.0 0.3265387128400794 0.17191388285657927 1.0
1.0 0.6599245348787233 0.4515239297425695 1.0
1.0 0.8951632913550617 0.7383435646864274 1.0
1.0 0.9972691733857878 0.9897156291381081 1.0
0.8404928748046558 0.951056516295153 1.0 1.0
0.5622979919969746 0.763398282741103 1.0 1.0
0.2748378602376837 0.46220388354031494 1.0 1.0
0.02086489576102879 0.09226835946330597 1.0 1.0
0.0 0.0 0.8527833544610841 1.0
0.0 0.0 0.5760986390293259 1.0
0.0 0.0 0.28809617782625385 1.0
0.0 0.0 0.031609044859326973 1.0
0.13504664107486086 0.0 0.0 1.0
0.4101267015538395 0.0 0.0 1.0
0.6985731396240323 0.0 0.0 1.0
0.9574868509602917 0.0 0.0 1.0
1.0 0.25584277759443497 0.12300126784853155 1.0
1.0 0.6026346363792598 0.39638273378608835 1.0
1.0 0.8597998514483736 0.6851746445290484 1.0
1.0 0.9890916083711458 0.9464265154394117 1.0
0.8889153606561272 0.9712810319161126 1.0 1.0
0.6173258487801725 0.8090169943749455 1.0 1.0
0.32828708753740027 0.5264321628773545 1.0 1.0
0.06478627432751521 0.16555387618413045 1.0 1.0
0.0 0.0 0.900699174921416 1.0
0.0 0.0 0.6309943646765603 1.0
0.0 0.0 0.3418074594061451 1.0
0.0 0.0 0.07614768918305537 1.0
0.08765384921445019 0.0 0.0 1.0
0.3553818538825867 0.0 0.0 1.0
0.6446181461174104 0.0 0.0 1.0
0.9123461507855473 0.0 0.0 1.0
1.0 0.18374951781656615 0.07614768918305515 1.0
1.0 0.542053356472444 0.34180745940613966 1.0
1.0 0.8197404829072165 0.630994364676555 1.0
1.0 0.975511967980436 0.9006991749214159 1.0
0.9352137256724828 0.9862007473534021 1.0 1.0
0.6717129124626026 0.8502171357296179 1.0 1.0
0.38267415121982506 0.5877852522924747 1.0 1.0
0.11108463934387536 0.23793519504262275 1.0 1.0
0.0 0.0 0.946426515439416 1.0
0.0 0.0 0.685174644529059 1.0
0.0 0.0 0.39638273378608324 1.0
0.0 0.0 0.12300126784853627 1.0
0.04251314903971015 0.0 0.0 1.0
0.3014268603759648 0.0 0.0 1.0
0.5898732984461629 0.0 0.0 1.0
0.8649533589251366 0.0 0.0 1.0
1.0 0.11065268189150011 0.031609044859322644 1.0
1.0 0.47851156910127784 0.2880961778262486 1.0
1.0 0.7752039761111269 0.5760986390293257 1.0
1.0 0.9566044195004411 0.8527833544610793 1.0
0.9791351042389693 0.9957341762950339 1.0 1.0
0.7251621397623191 0.8867736859200634 1.0 1.0
0.437702008003023 0.6459280624867861 1.0 1.0
0.15950712519534682 0.3090169943749547 1.0 1.0
0.0 0.0 0.9897156291381082 1.0
0.0 0.0 0.7383435646864326 1.0
0.0 0.0 0.4515239297425644 1.0
0.0 0.0 0.17191388285657944 1.0
0.0 0.0 0.0 1.0
0.24855640449845395 0.0 0.0 1.0
0.5346375939843024 0.0 0.0 1.0
0.8155673183737329 0.0 0.0 1.0
1.0 0.036951499389140566 0.0 1.0
1.0 0.4123563174738978 0.23554224144084296 1.0
1.0 0.7264335740162186 0.5207872890045581 1.0
1.0 0.9324722294043546 0.8029407536539208 1.0
1.0 0.9998292504580527 1.0 1.0
0.7773816095344838 0.9184869857459258 1.0 1.0
0.4930701148153302 0.7005430375932874 1.0 1.0
0.2097892650557408 0.3784110500423207 1.0 1.0
0.0 0.0 1.0 1.0
0.0 0.0 0.7902107349442676 1.0
0.0 0.0 0.5069298851846683 1.0
0.0 0.0 0.22261839046552478 1.0
0.0 0.0 0.0 1.0
0.19705924634608046 0.0 0.0 1.0
0.4792127109954381 0.0 0.0 1.0
0.7644577585591484 0.0 0.0 1.0
1.0 0.0 0.0 1.0
1.0 0.3439489186339255 0.18443268162625392 1.0
1.0 0.6736956436465537 0.46536240601569373 1.0
1.0 0.9032471993461259 0.7514435955015424 1.0
1.0 0.9984636039674344 1.0 1.0
0.8280861171434193 0.9451838281608231 1.0 1.0
0.5484760702574342 0.7513318895568725 1.0 1.0
0.2616564353135761 0.4457383557765388 1.0 1.0
0.010284370861894765 0.07385252747487656 1.0 1.0
0.0 0.0 0.8404928748046708 1.0
0.0 0.0 0.5622979919969703 1.0
0.0 0.0 0.27483786023768964 1.0
0.0 0.0 0.020864895761025348 1.0
0.14721664553891728 0.0 0.0 1.0
0.42390136097067044 0.0 0.0 1.0
0.7119038221737426 0.0 0.0 1.0
0.9683909551406702 0.0 0.0 1.0
1.0 0.27366299007207673 0.13504664107485542 1.0
1.0 0.6172782212897864 0.4101267015538333 1.0
1.0 0.8690889463055301 0.6985731396240263 1.0
1.0 0.991644695510743 0.9574868509602953 1.0
0.8769987321514671 0.9667184042691876 1.0 1.0
0.6036172662139153 0.7980172272802409 1.0 1.0
0.31482535547095514 0.5106311931809105 1.0 1.0
0.0535734845605913 0.14730169805464363 1.0 1.0
0.0 0.0 0.8889153606561325 1.0
0.0 0.0 0.6173258487801682 1.0
0.0 0.0 0.328287087537396 1.0
0.0 0.0 0.0647862743275116 1.0
0.09930082507858079 0.0 0.0 1.0
0.369005635323436 0.0 0.0 1.0
0.6581925405938461 0.0 0.0 1.0
0.923852310816946 0.0 0.0 1.0
1.0 0.2018824091570005 0.08765384921444508 1.0
1.0 0.5574894393428754 0.3553818538825806 1.0
1.0 0.8301840308155508 0.6446181461174147 1.0
1.0 0.9794097676013657 0.9123461507855509 1.0
0.9238523108169479 0.9829730996839025 1.0 1.0
0.6581925405938482 0.8403440716378958 1.0 1.0
0.36900563532344866 0.5727351400805115 1.0 1.0
0.09930082507858273 0.21994635783966432 1.0 1.0
0.0 0.0 0.9352137256724923 1.0
0.0 0.0 0.6717129124625982 1.0
0.0 0.0 0.382674151219826 1.0
0.0 0.0 0.11108463934387158 1.0
0.053573484560580975 0.0 0.0 1.0
0.314825355470953 0.0 0.0 1.0
0.6036172662139025 0.0 0.0 1.0
0.8769987321514652 0.0 0.0 1.0
1.0 0.1289992165301898 0.04251314903970099 1.0
1.0 0.4946558433997776 0.30142686037596905 1.0
1.0 0.7867449380334812 0.589873298446162 1.0
1.0 0.9618256431728216 0.8649533589251404 1.0
0.9683909551406802 0.9938591368952744 1.0 1.0
0.7119038221737447 0.8780812480836956 1.0 1.0
0.42390136097067266 0.6317110062532597 1.0 1.0
0.14721664553891922 0.2913897468893239 1.0 1.0
0.0 0.0 0.9791351042389783 1.0
0.0 0.0 0.7251621397623149 1.0
0.0 0.0 0.4377020080030239 1.0
0.0 0.0 0.1595071251953334 1.0
0.0102843708618931 0.0 0.0 1.0
0.261656435313574 0.0 0.0 1.0
0.548476070257432 0.0 0.0 1.0
0.8280861171434173 0.0 0.0 1.0
1.0 0.05541147491596702 0.0 1.0
1.0 0.4291206087726045 0.24855640449845307 1.0
1.0 0.7390089172206545 0.5346375939843016 1.0
1.0 0.9389883606150583 0.8155673183737417 1.0
1.0 0.9993170601430234 1.0 1.0
0.7644577585591505 0.9110226492460877 1.0 1.0
0.4792127109954403 0.6872366859692632 1.0 1.0
0.19705924634608246 0.36124166618715553 1.0 1.0
0.0 0.0 1.0 1.0
0.0 0.0 0.7773816095344698 1.0
0.0 0.0 0.4930701148153364 1.0
0.0 0.0 0.20978926505574658 1.0
0.0 0.0 0.0 1.0
