1.0 1.0 0.9999046116818321 1.0
0.9960764371443781 0.9981993477855106 0.9977201257489733 1.0
0.9915786545593629 0.9960979958427233 0.9952652438192301 1.0
0.9868279844121518 0.9938829108670634 0.992725560820466 1.0
0.9819012480224457 0.9915900152142484 0.9901469020423311 1.0
0.9768365958916064 0.9892369196851273 0.9875525492744971 1.0
0.9716573306593089 0.9868341620558526 0.9849569840564062 1.0
0.9663793876903687 0.9843887471544511 0.9823702450618018 1.0
0.9610144923987766 0.9819056455676681 0.9797997835245155 1.0
0.9555717349237355 0.9793885433248629 0.9772513962857238 1.0
0.9500584469106702 0.9768402605153309 0.9747297493427799 1.0
0.9444807298351989 0.974263004207368 0.9722386955842693 1.0
0.9388437929837304 0.9716585306289255 0.9697814793706246 1.0
0.9331521800961172 0.9690282541330394 0.9673608745043291 1.0
0.9274099272695009 0.9663733232170874 0.964979280816537 1.0
0.9216206765246978 0.9636946752275425 0.9626387938946056 1.0
0.9157877597196254 0.9609930767629328 0.9603412567356829 1.0
0.9099142620175813 0.9582691541803557 0.9580882988626852 1.0
0.904003070888539 0.9555234170709731 0.9558813665150195 1.0
0.8980569146425611 0.9527562766247603 0.9537217463423854 1.0
0.8920783932408279 0.94996806020521 0.9516105842768908 1.0
0.8860700033125747 0.9471590230631798 0.9495489007656802 1.0
0.8800341587598294 0.9443293578568949 0.9475376032152413 1.0
0.8739732079581418 0.9414792024655637 0.9455774962712687 1.0
0.8678894483008344 0.9386086464585741 0.9436692903986936 1.0
0.8617851386490625 0.9357177364929934 0.941813609112907 1.0
0.8556625101162276 0.9328064808475347 0.9400109951308405 1.0
0.8495237755172187 0.9298748532537772 0.9382619156499392 1.0
0.843371137740056 0.9269227961502027 0.9365667669178633 1.0
0.8372067972426371 0.9239502234580594 0.9349258782215693 1.0
0.8310329588354368 0.9209570229578522 0.9333395153983406 1.0
0.8248518378787651 0.9179430583297 0.9318078839511532 1.0
0.8186656659980194 0.9149081709086986 0.9303311318350441 1.0
0.8124766964005524 0.911852181196936 0.9289093519687476 1.0
0.806287208861932 0.9087748901662993 0.9275425845160336 1.0
0.8000995144366292 0.9056760803802295 0.9262308189732844 1.0
0.7939159599377387 0.902555516957753 0.9249739960934877 1.0
0.7877389322216901 0.8994129483992441 0.9237720096716496 1.0
0.7815708623067061 0.8962481072901779 0.9226247082123853 1.0
0.7754142293475443 0.8930607108965489 0.9215318964969524 1.0
0.7692715644837315 0.8898504616634727 0.9204933370641017 1.0
0.7631454545737635 0.8866170476266985 0.9195087516166996 1.0
0.7570385458234969 0.8833601427452914 0.9185778223640404 1.0
0.7509535473130553 0.8800794071624655 0.9177001933080801 1.0
0.7448932344229348 0.876774487400514 0.9168754714803606 1.0
0.7388604521565316 0.8734450164948673 0.9161032281351699 1.0
0.732858118352978 0.8700906140715522 0.9153829999034397 1.0
0.7268892267808705 0.8667108863716575 0.9147142899109785 1.0
0.7209568501002497 0.8633054262258413 0.9140965688638722 1.0
0.7150641426769229 0.8598738129814186 0.9135292761032222 1.0
0.7092143432299433 0.8564156123841281 0.9130118206308118 1.0
0.7034107772897602 0.852930376416285 0.912543582106812 1.0
0.6976568594412016 0.8494176430926971 0.9121239118201994 1.0
0.6919560953220517 0.8458769362153907 0.9117521336321969 1.0
0.6863120833446081 0.8423077650879353 0.91142754489273 1.0
0.6807285161041734 0.8387096241898749 0.9111494173296143 1.0
0.6752091814350724 0.8350819928115625 0.9109169979099502 1.0
0.6697579630714809 0.8314243346494464 0.9107295096730087 1.0
0.6643788408671831 0.8277360973616682 0.9105861525337002 1.0
0.6590758905253731 0.8240167120836231 0.9104861040555836 1.0
0.653853282786933 0.8202655929029381 0.9104285201922308 1.0
0.6487152820232096 0.8164821362931414 0.9104125359956659 1.0
0.6436662441774583 0.8126657205051067 0.9104372662904976 1.0
0.6387106139977496 0.8088157049151679 0.9105018063122841 1.0
0.6338529215035195 0.8049314293286167 0.9106052323086153 1.0
0.629097777628113 0.8010122132371015 0.910746602101326 1.0
0.6244498689808485 0.7970573550282488 0.9109249556082206 1.0
0.619913951674368 0.7930661311456263 0.9111393153226496 1.0
0.6154948441666 0.7890377951969556 0.9113886867492409 1.0
0.6111974190715507 0.7849715770082506 0.9116720587940619 1.0
0.607026593899615 0.7808666816213337 0.9119884041074795 1.0
0.6029873206961526 0.776722288231912 0.9123366793779432 1.0
0.5990845745569182 0.7725375490651425 0.9127158255749194 1.0
0.5953233410104714 0.7683115881853096 0.9131247681391744 1.0
0.591708602271077 0.7640435002359308 0.9135624171186003 1.0
0.5882453223806897 0.759732349106264 0.9140276672477531 1.0
0.5849384312753291 0.7553771665198147 0.9145193979692626 1.0
0.583712832559993 0.7507901941628524 0.9133185749603324 1.0
0.5848361517139722 0.7459642407006617 0.9100145406826385 1.0
0.5859344199534802 0.7411376312360551 0.9066653508100537 1.0
0.5870061857784908 0.736310766129647 0.9032712757041117 1.0
0.5880500440626022 0.7314840454084278 0.8998325940921132 1.0
0.5890646354060975 0.7266578687067737 0.8963495930798597 1.0
0.5900486454687146 0.7218326352021011 0.8928225681595775 1.0
0.5910008042858993 0.71700874354534 0.8892518232130978 1.0
0.5919198855719998 0.7121865917863875 0.8856376705103491 1.0
0.5928047060135463 0.70736657729469 0.8819804307032033 1.0
0.5936541245554636 0.7025490966751123 0.8782804328147238 1.0
0.5944670416827905 0.6977345456792376 0.8745380142238509 1.0
0.5952423987002137 0.6929233191122348 0.8707535206455622 1.0
0.5959791770114878 0.6881158107354448 0.866927306106538 1.0
0.5966763974005885 0.6833124131648156 0.8630597329163682 1.0
0.5973331193162226 0.6785135177653273 0.8591511716343176 1.0
0.5979484401611466 0.6737195145415393 0.8552020010316934 1.0
0.5985214945875421 0.6689307920243991 0.8512126080498238 1.0
0.5990514537995457 0.6641477371544457 0.8471833877536923 1.0
0.599537524863874 0.6593707351615438 0.8431147432812386 1.0
0.5999789500293407 0.6546001694412821 0.8390070857883628 1.0
0.6003750060559404 0.6498364214281799 0.8348608343896594 1.0
0.600725003554054 0.6450798704658337 0.8306764160949054 1.0
0.6010282863342279 0.6403308936741448 0.8264542657413358 1.0
0.6012842307678707 0.6355898658137755 0.8221948259217442 1.0
0.6014922451591422 0.6308571591479701 0.817898546908429 1.0
0.6016517691282196 0.6261331433018921 0.8135658865730294 1.0
0.601762273006055 0.6214181851196259 0.8091973103022938 1.0
0.6018232572406786 0.6167126485189904 0.8047932909098068 1.0
0.6018342518150482 0.6120168943443248 0.8003543085437327 1.0
0.6017948156763901 0.6073312802173981 0.795880850590606 1.0
0.6017045361769372 0.6026561603866057 0.7913734115752344 1.0
0.6015630285259271 0.5979918855746138 0.7868324930567467 1.0
0.6013699352526957 0.5933388028246203 0.7822586035208559 1.0
0.6011249256806741 0.5886972553454008 0.7776522582683842 1.0
0.6008276954120592 0.584067582355311 0.7730139793001127 1.0
0.6004779658229208 0.5794501189254228 0.7683442951980232 1.0
0.6000754835684918 0.5748451958219766 0.7636437410029917 1.0
0.5996200200983607 0.5702531393483253 0.7589128580890091 1.0
0.5991113711812873 0.565674271186564 0.7541521940339987 1.0
0.5985493564393545 0.5611089082390289 0.7493623024873082 1.0
0.5979338188911468 0.5565573624698593 0.7445437430339521 1.0
0.5972646245036689 0.5520199407468213 0.7396970810556935 1.0
0.5965416617526841 0.5474969446835876 0.7348228875890437 1.0
0.5957648411911854 0.542988670482676 0.7299217391802689 1.0
0.5949340950256882 0.5384954087792532 0.7249942177375029 1.0
0.594049376700043 0.5340174444860074 0.7200409103800489 1.0
0.5931106604864805 0.5295550566393019 0.7150624092849759 1.0
0.5921179410835952 0.5251085182468188 0.7100593115311058 1.0
0.5910712332209749 0.5206780961369102 0.7050322189404945 1.0
0.5899705712702216 0.5162640508098674 0.6999817379175138 1.0
0.5888160088620604 0.511866636291331 0.6949084792856342 1.0
0.5876076185093102 0.5074860999880583 0.6898130581220324 1.0
0.5863454912354331 0.5031226825462667 0.684696093590118 1.0
0.5850297362084407 0.4987766177127752 0.6795582087701076 1.0
0.5836604803799071 0.4944481321991681 0.6744000304877554 1.0
0.5822378681288779 0.4901374455491982 0.6692221891413576 1.0
0.5807620609104436 0.4858447700096547 0.6640253185271525 1.0
0.5792332369087932 0.4815703104049142 0.6588100556632348 1.0
0.5776515906945331 0.47731426401540006 0.6535770406121053 1.0
0.5760173328861046 0.47307682046016625 0.6483269163019858 1.0
0.5743306898151116 0.4688581615838224 0.6430603283470108 1.0
0.5725919031954084 0.4646584613480211 0.6377779248664317 1.0
0.5708012297957819 0.4604778857277169 0.6324803563029551 1.0
0.5689589411160918 0.45631659261241225 0.6271682752403399 1.0
0.5670653230667361 0.45217473171259176 0.6218423362203802 1.0
0.5651206756513104 0.4480524444715562 0.6165031955594005 1.0
0.5631253126523588 0.44394986398285446 0.6111515111643915 1.0
0.5610795613200993 0.439867114913503 0.6057879423489066 1.0
0.5589837620640362 0.4358043134331941 0.6004131496488522 1.0
0.556838268147369 0.43176156714966696 0.595027794638289 1.0
0.5546434453841229 0.4277389750504292 0.5896325397453767 1.0
0.5523996718389259 0.42373662745099433 0.5842280480685755 1.0
0.550107337529377 0.41975460594980735 0.5788149831932397 1.0
0.5477668441309462 0.4157929833900071 0.5733940090087079 1.0
0.5453786046843645 0.41185182382818697 0.5679657895260256 1.0
0.5429430433054616 0.40793118251028393 0.5625309886964057 1.0
0.5404605948974213 0.40403110585473556 0.5570902702305509 1.0
0.5379317048654274 0.400151631443025 0.5516442974189452 1.0
0.5353568288336816 0.39629278801772694 0.5461937329532356 1.0
0.5327364323647826 0.3924545954881596 0.5407392387488053 1.0
0.5300709906814517 0.3886370649437287 0.5352814757686499 1.0
0.5273609883906135 0.38484019867505265 0.5298211038486642 1.0
0.5246069192098247 0.38106399020292997 0.5243587815244347 1.0
0.5218092856960627 0.3773084243152097 0.5188951658596459 1.0
0.5189685989768893 0.3735734771116116 0.5134309122761933 1.0
0.5160853784839992 0.36985911605652194 0.5079666743860946 1.0
0.5131601516891785 0.36616530003979214 0.502503103825295 1.0
0.5101934538426948 0.36249197944553824 0.4970408500894518 1.0
0.5071858277141481 0.3588390962289412 0.4915805603717815 1.0
0.5041378233358067 0.3552065840010202 0.48612287940305127 1.0
0.5010499977484688 0.3515943681213506 0.48066844929379443 1.0
0.4979229147498802 0.34800236579867183 0.4752179093788202 1.0
0.49475714464574344 0.34443048619932826 0.46977189606409026 1.0
0.4915532640033656 0.34087863056346207 0.4643310426760286 1.0
0.48831185540797667 0.3373466923288699 0.4588959793133261 1.0
0.4850335072217668 0.3338345572624189 0.45346733270130185 1.0
0.4817188133456833 0.33034210359890226 0.44804572604887166 1.0
0.4783683729840345 0.3268692021872039 0.4426317789081816 1.0
0.47498279041194474 0.3234157166436266 0.4372261070369453 1.0
0.4715626747457046 0.31998150351222426 0.4318293222635384 1.0
0.4681086397160679 0.3165664124319673 0.42644203235488115 1.0
0.46462130344453517 0.31317028631055616 0.421064840887148 1.0
0.4611012882226793 0.3097929615046882 0.4156983471193376 1.0
0.4575492202945491 0.30643426800656764 0.4103431458697255 1.0
0.4539657296422089 0.30309402963644 0.40499982739522805 1.0
0.4503514497744496 0.2997720642409202 0.3996689772736919 1.0
0.44670701751872294 0.29646818389687385 0.3943511762891299 1.0
0.44303307281634213 0.2931821951206007 0.3890470003199102 1.0
0.4393302585209902 0.28991389908206167 0.3837570202299058 1.0
0.43559922020058317 0.2866630918238798 0.37848180176261315 1.0
0.4318406059425249 0.2834295644848412 0.37322190543823247 1.0
0.42805506616239936 0.2802131035276127 0.3679778864537096 1.0
0.42424325341613406 0.27701349097038563 0.36275029458572977 1.0
0.42040582221567835 0.27383050462215514 0.35753967409665116 1.0
0.4165434288482291 0.2706639183213322 0.35234656364336364 1.0
0.4126567311990405 0.26751350217738673 0.3471714961890498 1.0
0.40874638857785406 0.26437902281521863 0.34201499891783005 1.0
0.40481306154897434 0.26126024362194367 0.33687759315225724 1.0
0.4008574117650306 0.2581569249957898 0.33175979427364277 1.0
0.39688010180444594 0.25506882459679203 0.3266621116451653 1.0
0.39288179501264364 0.25199569759897533 0.3215850485377358 1.0
0.38886315534701926 0.2489372969437224 0.31652910205857426 1.0
0.38482484722569826 0.24589337359401425 0.3114947630824538 1.0
0.38076753538010755 0.2428636767892463 0.30648251618556593 1.0
0.37669188471137643 0.2398479543003183 0.30149283958195694 1.0
0.37259856015058995 0.2368459526847056 0.29652620506247973 1.0
0.36848822652291513 0.23385741754122003 0.29158307793620825 1.0
0.3643615484156094 0.23088209376418384 0.28666391697425164 1.0
0.3602191900499353 0.2279197257967342 0.28176917435590904 1.0
0.35606181515699004 0.22497005788299734 0.27689929561709803 1.0
0.35189008685746326 0.2220328343188685 0.27205471960099065 1.0
0.34770466754533774 0.21910779970115052 0.26723587841078394 1.0
0.3435062187755396 0.21619469917481088 0.26244319736453914 1.0
0.3392954011555494 0.21329327867812586 0.2576770949520048 1.0
0.33507287424098353 0.21040328518549606 0.2529379827933556 1.0
0.3308392964351508 0.20752446694772342 0.24822626559976163 1.0
0.326595324892596 0.2046565737295578 0.2435423411357105 1.0
0.3223416154266303 0.2017993570443286 0.23888660018299346 1.0
0.31807882242086033 0.19895257038549274 0.23425942650627657 1.0
0.3138075987447205 0.19611596945494586 0.22966119682016378 1.0
0.3095285956730122 0.19328931238794972 0.2250922807576684 1.0
0.3052424628094548 0.19047235997455245 0.22055304083999533 1.0
0.30094984801426156 0.18766487587738698 0.21604383244755188 1.0
0.2966513973357367 0.18486662684574812 0.21156500379208315 1.0
0.29234775494590653 0.18207738292586462 0.20711689588984666 1.0
0.28803956308019324 0.17929691766730033 0.2026998425357252 1.0
0.28372746198113613 0.17652500832542795 0.1983141702781851 1.0
0.27941208984617266 0.17376143605993918 0.19396019839497988 1.0
0.27509408277949216 0.17100598612937185 0.189638238869505 1.0
0.2707740747479718 0.16825844808164295 0.18534859636770432 1.0
0.26645269754121526 0.165518615940602 0.18109156821543043 1.0
0.2621305807357074 0.16278628838862935 0.17686744437616214 1.0
0.25780835166310884 0.16006126894532097 0.1726765074289814 1.0
0.25348663538271393 0.1573433661423177 0.16851903254671347 1.0
0.24916605465809671 0.15463239369435608 0.16439528747413334 1.0
0.24484722993798136 0.15192817066662986 0.1603055325061484 1.0
0.24053077934136563 0.1492305216385698 0.15625002046585804 1.0
0.23621731864694617 0.146539276864169 0.15222899668240641 1.0
0.23190746128688294 0.1438542724289914 0.14824269896853645 1.0
0.22760181834496224 0.14117535040402593 0.1442913575977617 1.0
0.22330099855920998 0.1385023589965592 0.14037519528107323 1.0
0.21900560832902577 0.13583515269826113 0.13649442714310633 1.0
0.21471625172690795 0.1331735924306978 0.13264926069769245 1.0
0.21043353051485342 0.13051754568849588 0.12883989582273017 1.0
0.2061580441655217 0.12786688668041352 0.12506652473431537 1.0
0.20189038988826807 0.1252214964685815 0.12132933196007481 1.0
0.19763116266015635 0.12258126310620557 0.1176284943116597 1.0
0.19338095526207857 0.11994608177403743 0.11396418085636081 1.0
0.18914035832012216 0.1173158549159474 0.11033655288782307 1.0
0.18490996035233817 0.11469049237395051 0.1067457638958409 1.0
0.18069034782108048 0.11206991152306381 0.10319195953523563 1.0
0.17648210519111074 0.10945403740640083 0.0996752775938308 1.0
0.1722858149936736 0.1068428028709291 0.09619584795955194 1.0
0.16810205789677615 0.10423614870435213 0.09275379258670347 1.0
0.16393141278192733 0.1016340237736039 0.08934922546149118 1.0
0.15977445682762081 0.09903638516547891 0.08598225256688308 1.0
0.15563176559987205 0.09644319832995543 0.08265297184693088 1.0
0.1515039131501544 0.09385443722680806 0.0793614731706968 1.0
