0.909804 0.980392 0.831373 1.0
0.9051903529411764 0.9779314509803922 0.8242987254901961 1.0
0.9005767058823528 0.9754709019607843 0.8172244509803922 1.0
0.8959630588235293 0.9730103529411765 0.8101501764705883 1.0
0.8913494117647058 0.9705498039215686 0.8030759019607843 1.0
0.8867357647058823 0.9680892549019608 0.7960016274509804 1.0
0.8821221176470587 0.965628705882353 0.7889273529411764 1.0
0.8775084705882352 0.9631681568627452 0.7818530784313725 1.0
0.8728948235294117 0.9607076078431372 0.7747788039215686 1.0
0.8682811764705882 0.9582470588235295 0.7677045294117647 1.0
0.8636675294117646 0.9557865098039215 0.7606302549019608 1.0
0.8590538823529411 0.9533259607843138 0.7535559803921568 1.0
0.8544402352941176 0.9508654117647058 0.7464817058823529 1.0
0.8495959215686274 0.9480972745098039 0.739023 1.0
0.8440596078431372 0.9444063725490196 0.7304109999999999 1.0
0.838523294117647 0.9407154705882352 0.721799 1.0
0.8329869803921568 0.937024568627451 0.7131869999999999 1.0
0.8274506666666667 0.9333336666666666 0.704575 1.0
0.8219143529411764 0.9296427647058824 0.695963 1.0
0.8163780392156862 0.925951862745098 0.6873509999999999 1.0
0.8108417254901961 0.9222609607843137 0.678739 1.0
0.8053054117647058 0.9185700588235294 0.6701269999999999 1.0
0.7997690980392157 0.9148791568627451 0.661515 1.0
0.7942327843137255 0.9111882549019608 0.652903 1.0
0.7886964705882352 0.9074973529411765 0.644291 1.0
0.7831601568627451 0.9038064509803921 0.635679 1.0
0.7783927647058824 0.9007307058823529 0.6282203529411764 1.0
0.774394294117647 0.8982701176470589 0.6219150588235294 1.0
0.7703958235294117 0.8958095294117647 0.6156097647058824 1.0
0.7663973529411765 0.8933489411764706 0.6093044705882352 1.0
0.7623988823529412 0.8908883529411765 0.6029991764705882 1.0
0.7584004117647059 0.8884277647058824 0.5966938823529412 1.0
0.7544019411764705 0.8859671764705882 0.590388588235294 1.0
0.7504034705882353 0.8835065882352942 0.584083294117647 1.0
0.746405 0.881046 0.577778 1.0
0.7424065294117647 0.8785854117647058 0.5714727058823529 1.0
0.7384080588235294 0.8761248235294118 0.5651674117647059 1.0
0.7344095882352941 0.8736642352941176 0.5588621176470588 1.0
0.7304111176470588 0.8712036470588235 0.5525568235294117 1.0
0.7264126470588235 0.8687430588235294 0.5462515294117647 1.0
0.7224141764705883 0.8662824705882353 0.5399462352941177 1.0
0.7184157058823529 0.8638218823529412 0.5336409411764707 1.0
0.7144172352941176 0.8613612941176471 0.5273356470588235 1.0
0.7104187647058824 0.8589007058823529 0.5210303529411765 1.0
0.7064202941176471 0.8564401176470589 0.5147250588235294 1.0
0.7024218235294117 0.8539795294117647 0.5084197647058823 1.0
0.6984233529411765 0.8515189411764705 0.5021144705882352 1.0
0.6944248823529412 0.8490583529411765 0.4958091764705882 1.0
0.6904264117647059 0.8465977647058823 0.4895038823529412 1.0
0.6864279411764707 0.8441371764705882 0.48319858823529416 1.0
0.6824294705882353 0.8416765882352941 0.476893294117647 1.0
0.678431 0.839216 0.470588 1.0
0.6755090784313725 0.8364478039215686 0.46658952941176474 1.0
0.6725871568627452 0.8336796078431372 0.46259105882352947 1.0
0.6696652352941177 0.8309114117647058 0.45859258823529414 1.0
0.6667433137254902 0.8281432156862745 0.4545941176470588 1.0
0.6638213921568628 0.8253750196078431 0.45059564705882355 1.0
0.6608994705882353 0.8226068235294117 0.4465971764705883 1.0
0.6579775490196078 0.8198386274509804 0.44259870588235295 1.0
0.6550556274509803 0.817070431372549 0.4386002352941176 1.0
0.652133705882353 0.8143022352941176 0.43460176470588235 1.0
0.6492117843137255 0.8115340392156862 0.4306032941176471 1.0
0.646289862745098 0.8087658431372549 0.42660482352941176 1.0
0.6433679411764706 0.8059976470588235 0.4226063529411765 1.0
0.6404460196078431 0.8032294509803921 0.41860788235294116 1.0
0.6375240980392156 0.8004612549019607 0.4146094117647059 1.0
0.6346021764705883 0.7976930588235294 0.4106109411764706 1.0
0.6316802549019608 0.794924862745098 0.4066124705882353 1.0
0.6287583333333333 0.7921566666666666 0.402614 1.0
0.6258364117647058 0.7893884705882352 0.3986155294117647 1.0
0.6229144901960784 0.7866202745098039 0.3946170588235294 1.0
0.619992568627451 0.7838520784313725 0.3906185882352941 1.0
0.6170706470588235 0.7810838823529411 0.38662011764705884 1.0
0.6141487254901961 0.7783156862745098 0.3826216470588235 1.0
0.6112268039215686 0.7755474901960784 0.3786231764705883 1.0
0.6083048823529411 0.772779294117647 0.3746247058823529 1.0
0.6053829607843138 0.7700110980392156 0.37062623529411765 1.0
0.6028454901960784 0.767704294117647 0.36701225490196077 1.0
0.6006924705882353 0.7658588823529411 0.36378276470588233 1.0
0.5985394509803921 0.7640134705882352 0.3605532745098039 1.0
0.596386431372549 0.7621680588235293 0.35732378431372547 1.0
0.5942334117647058 0.7603226470588235 0.35409429411764703 1.0
0.5920803921568627 0.7584772352941176 0.35086480392156866 1.0
0.5899273725490196 0.7566318235294117 0.34763531372549017 1.0
0.5877743529411764 0.7547864117647058 0.34440582352941174 1.0
0.5856213333333333 0.752941 0.3411763333333333 1.0
0.5834683137254901 0.7510955882352941 0.33794684313725487 1.0
0.581315294117647 0.7492501764705882 0.33471735294117644 1.0
0.5791622745098038 0.7474047647058824 0.331487862745098 1.0
0.5770092549019608 0.7455593529411765 0.3282583725490196 1.0
0.5748562352941177 0.7437139411764706 0.3250288823529412 1.0
0.5727032156862745 0.7418685294117647 0.32179939215686276 1.0
0.5705501960784314 0.7400231176470589 0.31856990196078433 1.0
0.5683971764705882 0.7381777058823529 0.3153404117647059 1.0
0.5662441568627451 0.736332294117647 0.31211092156862746 1.0
0.5640911372549019 0.7344868823529411 0.30888143137254903 1.0
0.5619381176470588 0.7326414705882353 0.3056519411764706 1.0
0.5597850980392156 0.7307960588235294 0.30242245098039217 1.0
0.5576320784313725 0.7289506470588236 0.2991929607843138 1.0
0.5554790588235293 0.7271052352941176 0.2959634705882353 1.0
0.5533260392156862 0.7252598235294118 0.29273398039215687 1.0
0.551173019607843 0.7234144117647059 0.28950449019607843 1.0
0.54902 0.721569 0.286275 1.0
0.5473283137254902 0.7195697450980393 0.2845833137254902 1.0
0.5456366274509804 0.7175704901960784 0.2828916274509804 1.0
0.5439449411764705 0.7155712352941177 0.28119994117647057 1.0
0.5422532549019607 0.7135719803921569 0.2795082549019608 1.0
0.540561568627451 0.7115727254901961 0.27781656862745097 1.0
0.5388698823529412 0.7095734705882353 0.2761248823529412 1.0
0.5371781960784313 0.7075742156862745 0.27443319607843136 1.0
0.5354865098039215 0.7055749607843137 0.2727415098039216 1.0
0.5337948235294118 0.703575705882353 0.27104982352941176 1.0
0.532103137254902 0.7015764509803921 0.269358137254902 1.0
0.5304114509803921 0.6995771960784314 0.26766645098039216 1.0
0.5287197647058823 0.6975779411764707 0.2659747647058824 1.0
0.5270280784313726 0.6955786862745098 0.26428307843137255 1.0
0.5253363921568628 0.693579431372549 0.2625913921568627 1.0
0.5236447058823529 0.6915801764705882 0.26089970588235295 1.0
0.5219530196078431 0.6895809215686275 0.2592080196078431 1.0
0.5202613333333334 0.6875816666666666 0.25751633333333335 1.0
0.5185696470588236 0.6855824117647058 0.2558246470588235 1.0
0.5168779607843137 0.6835831568627451 0.2541329607843137 1.0
0.5151862745098039 0.6815839019607843 0.2524412745098039 1.0
0.5134945882352941 0.6795846470588235 0.25074958823529414 1.0
0.5118029019607844 0.6775853921568628 0.2490579019607843 1.0
0.5101112156862746 0.6755861372549019 0.2473662156862745 1.0
0.5084195294117647 0.6735868823529412 0.2456745294117647 1.0
0.5067278431372549 0.6715876274509803 0.24398284313725488 1.0
0.5048054901960785 0.6692039215686274 0.24213739215686272 1.0
0.5026524705882354 0.6664357647058823 0.24013817647058822 1.0
0.5004994509803922 0.6636676078431372 0.2381389607843137 1.0
0.4983464313725491 0.6608994509803922 0.2361397450980392 1.0
0.496193411764706 0.6581312941176471 0.23414052941176475 1.0
0.4940403921568628 0.6553631372549019 0.23214131372549018 1.0
0.49188737254901965 0.6525949803921568 0.23014209803921568 1.0
0.4897343529411765 0.6498268235294117 0.22814288235294117 1.0
0.48758133333333337 0.6470586666666667 0.22614366666666666 1.0
0.4854283137254902 0.6442905098039216 0.22414445098039215 1.0
0.4832752941176471 0.6415223529411764 0.22214523529411764 1.0
0.48112227450980394 0.6387541960784313 0.22014601960784314 1.0
0.4789692549019608 0.6359860392156862 0.21814680392156863 1.0
0.47681623529411765 0.6332178823529412 0.21614758823529412 1.0
0.4746632156862745 0.6304497254901961 0.2141483725490196 1.0
0.47251019607843137 0.627681568627451 0.2121491568627451 1.0
0.4703571764705883 0.6249134117647058 0.21014994117647057 1.0
0.4682041568627451 0.6221452549019607 0.2081507254901961 1.0
0.466051137254902 0.6193770980392157 0.20615150980392155 1.0
0.46389811764705885 0.6166089411764706 0.20415229411764707 1.0
0.46174509803921576 0.6138407843137256 0.2021530784313726 1.0
0.45959207843137256 0.6110726274509803 0.20015386274509803 1.0
0.4574390588235294 0.6083044705882352 0.19815464705882352 1.0
0.4552860392156863 0.6055363137254902 0.196155431372549 1.0
0.45313301960784313 0.6027681568627451 0.1941562156862745 1.0
0.45098 0.6 0.192157 1.0
0.44882698039215685 0.5972318431372549 0.19046535294117647 1.0
0.4466739607843137 0.5944636862745097 0.18877370588235293 1.0
0.44452094117647056 0.5916955294117647 0.1870820588235294 1.0
0.4423679215686274 0.5889273725490196 0.1853904117647059 1.0
0.4402149019607843 0.5861592156862745 0.18369876470588234 1.0
0.4380618823529412 0.5833910588235294 0.18200711764705882 1.0
0.43590886274509805 0.5806229019607843 0.1803154705882353 1.0
0.4337558431372549 0.5778547450980392 0.17862382352941175 1.0
0.43160282352941176 0.5750865882352941 0.17693217647058823 1.0
0.4294498039215686 0.572318431372549 0.1752405294117647 1.0
0.42729678431372553 0.569550274509804 0.17354888235294122 1.0
0.42514376470588233 0.5667821176470588 0.17185723529411764 1.0
0.4229907450980392 0.5640139607843138 0.17016558823529412 1.0
0.42083772549019605 0.5612458039215686 0.16847394117647058 1.0
0.41868470588235296 0.5584776470588235 0.16678229411764706 1.0
0.4165316862745098 0.5557094901960784 0.16509064705882354 1.0
0.4143786666666667 0.5529413333333333 0.16339900000000002 1.0
0.41222564705882353 0.5501731764705882 0.16170735294117647 1.0
0.4100726274509804 0.5474050196078432 0.16001570588235295 1.0
0.40791960784313724 0.544636862745098 0.15832405882352943 1.0
0.4057665882352941 0.5418687058823529 0.15663241176470588 1.0
0.40361356862745096 0.5391005490196078 0.15494076470588236 1.0
0.4014605490196078 0.5363323921568628 0.15324911764705884 1.0
0.3993075294117647 0.5335642352941177 0.15155747058823532 1.0
0.39715450980392153 0.5307960784313726 0.14986582352941177 1.0
0.39500149019607844 0.5278741176470588 0.14825105882352943 1.0
0.39284847058823535 0.5247983529411766 0.1467131764705883 1.0
0.39069545098039216 0.5217225882352942 0.14517529411764707 1.0
0.388542431372549 0.5186468235294117 0.1436374117647059 1.0
0.38638941176470587 0.5155710588235294 0.1420995294117647 1.0
0.3842363921568627 0.512495294117647 0.14056164705882354 1.0
0.3820833725490196 0.5094195294117647 0.13902376470588237 1.0
0.37993035294117644 0.5063437647058824 0.13748588235294118 1.0
0.3777773333333333 0.503268 0.135948 1.0
0.37562431372549016 0.5001922352941176 0.13441011764705882 1.0
0.37347129411764707 0.49711647058823527 0.13287223529411765 1.0
0.3713182745098039 0.49404070588235294 0.13133435294117649 1.0
0.3691652549019608 0.4909649411764706 0.1297964705882353 1.0
0.36701223529411764 0.4878891764705882 0.12825858823529412 1.0
0.3648592156862745 0.4848134117647059 0.12672070588235296 1.0
0.36270619607843135 0.48173764705882355 0.12518282352941176 1.0
0.3605531764705882 0.47866188235294116 0.1236449411764706 1.0
0.3584001568627451 0.4755861176470589 0.12210705882352946 1.0
0.3562471372549019 0.4725103529411765 0.12056917647058824 1.0
0.3540941176470588 0.4694345882352941 0.11903129411764707 1.0
0.3519410980392157 0.46635882352941177 0.11749341176470587 1.0
0.34978807843137255 0.4632830588235294 0.11595552941176471 1.0
0.3476350588235294 0.46020729411764705 0.11441764705882354 1.0
0.34548203921568627 0.4571315294117647 0.11287976470588235 1.0
0.3433290196078431 0.4540557647058823 0.11134188235294118 1.0
0.341176 0.45098 0.109804 1.0
0.3390230196078431 0.4477504705882353 0.10841992156862745 1.0
0.33687003921568626 0.44452094117647056 0.10703584313725491 1.0
0.33471705882352937 0.4412914117647059 0.10565176470588235 1.0
0.33256407843137253 0.4380618823529412 0.1042676862745098 1.0
0.33041109803921564 0.43483235294117645 0.10288360784313726 1.0
0.3282581176470588 0.43160282352941176 0.10149952941176471 1.0
0.3261051372549019 0.428373294117647 0.10011545098039215 1.0
0.32395215686274514 0.42514376470588244 0.09873137254901965 1.0
0.3217991764705882 0.42191423529411765 0.09734729411764706 1.0
0.31964619607843137 0.41868470588235296 0.09596321568627451 1.0
0.3174932156862745 0.4154551764705882 0.09457913725490197 1.0
0.31534023529411764 0.41222564705882353 0.09319505882352941 1.0
0.31318725490196075 0.4089961176470588 0.09181098039215686 1.0
0.3110342745098039 0.4057665882352941 0.09042690196078432 1.0
0.30888129411764703 0.4025370588235294 0.08904282352941177 1.0
0.3067283137254902 0.3993075294117647 0.08765874509803923 1.0
0.3045753333333333 0.396078 0.08627466666666667 1.0
0.3024223529411765 0.3928484705882353 0.08489058823529412 1.0
0.3002693725490196 0.38961894117647056 0.08350650980392157 1.0
0.29811639215686275 0.38638941176470587 0.08212243137254903 1.0
0.29596341176470586 0.3831598823529412 0.08073835294117648 1.0
0.29381043137254903 0.37993035294117644 0.07935427450980392 1.0
0.29165745098039214 0.37670082352941175 0.07797019607843138 1.0
0.28950447058823536 0.3734712941176471 0.07658611764705886 1.0
0.2873514901960784 0.3702417647058823 0.07520203921568627 1.0
0.2849678039215686 0.36685845098039216 0.0738948431372549 1.0
0.2823534117647059 0.36332135294117646 0.07266452941176471 1.0
0.27973901960784314 0.35978425490196075 0.07143421568627452 1.0
0.2771246274509804 0.3562471568627451 0.07020390196078433 1.0
0.27451023529411767 0.3527100588235294 0.06897358823529412 1.0
0.2718958431372549 0.3491729607843137 0.06774327450980393 1.0
0.26928145098039213 0.345635862745098 0.06651296078431373 1.0
0.2666670588235294 0.34209876470588235 0.06528264705882353 1.0
0.26405266666666666 0.33856166666666665 0.06405233333333334 1.0
0.26143827450980395 0.33502456862745095 0.06282201960784314 1.0
0.2588238823529412 0.3314874705882353 0.061591705882352944 1.0
0.2562094901960784 0.3279503725490196 0.06036139215686275 1.0
0.2535950980392157 0.3244132745098039 0.05913107843137255 1.0
0.25098070588235294 0.3208761764705882 0.05790076470588236 1.0
0.24836631372549028 0.31733907843137266 0.056670450980392195 1.0
0.24575192156862746 0.31380198039215684 0.05544013725490196 1.0
0.2431375294117647 0.31026488235294114 0.05420982352941177 1.0
0.24052313725490196 0.3067277843137255 0.052979509803921576 1.0
0.23790874509803922 0.3031906862745098 0.05174919607843138 1.0
0.23529435294117648 0.2996535882352941 0.05051888235294118 1.0
0.23267996078431372 0.29611649019607844 0.049288568627450985 1.0
0.23006556862745098 0.29257939215686274 0.048058254901960785 1.0
0.22745117647058824 0.28904229411764704 0.04682794117647059 1.0
0.2248367843137255 0.2855051960784314 0.045597627450980394 1.0
0.22222239215686274 0.2819680980392157 0.0443673137254902 1.0
0.219608 0.278431 0.043137 1.0
