0.976471 1.0 0.94902 1.0
0.9740103725490196 0.9984621176470588 0.9459442352941176 1.0
0.9715497450980392 0.9969242352941177 0.9428684705882353 1.0
0.9690891176470589 0.9953863529411765 0.9397927058823529 1.0
0.9666284901960784 0.9938484705882353 0.9367169411764705 1.0
0.964167862745098 0.9923105882352942 0.9336411764705882 1.0
0.9617072352941176 0.990772705882353 0.9305654117647059 1.0
0.9592466078431372 0.9892348235294118 0.9274896470588235 1.0
0.9567859803921569 0.9876969411764707 0.9244138823529411 1.0
0.9543253529411765 0.9861590588235294 0.9213381176470588 1.0
0.9518647254901961 0.9846211764705882 0.9182623529411764 1.0
0.9494040980392157 0.983083294117647 0.9151865882352941 1.0
0.9469434705882352 0.9815454117647059 0.9121108235294118 1.0
0.9443290588235294 0.9797768627450981 0.9091119607843137 1.0
0.941253294117647 0.9773163137254902 0.9063438039215685 1.0
0.9381775294117647 0.9748557647058824 0.9035756470588235 1.0
0.9351017647058824 0.9723952156862745 0.9008074901960784 1.0
0.932026 0.9699346666666667 0.8980393333333333 1.0
0.9289502352941176 0.9674741176470588 0.8952711764705882 1.0
0.9258744705882352 0.965013568627451 0.8925030196078431 1.0
0.9227987058823529 0.9625530196078431 0.889734862745098 1.0
0.9197229411764706 0.9600924705882353 0.8869667058823529 1.0
0.9166471764705882 0.9576319215686274 0.8841985490196078 1.0
0.9135714117647058 0.9551713725490196 0.8814303921568627 1.0
0.9104956470588235 0.9527108235294117 0.8786622352941177 1.0
0.9074198823529411 0.9502502745098039 0.8758940784313726 1.0
0.904344156862745 0.9479434901960784 0.8729721176470588 1.0
0.9012684705882352 0.9457904705882353 0.8698963529411765 1.0
0.8981927843137254 0.9436374509803921 0.8668205882352942 1.0
0.8951170980392157 0.941484431372549 0.8637448235294117 1.0
0.8920414117647059 0.9393314117647058 0.8606690588235294 1.0
0.888965725490196 0.9371783921568627 0.8575932941176471 1.0
0.8858900392156862 0.9350253725490196 0.8545175294117647 1.0
0.8828143529411765 0.9328723529411764 0.8514417647058824 1.0
0.8797386666666667 0.9307193333333333 0.848366 1.0
0.8766629803921568 0.9285663137254901 0.8452902352941176 1.0
0.873587294117647 0.9264132941176471 0.8422144705882353 1.0
0.8705116078431372 0.9242602745098039 0.839138705882353 1.0
0.8674359215686274 0.9221072549019608 0.8360629411764706 1.0
0.8641294705882353 0.9197235294117647 0.8332178823529411 1.0
0.8607460980392156 0.9172629019607843 0.830449725490196 1.0
0.8573627254901961 0.9148022745098039 0.827681568627451 1.0
0.8539793529411764 0.9123416470588235 0.8249134117647059 1.0
0.8505959803921568 0.9098810196078431 0.8221452549019608 1.0
0.8472126078431372 0.9074203921568628 0.8193770980392157 1.0
0.8438292352941177 0.9049597647058824 0.8166089411764706 1.0
0.840445862745098 0.9024991372549019 0.8138407843137255 1.0
0.8370624901960784 0.9000385098039215 0.8110726274509804 1.0
0.8336791176470588 0.8975778823529411 0.8083044705882353 1.0
0.8302957450980392 0.8951172549019608 0.8055363137254903 1.0
0.8269123725490196 0.8926566274509804 0.8027681568627452 1.0
0.823529 0.890196 0.8 1.0
0.819530568627451 0.8871202352941177 0.796616705882353 1.0
0.8155321372549019 0.8840444705882353 0.793233411764706 1.0
0.811533705882353 0.8809687058823529 0.7898501176470588 1.0
0.8075352745098039 0.8778929411764705 0.7864668235294118 1.0
0.8035368431372549 0.8748171764705882 0.7830835294117647 1.0
0.7995384117647059 0.8717414117647059 0.7797002352941177 1.0
0.7955399803921569 0.8686656470588235 0.7763169411764705 1.0
0.7915415490196078 0.8655898823529411 0.7729336470588235 1.0
0.7875431176470589 0.8625141176470588 0.7695503529411765 1.0
0.7835446862745099 0.8594383529411764 0.7661670588235294 1.0
0.7795462549019608 0.8563625882352941 0.7627837647058823 1.0
0.7755478235294118 0.8532868235294118 0.7594004705882352 1.0
0.7718569607843138 0.850364862745098 0.7563247450980392 1.0
0.7690888039215686 0.8479043137254901 0.7541717254901961 1.0
0.7663206470588236 0.8454437647058823 0.752018705882353 1.0
0.7635524901960785 0.8429832156862744 0.7498656862745098 1.0
0.7607843333333334 0.8405226666666666 0.7477126666666666 1.0
0.7580161764705883 0.8380621176470588 0.7455596470588235 1.0
0.7552480196078432 0.8356015686274509 0.7434066274509803 1.0
0.752479862745098 0.8331410196078431 0.7412536078431372 1.0
0.7497117058823529 0.8306804705882352 0.7391005882352941 1.0
0.7469435490196078 0.8282199215686274 0.7369475686274509 1.0
0.7441753921568628 0.8257593725490197 0.7347945490196078 1.0
0.7414072352941177 0.8232988235294117 0.7326415294117646 1.0
0.7386390784313726 0.820838274509804 0.7304885098039215 1.0
0.7352557843137255 0.8180701176470588 0.7277203529411764 1.0
0.7312573529411764 0.8149943529411765 0.7243370588235294 1.0
0.7272589215686275 0.8119185882352942 0.7209537647058823 1.0
0.7232604901960784 0.8088428235294117 0.7175704705882352 1.0
0.7192620588235294 0.8057670588235294 0.7141871764705882 1.0
0.7152636274509804 0.8026912941176471 0.7108038823529412 1.0
0.7112651960784313 0.7996155294117647 0.7074205882352941 1.0
0.7072667647058823 0.7965397647058824 0.704037294117647 1.0
0.7032683333333333 0.793464 0.700654 1.0
0.6992699019607843 0.7903882352941176 0.6972707058823528 1.0
0.6952714705882352 0.7873124705882353 0.6938874117647058 1.0
0.6912730392156863 0.784236705882353 0.6905041176470588 1.0
0.6872746078431372 0.7811609411764706 0.6871208235294117 1.0
0.6841988235294117 0.7780851764705883 0.6846602352941177 1.0
0.6814305882352941 0.7750094117647058 0.6825072156862745 1.0
0.6786623529411765 0.7719336470588235 0.6803541960784314 1.0
0.6758941176470588 0.7688578823529412 0.6782011764705882 1.0
0.6731258823529411 0.7657821176470588 0.6760481568627451 1.0
0.6703576470588235 0.7627063529411764 0.6738951372549019 1.0
0.6675894117647059 0.7596305882352941 0.6717421176470588 1.0
0.6648211764705882 0.7565548235294117 0.6695890980392156 1.0
0.6620529411764706 0.7534790588235294 0.6674360784313725 1.0
0.659284705882353 0.7504032941176471 0.6652830588235293 1.0
0.6565164705882353 0.7473275294117646 0.6631300392156863 1.0
0.6537482352941176 0.7442517647058823 0.660977019607843 1.0
0.65098 0.741176 0.658824 1.0
0.647596705882353 0.7381003137254901 0.6560557647058823 1.0
0.6442134117647059 0.7350246274509803 0.6532875294117647 1.0
0.6408301176470589 0.7319489411764706 0.6505192941176471 1.0
0.6374468235294118 0.7288732549019608 0.6477510588235295 1.0
0.6340635294117647 0.7257975686274509 0.6449828235294117 1.0
0.6306802352941177 0.7227218823529411 0.6422145882352941 1.0
0.6272969411764706 0.7196461960784313 0.6394463529411765 1.0
0.6239136470588236 0.7165705098039216 0.6366781176470588 1.0
0.6205303529411765 0.7134948235294117 0.6339098823529412 1.0
0.6171470588235294 0.7104191372549019 0.6311416470588235 1.0
0.6137637647058823 0.7073434509803921 0.6283734117647058 1.0
0.6103804705882354 0.7042677647058824 0.6256051764705883 1.0
0.6071509607843137 0.7011151764705882 0.6229907450980392 1.0
0.6043828039215686 0.6977318823529411 0.6208377254901961 1.0
0.6016146470588235 0.6943485882352941 0.6186847058823529 1.0
0.5988464901960785 0.690965294117647 0.6165316862745098 1.0
0.5960783333333334 0.6875819999999999 0.6143786666666666 1.0
0.5933101764705883 0.6841987058823529 0.6122256470588235 1.0
0.5905420196078431 0.6808154117647058 0.6100726274509803 1.0
0.5877738627450981 0.6774321176470588 0.6079196078431373 1.0
0.5850057058823529 0.6740488235294118 0.6057665882352942 1.0
0.5822375490196078 0.6706655294117647 0.603613568627451 1.0
0.5794693921568628 0.6672822352941176 0.6014605490196079 1.0
0.5767012352941177 0.6638989411764705 0.5993075294117647 1.0
0.5739330784313725 0.6605156470588235 0.5971545098039216 1.0
0.5707035490196078 0.6569785490196078 0.5943863529411765 1.0
0.5670126470588235 0.6532876470588235 0.5910030588235294 1.0
0.5633217450980392 0.6495967450980392 0.5876197647058824 1.0
0.5596308431372549 0.6459058431372549 0.5842364705882352 1.0
0.5559399411764707 0.6422149411764707 0.5808531764705883 1.0
0.5522490392156862 0.6385240392156862 0.5774698823529412 1.0
0.548558137254902 0.634833137254902 0.5740865882352941 1.0
0.5448672352941176 0.6311422352941176 0.5707032941176471 1.0
0.5411763333333334 0.6274513333333334 0.56732 1.0
0.537485431372549 0.623760431372549 0.563936705882353 1.0
0.5337945294117648 0.6200695294117647 0.5605534117647059 1.0
0.5301036274509804 0.6163786274509804 0.5571701176470588 1.0
0.5264127254901961 0.6126877254901961 0.5537868235294118 1.0
0.5238752352941176 0.6099195294117647 0.5517875882352942 1.0
0.5217222156862745 0.6074589019607843 0.550249705882353 1.0
0.5195691960784314 0.6049982745098039 0.5487118235294117 1.0
0.5174161764705882 0.6025376470588235 0.5471739411764706 1.0
0.5152631568627452 0.6000770196078431 0.5456360588235294 1.0
0.513110137254902 0.5976163921568628 0.5440981764705882 1.0
0.5109571176470589 0.5951557647058824 0.5425602941176471 1.0
0.5088040980392158 0.5926951372549021 0.5410224117647059 1.0
0.5066510784313726 0.5902345098039216 0.5394845294117647 1.0
0.5044980588235294 0.5877738823529411 0.5379466470588234 1.0
0.5023450392156863 0.5853132549019608 0.5364087647058823 1.0
0.5001920196078431 0.5828526274509804 0.5348708823529411 1.0
0.498039 0.580392 0.533333 1.0
0.49557845098039216 0.5779314509803922 0.5314875882352941 1.0
0.4931179019607843 0.5754709019607843 0.5296421764705882 1.0
0.49065735294117646 0.5730103529411765 0.5277967647058823 1.0
0.4881968039215686 0.5705498039215686 0.5259513529411765 1.0
0.4857362549019608 0.5680892549019608 0.5241059411764706 1.0
0.48327570588235297 0.5656287058823529 0.5222605294117647 1.0
0.4808151568627451 0.5631681568627451 0.5204151176470588 1.0
0.47835460784313727 0.5607076078431372 0.518569705882353 1.0
0.4758940588235294 0.5582470588235294 0.5167242941176471 1.0
0.47343350980392157 0.5557865098039215 0.5148788823529412 1.0
0.4709729607843138 0.5533259607843137 0.5130334705882353 1.0
0.46851241176470587 0.5508654117647058 0.5111880588235295 1.0
0.4662056274509804 0.5484817450980392 0.5093426470588236 1.0
0.46436013725490194 0.5463287254901961 0.5074972352941177 1.0
0.4625146470588235 0.5441757058823529 0.5056518235294118 1.0
0.4606691568627451 0.5420226862745098 0.5038064117647059 1.0
0.4588236666666667 0.5398696666666666 0.501961 1.0
0.45697817647058825 0.5377166470588235 0.5001155882352941 1.0
0.4551326862745098 0.5355636274509803 0.49827017647058824 1.0
0.4532871960784314 0.5334106078431372 0.49642476470588237 1.0
0.45144170588235294 0.5312575882352941 0.4945793529411765 1.0
0.4495962156862745 0.5291045686274509 0.4927339411764706 1.0
0.44775072549019607 0.5269515490196078 0.49088852941176475 1.0
0.44590523529411763 0.5247985294117646 0.4890431176470588 1.0
0.4440597450980392 0.5226455098039215 0.48719770588235295 1.0
0.4423680588235294 0.5208000588235293 0.4858136274509804 1.0
0.44083017647058825 0.5192621764705883 0.4848908823529412 1.0
0.4392922941176471 0.517724294117647 0.48396813725490195 1.0
0.43775441176470586 0.5161864117647058 0.48304539215686276 1.0
0.4362165294117647 0.5146485294117646 0.4821226470588235 1.0
0.43467864705882353 0.5131106470588235 0.4811999019607843 1.0
0.43314076470588236 0.5115727647058823 0.4802771568627451 1.0
0.4316028823529412 0.5100348823529411 0.4793544117647059 1.0
0.430065 0.508497 0.47843166666666664 1.0
0.4285271176470588 0.5069591176470588 0.47750892156862745 1.0
0.42698923529411764 0.5054212352941176 0.4765861764705882 1.0
0.4254513529411765 0.5038833529411765 0.475663431372549 1.0
0.4239134705882353 0.5023454705882353 0.47474068627450977 1.0
0.42283699999999996 0.5005768823529412 0.4738179411764706 1.0
0.42191433333333334 0.49873139215686274 0.4728951960784314 1.0
0.42099166666666665 0.4968859019607843 0.47197245098039214 1.0
0.42006899999999997 0.49504041176470587 0.47104970588235295 1.0
0.41914633333333334 0.4931949215686275 0.47012696078431376 1.0
0.41822366666666666 0.491349431372549 0.4692042156862745 1.0
0.417301 0.48950394117647056 0.46828147058823527 1.0
0.41637833333333335 0.4876584509803922 0.4673587254901961 1.0
0.41545566666666667 0.48581296078431374 0.4664359803921569 1.0
0.414533 0.4839674705882353 0.46551323529411764 1.0
0.4136103333333333 0.48212198039215687 0.46459049019607845 1.0
0.4126876666666667 0.48027649019607843 0.4636677450980392 1.0
0.411765 0.478431 0.462745 1.0
0.411149862745098 0.4768931960784314 0.4618222549019608 1.0
0.4105347254901961 0.47535539215686273 0.4608995098039216 1.0
0.4099195882352941 0.47381758823529413 0.4599767647058824 1.0
0.40930445098039214 0.47227978431372547 0.45905401960784314 1.0
0.40868931372549017 0.47074198039215687 0.45813127450980395 1.0
0.40807417647058825 0.46920417647058826 0.4572085294117647 1.0
0.40745903921568627 0.4676663725490196 0.4562857843137255 1.0
0.40684390196078435 0.466128568627451 0.4553630392156863 1.0
0.4062287647058824 0.46459076470588234 0.4544402941176471 1.0
0.4056136274509804 0.46305296078431374 0.45351754901960784 1.0
0.4049984901960784 0.4615151568627451 0.45259480392156864 1.0
0.4043833529411765 0.4599773529411765 0.4516720588235294 1.0
0.4037681960784314 0.4584395294117647 0.45067243137254903 1.0
0.40315298039215686 0.4569016470588235 0.4494421568627451 1.0
0.4025377647058824 0.45536376470588236 0.4482118823529412 1.0
0.40192254901960783 0.4538258823529412 0.44698160784313723 1.0
0.40130733333333335 0.452288 0.44575133333333333 1.0
0.4006921176470588 0.4507501176470588 0.44452105882352944 1.0
0.4000769019607843 0.44921223529411763 0.4432907843137255 1.0
0.3994616862745098 0.44767435294117647 0.4420605098039216 1.0
0.3988464705882353 0.4461364705882353 0.44083023529411763 1.0
0.39823125490196076 0.44459858823529413 0.43959996078431374 1.0
0.3976160392156863 0.4430607058823529 0.43836968627450984 1.0
0.3970008235294118 0.4415228235294118 0.43713941176470594 1.0
0.39638560784313726 0.4399849411764706 0.435909137254902 1.0
0.395770431372549 0.4384470588235294 0.43467886274509804 1.0
0.39515529411764705 0.43690917647058825 0.43344858823529414 1.0
0.3945401568627451 0.4353712941176471 0.4322183137254902 1.0
0.39392501960784315 0.43383341176470586 0.4309880392156863 1.0
0.3933098823529412 0.4322955294117647 0.42975776470588234 1.0
0.3926947450980392 0.4307576470588235 0.42852749019607844 1.0
0.3920796078431372 0.42921976470588236 0.4272972156862745 1.0
0.3914644705882353 0.4276818823529412 0.4260669411764706 1.0
0.3908493333333333 0.42614399999999997 0.42483666666666664 1.0
0.39023419607843135 0.4246061176470588 0.42360639215686274 1.0
0.38961905882352943 0.42306823529411763 0.4223761176470588 1.0
0.38900392156862745 0.42153035294117647 0.4211458431372549 1.0
0.3883887843137255 0.4199924705882353 0.41991556862745094 1.0
0.3877736470588235 0.41822388235294117 0.4184545882352941 1.0
0.3871585098039216 0.4163783921568628 0.41691670588235297 1.0
0.3865433725490196 0.4145329019607843 0.41537882352941174 1.0
0.3859282352941176 0.41268741176470586 0.4138409411764706 1.0
0.3853130980392157 0.4108419215686274 0.4123030588235294 1.0
0.38469796078431373 0.408996431372549 0.41076517647058824 1.0
0.38408282352941175 0.40715094117647055 0.4092272941176471 1.0
0.38346768627450983 0.40530545098039217 0.4076894117647059 1.0
0.38285254901960786 0.40345996078431373 0.4061515294117647 1.0
0.3822374117647059 0.4016144705882353 0.4046136470588235 1.0
0.3816222745098039 0.39976898039215686 0.40307576470588236 1.0
0.381007137254902 0.3979234901960784 0.4015378823529412 1.0
0.380392 0.396078 0.4 1.0
