0.1629529545569048 0.09521591660747855 0.42257292476430436 1.0
0.16481011306381138 0.0963511590972791 0.43184596598336555 1.0
0.16661616674455051 0.09744967053737302 0.4412064832719169 1.0
0.16836623940471737 0.09851521320092249 0.4506510991070379 1.0
0.17005470631768066 0.09955275459284393 0.4601751103492679 1.0
0.1716750780810942 0.10056873145593648 0.46977222082107756 1.0
0.17321986700170694 0.10157135702513853 0.4794342308257477 1.0
0.1746804342417165 0.10257097334218751 0.4891506793097687 1.0
0.17604336542541646 0.10356584027704996 0.49894160120778436 1.0
0.17729823332351538 0.10458024676581804 0.5087715885336103 1.0
0.17843229662509333 0.1056380265564063 0.5186108302832771 1.0
0.17942266920100228 0.10674165621081344 0.5284836071020165 1.0
0.180254232712636 0.10793563466790623 0.5383245681077662 1.0
0.180897536581308 0.10923866406414962 0.5481352134375516 1.0
0.1813298273265454 0.11070429246224553 0.5578435355461391 1.0
0.1815069308605479 0.1123613365530294 0.5674471854200234 1.0
0.18139595590863708 0.1142804413027346 0.5768505865319291 1.0
0.1809499433760711 0.11652515301133853 0.5859821014031293 1.0
0.18011665240948918 0.1191682999758128 0.5947494236872949 1.0
0.17884195577310877 0.12228861049996234 0.6030366129604394 1.0
0.17707513448329337 0.1259620672997293 0.6107077426144937 1.0
0.1747764954226868 0.13024864459406924 0.6176174300439591 1.0
0.17192558838006158 0.1351768519397535 0.6236290832033221 1.0
0.1685302279919113 0.14073088183460164 0.6286357211183263 1.0
0.164637354379816 0.14684331943301 0.6325796572366661 1.0
0.16031416565937215 0.15340748473917706 0.6354701889106298 1.0
0.15565394557274276 0.16029117959242076 0.6373742153046679 1.0
0.15073735679779035 0.16736888953134454 0.6383989700654712 1.0
0.14564275779798264 0.17452933124088685 0.638668756905635 1.0
0.1404368075255881 0.1816841459042555 0.6383089542091028 1.0
0.13517265040893509 0.1887688275072176 0.6374350053971095 1.0
0.12989065618077872 0.19573985804384908 0.636146985204408 1.0
0.12462051256931497 0.2025703385486159 0.6345282558695404 1.0
0.11938590047805706 0.20924466230343952 0.6326478270215731 1.0
0.11422949121970527 0.2157456284251405 0.6305768690676523 1.0
0.10914049113753677 0.22208312061819008 0.6283455167242665 1.0
0.10414385842443263 0.22825465182827054 0.6259979600528258 1.0
0.09926304855671816 0.23426097673881258 0.6235717761795677 1.0
0.0944951258080505 0.24011399581702425 0.621081667645192 1.0
0.08986951574154733 0.24581471938893312 0.6185591936304666 1.0
0.08539285840535987 0.2513729453557033 0.616016629522781 1.0
0.08106756674391194 0.256799705029183 0.6134596708213713 1.0
0.0769441893273207 0.2620915612909199 0.6109238301118911 1.0
0.07300703739422579 0.2672655035330154 0.6083965011432549 1.0
0.06927650669442811 0.2723273008096985 0.6058873223830183 1.0
0.06578801445169752 0.2772789491245567 0.60341417524383 1.0
0.06255595479554787 0.2821282390686886 0.6009787922718963 1.0
0.059592051819134705 0.2868831717247525 0.5985797542127682 1.0
0.05691772151374492 0.29154887162812176 0.596221496217621 1.0
0.05455347307306369 0.2961302536799314 0.5939076044300872 1.0
0.05251889627870444 0.30063184093875434 0.5916414807294642 1.0
0.050838773472474307 0.3050562292020493 0.5894315315373579 1.0
0.04951454037014189 0.3094102218220906 0.5872714908845412 1.0
0.04855490408104566 0.3136977658751047 0.5851627302038015 1.0
0.047963691562250284 0.3179225992994974 0.5831062484926558 1.0
0.04773946305380069 0.3220882581897951 0.5811027291021745 1.0
0.047875451814151544 0.3261980852298422 0.5791525884087009 1.0
0.0483598472050416 0.3302552388254388 0.5772560174768573 1.0
0.049176387574113 0.3342627026038174 0.5754130176762239 1.0
0.05030518671680884 0.33822329503101706 0.5736234310853615 1.0
0.05172369283691292 0.34213967896327 0.5718869664041402 1.0
0.05340767549062541 0.34601437099898574 0.5702032209969471 1.0
0.05533215100674955 0.3498497505368459 0.5685716996038682 1.0
0.05747218306369887 0.35364806847548513 0.5669918301827848 1.0
0.05980352430527091 0.35741145551306436 0.5654629772812437 1.0
0.06230309069250609 0.3611419300223894 0.5639844532816007 1.0
0.06494927925026378 0.36484140549022287 0.5625555278152573 1.0
0.06772215122553368 0.36851169751907215 0.5611754356007422 1.0
0.0706035074778493 0.37215453039677776 0.5598433829250934 1.0
0.07357840396611612 0.3757710087912915 0.5585612898846837 1.0
0.07663101364217326 0.37936299913099886 0.5573268773673928 1.0
0.07974739830752586 0.38293223649328834 0.5561380319387883 1.0
0.08291580548873803 0.38648014137990283 0.5549938581786431 1.0
0.08612580955679122 0.39000806896659534 0.5538934528024704 1.0
0.08936817980172057 0.39351731349892055 0.5528359060062189 1.0
0.09263475301781654 0.39700911235508674 0.5518203023495192 1.0
0.09591831391237074 0.4004846497947374 0.5508457212473491 1.0
0.09921323508992197 0.4039446967979293 0.549913365431319 1.0
0.10251396146531713 0.407390264684531 0.5490228475752887 1.0
0.10581448535228527 0.4108228877965505 0.5481703859285302 1.0
0.1091104131658914 0.41424356901188075 0.5473550236322454 1.0
0.11239784950892981 0.41765327256964846 0.5465757987301746 1.0
0.11567333621600695 0.4210529263321469 0.5458317432175193 1.0
0.11893417013803154 0.4244432161011251 0.5451231873866257 1.0
0.12217818929740112 0.42782466919265655 0.5444513010684173 1.0
0.12540189437459884 0.43119871063381826 0.5438113725374379 1.0
0.1286031296249826 0.4345661396549307 0.5432023919026625 1.0
0.13177997116656254 0.4379277275711909 0.5426233385794481 1.0
0.13493070192214515 0.44128421897143094 0.5420731800699918 1.0
0.1380549051543558 0.4446356900078315 0.5415550926551251 1.0
0.1411501069188545 0.44798348190176723 0.5410638066180113 1.0
0.1442150210041466 0.45132831167041504 0.540597926876092 1.0
0.14724858201038377 0.45467082457551683 0.5401563599016087 1.0
0.15024993416559976 0.4580115969309521 0.5397383042732707 1.0
0.15321920226797617 0.46135071307922276 0.5393460827274305 1.0
0.15615458635588805 0.46468936526295607 0.5389744586257711 1.0
0.15905548258963134 0.4680281092699005 0.5386222668134233 1.0
0.16192138547473778 0.47136747964858944 0.5382883230992108 1.0
0.1647524478987732 0.47470770262422896 0.5379733478625169 1.0
0.1675482630437003 0.478049331937957 0.5376757027790604 1.0
0.17030806884524888 0.4813931150452206 0.5373922894579649 1.0
0.173031724594995 0.484739501366448 0.5371218460871988 1.0
0.17571936649681574 0.48808883039949774 0.5368636833242294 1.0
0.17837165032593938 0.49144122896414794 0.536618361299776 1.0
0.18098781677618211 0.4947975030047193 0.5363817525707026 1.0
0.18356807194166253 0.49815801614320204 0.5361525222751042 1.0
0.1861127112291279 0.5015231101060642 0.5359293193132266 1.0
0.18862304058887 0.5048927132825591 0.5357133548543864 1.0
0.19109852514864226 0.5082675669534004 0.5355003101591437 1.0
0.19353972277173262 0.5116479477164066 0.5352887824024628 1.0
0.19594728833405683 0.5150341080561434 0.5350773667248226 1.0
0.1983227076664062 0.5184259856373716 0.5348665525352745 1.0
0.20066603425074547 0.5218241099237965 0.5346528031121535 1.0
0.20297813604786474 0.5252286912572144 0.5344345169358407 1.0
0.20526004447420448 0.5286398903414566 0.5342102605335537 1.0
0.2075134652380221 0.5320576287402744 0.5339799959048033 1.0
0.20973894946144023 0.535482279322358 0.5337406085215398 1.0
0.21193776912721762 0.5389139515314046 0.5334905459074958 1.0
0.21411134378441182 0.5423527133674996 0.5332283775266504 1.0
0.2162615771757636 0.5457984712571944 0.5329535750363619 1.0
0.21838952862057853 0.5492514494924778 0.5326634150194081 1.0
0.2204969036245258 0.5527116487772891 0.5323564832742772 1.0
0.22258552726351216 0.5561790393438252 0.5320314302436226 1.0
0.22465736600629022 0.5596535532346759 0.5316870266023981 1.0
0.22671413523001882 0.5631352211554989 0.5313212748929952 1.0
0.22875791756964453 0.5666239548700177 0.5309328290550865 1.0
0.23079086796822001 0.5701196510565367 0.5305203252817071 1.0
0.2328150701112509 0.5736222405040751 0.5300820599240353 1.0
0.23483285614219046 0.577131576635999 0.5296167282704776 1.0
0.23684664957075507 0.5806474896434284 0.5291230766564496 1.0
0.2388588283644082 0.5841698333340916 0.5285995915811124 1.0
0.24087168222405414 0.5876984999166237 0.5280443921862177 1.0
0.24288806087225434 0.5912331932277819 0.5274567814051943 1.0
0.24491067596723043 0.5947736703172153 0.5268356212312693 1.0
0.24694202909654656 0.598319767629138 0.5261791312000029 1.0
0.24898467028821447 0.6018713111492172 0.5254854952988165 1.0
0.251041844633167 0.6054278820406325 0.5247545535679302 1.0
0.2531164830585315 0.6089891735215488 0.5239852980594518 1.0
0.2552111567013787 0.6125550130731925 0.5231756545447472 1.0
0.2573286340449816 0.6161251617120728 0.5223239185167129 1.0
0.25947244473861586 0.6196990932330638 0.5214304767886039 1.0
0.2616456589963801 0.6232764459181283 0.5204944566826074 1.0
0.2638509342960792 0.6268570181766053 0.5195136536074572 1.0
0.26609108289659433 0.630440554670746 0.5184861377534478 1.0
0.2683698467163787 0.634026414751126 0.5174130230514244 1.0
0.27069035099494715 0.6376141889650659 0.5162935692788782 1.0
0.2730554221838173 0.6412035896296302 0.5151259285643696 1.0
0.2754676310512872 0.6447944545228799 0.513906976489259 1.0
0.2779309010023177 0.6483859905965969 0.5126390269795514 1.0
0.28044833184082757 0.6519777450281342 0.5113214639163841 1.0
0.2830229969716622 0.6555692556652558 0.5099537040511894 1.0
0.28565699250220966 0.6591606030439278 0.5085297306531971 1.0
0.2883543502639873 0.6627507929293074 0.5070537569679475 1.0
0.29111809079756673 0.6663393219020087 0.5055253556302098 1.0
0.2939511790083493 0.6699256847308839 0.5039440536705715 1.0
0.29685621314189514 0.673509649075136 0.5023062065413991 1.0
0.2998362114418811 0.6770906951012129 0.5006109626120457 1.0
0.30289439617634056 0.680668005929282 0.49886092205559446 1.0
0.3060335830069556 0.684241027807421 0.4970557164988521 1.0
0.30925653734539094 0.6878091952372648 0.49519500358009544 1.0
0.3125659486948475 0.6913723055472414 0.49327320043306105 1.0
0.3159647522698377 0.6949295261702347 0.49129274764094805 1.0
0.3194556489243874 0.6984800979280559 0.4892553378582481 1.0
0.32304124427931485 0.7020233920397538 0.4871607422199747 1.0
0.3267240985578744 0.7055587631720374 0.4850087606010108 1.0
0.33050707514885924 0.7090857414439621 0.48279556264598117 1.0
0.33439297391994083 0.7126036449951605 0.4805201317683439 1.0
0.3383839618515475 0.7161115318028217 0.4781864627637871 1.0
0.3424824761777381 0.7196086676710338 0.4757945201032026 1.0
0.34669092650509575 0.7230942938245446 0.47334431361562507 1.0
0.351011700367143 0.7265676248366645 0.47083590349003773 1.0
0.3554477481971079 0.7300279237012575 0.4682667163182039 1.0
0.3600022066505756 0.7334743741555847 0.46563433316514585 1.0
0.36467644578419367 0.7369059239634065 0.46294412957653946 1.0
0.3694728210602396 0.7403216514270206 0.4601965063235069 1.0
0.3743936915522128 0.7437205957454258 0.4573919681273961 1.0
0.3794414259131371 0.7471017539541064 0.45453113947832696 1.0
0.38461840795578295 0.7504640777072077 0.45161478329337396 1.0
0.38992704160225383 0.7538064699246834 0.4486438228496627 1.0
0.3953697549145613 0.7571277813375661 0.4456193674826628 1.0
0.4009508646485599 0.760426747786949 0.4425380639654961 1.0
0.40667140195994433 0.7637021069222052 0.4394056497009877 1.0
0.4125334807152799 0.7669525443587899 0.4362249727525225 1.0
0.41853956675270404 0.7701766751192416 0.4329983295596442 1.0
0.4246921350385853 0.7733730477083216 0.42972840805534807 1.0
0.4309936593663836 0.7765401418648604 0.42641834706043324 1.0
0.43744659753040943 0.7796763669997492 0.4230718037095968 1.0
0.4440533711015542 0.7827800615723168 0.4196930295353452 1.0
0.45081633883461397 0.7858494937119429 0.4162869557148225 1.0
0.4577377626480225 0.7888828634531383 0.41285928778106906 1.0
0.46481976504714334 0.7918783070193569 0.4094166097874234 1.0
0.4720642768256656 0.7948339036614173 0.4059664974607166 1.0
0.4794729738954752 0.7977476856267914 0.40251763925076683 1.0
0.48704720218658354 0.8006176519006482 0.39907996334425494 1.0
0.49478788975543747 0.8034417864099652 0.39566476762665204 1.0
0.502695445574845 0.8062180814071851 0.3922848482216537 1.0
0.5107722312752203 0.8089441566688712 0.3889513459863399 1.0
0.519017580722989 0.8116180108735556 0.38568043413774905 1.0
0.527427047659408 0.8142382455983396 0.3824934902796896 1.0
0.5359974387485315 0.8168032862890818 0.3794106529717773 1.0
0.5447242959015132 0.819311801237797 0.3764539238160732 1.0
0.5536017493685389 0.8217627673204915 0.373647073460407 1.0
0.5626223858732353 0.8241555398979113 0.3710154595070918 1.0
0.5717801732913298 0.8264893011624767 0.36858304535734304 1.0
0.5810619798273547 0.828764813194564 0.36637986074596723 1.0
0.5904522695833789 0.8309836316507101 0.36443633829693634 1.0
0.59993630566992 0.8331474672067843 0.3627802030453921 1.0
0.6094978370184863 0.8352587020450518 0.3614380620192426 1.0
0.6191178753985616 0.837320741926722 0.36043549828900656 1.0
0.6287753075069072 0.8393379672623437 0.3597956834322973 1.0
0.6384515865712357 0.8413146218129587 0.35953617653436143 1.0
0.6481275660781143 0.843255556919926 0.35967076687063276 1.0
0.6577845458065525 0.8451659780810963 0.3602086612732602 1.0
0.667404707037929 0.8470513147981416 0.3611542742755426 1.0
0.6769617561788033 0.848919836337816 0.3625096347273936 1.0
0.6864487597795673 0.850774894928254 0.36426656411016184 1.0
0.69585443145648 0.8526212799355241 0.36641546843198697 1.0
0.7051685608468115 0.8544637256207057 0.36894367860467714 1.0
0.71438302722636 0.8563065614925247 0.37183581727406156 1.0
0.7234917624309317 0.8581536540348341 0.37507449518178715 1.0
0.7324906484647774 0.860008371786031 0.37864099375401244 1.0
0.7413773645706981 0.8618735721244006 0.38251589762619864 1.0
0.7501511992657797 0.8637516069265696 0.3866796514151401 1.0
0.758812842117251 0.8656443435632366 0.39111302579861484 1.0
0.7673641682613402 0.8675531974405399 0.3957974875667233 1.0
0.7758080262912036 0.8694791724028597 0.40071547599054824 1.0
0.7841480375461038 0.8714229056785223 0.405850593321366 1.0
0.7923777293356836 0.8733886508286131 0.4111824877427081 1.0
0.800497630396886 0.8753781889640524 0.41669355606115976 1.0
0.8085242857272323 0.8773871783186646 0.4223760515178233 1.0
0.8164630734789561 0.8794151844938148 0.4282186311869483 1.0
0.8243194501554684 0.8814616081475757 0.4342112747863317 1.0
0.8320860387263339 0.8835308362945183 0.44033584973804246 1.0
0.8397544323444477 0.8856278479633188 0.44657231853713225 1.0
0.8473543986252204 0.8877421380157633 0.45293066342084337 1.0
0.8548913210362115 0.8898726582646793 0.4594053245849991 1.0
0.8623409541601502 0.8920307544658761 0.46596504038120606 1.0
0.8697191661117473 0.8942111604773197 0.4726125804953009 1.0
0.877047948076314 0.8964055876253053 0.47935960153209206 1.0
0.8843061388708379 0.8986242192828277 0.48617718269199267 1.0
0.8914967901846199 0.9008669432468145 0.4930589607663434 1.0
0.898650661869968 0.9031210853874222 0.5000298200873778 1.0
0.9057328617844135 0.9054032588350297 0.5070444917818385 1.0
0.9127681739145864 0.9077032841253238 0.5141229319104883 1.0
0.9197719823668247 0.9100148294768658 0.5212774789419143 1.0
0.9266999503758118 0.9123594905222979 0.5284479861571415 1.0
0.9336093927737403 0.9147111822755605 0.535698951997222 1.0
0.9404610328906413 0.9170893351552456 0.5429753047678268 1.0
0.9472803518326599 0.9194825361628594 0.5503044468166357 1.0
0.9540659681238263 0.9218921210725944 0.5576799909240343 1.0
0.9608049809199471 0.9243252266483534 0.5650790057480892 1.0
0.9675287370768705 0.9267668902399696 0.572541386344326 1.0
0.9741967269037245 0.929238214203635 0.5800041593344547 1.0
0.9808627042040826 0.9317124815536733 0.5875425838151492 1.0
0.9874684104099173 0.9342202886448684 0.5950648878797101 1.0
0.9940805805099583 0.9367275819156851 0.6026699962989522 1.0
