0.999831 0.999745 0.799907 1.0
0.999529 0.997249 0.792918 1.0
0.999208 0.994757 0.785931 1.0
0.998869 0.992265 0.77894 1.0
0.998513 0.989768 0.771954 1.0
0.998141 0.987268 0.764967 1.0
0.997753 0.984763 0.757977 1.0
0.99735 0.982252 0.750989 1.0
0.996933 0.979734 0.743991 1.0
0.996501 0.977208 0.736995 1.0
0.996056 0.974673 0.729998 1.0
0.995597 0.972134 0.722989 1.0
0.995124 0.969577 0.715989 1.0
0.994638 0.967011 0.708976 1.0
0.99414 0.964426 0.701948 1.0
0.993629 0.961826 0.694924 1.0
0.993104 0.959212 0.687894 1.0
0.992564 0.956574 0.680846 1.0
0.992011 0.953914 0.673801 1.0
0.991445 0.951226 0.666736 1.0
0.990867 0.948508 0.65967 1.0
0.990276 0.945762 0.652583 1.0
0.989672 0.942984 0.645487 1.0
0.989053 0.940166 0.638383 1.0
0.988417 0.937306 0.631265 1.0
0.98777 0.934399 0.624131 1.0
0.98711 0.931449 0.616981 1.0
0.98643 0.928445 0.609814 1.0
0.985734 0.92539 0.602638 1.0
0.985024 0.922276 0.595448 1.0
0.984295 0.91909 0.588241 1.0
0.983544 0.915842 0.581031 1.0
0.98278 0.912528 0.573808 1.0
0.981996 0.909132 0.566581 1.0
0.981188 0.905665 0.55934 1.0
0.980362 0.902106 0.552106 1.0
0.979515 0.898463 0.544864 1.0
0.97864 0.894738 0.537636 1.0
0.977749 0.890912 0.530411 1.0
0.976833 0.886997 0.523209 1.0
0.975892 0.882982 0.516016 1.0
0.974929 0.878873 0.508878 1.0
0.973943 0.874665 0.501764 1.0
0.972936 0.870355 0.494698 1.0
0.9719 0.865954 0.487691 1.0
0.970841 0.861451 0.480735 1.0
0.969761 0.856853 0.473869 1.0
0.968661 0.852169 0.467098 1.0
0.96754 0.847384 0.460403 1.0
0.966394 0.842526 0.453838 1.0
0.965232 0.837582 0.447383 1.0
0.964054 0.83256 0.441065 1.0
0.962864 0.827471 0.434901 1.0
0.961653 0.822324 0.428874 1.0
0.960439 0.817114 0.423009 1.0
0.959208 0.811859 0.417337 1.0
0.957973 0.806564 0.411826 1.0
0.956727 0.801228 0.406515 1.0
0.955483 0.795868 0.401394 1.0
0.954233 0.790491 0.39647 1.0
0.952985 0.785103 0.391761 1.0
0.951734 0.779703 0.387244 1.0
0.950493 0.774305 0.382955 1.0
0.949252 0.768915 0.37886 1.0
0.948022 0.763539 0.374977 1.0
0.946797 0.758183 0.371295 1.0
0.945583 0.752838 0.367823 1.0
0.944379 0.747533 0.364549 1.0
0.943186 0.742247 0.361472 1.0
0.942003 0.736993 0.35857 1.0
0.940832 0.731775 0.355871 1.0
0.939675 0.72659 0.353323 1.0
0.938529 0.72144 0.35096 1.0
0.937397 0.716337 0.348738 1.0
0.936279 0.711264 0.346674 1.0
0.935167 0.706227 0.34475 1.0
0.93407 0.701224 0.342973 1.0
0.932986 0.696264 0.341304 1.0
0.931915 0.69133 0.339767 1.0
0.930857 0.686438 0.338316 1.0
0.929804 0.68157 0.336993 1.0
0.92876 0.676746 0.335755 1.0
0.927727 0.671938 0.334613 1.0
0.926704 0.667161 0.333537 1.0
0.925689 0.662415 0.332545 1.0
0.924676 0.657688 0.331596 1.0
0.923678 0.652971 0.330728 1.0
0.922679 0.648286 0.329931 1.0
0.921685 0.643617 0.329173 1.0
0.920691 0.638968 0.328448 1.0
0.919708 0.634336 0.327769 1.0
0.918721 0.629704 0.32713 1.0
0.917745 0.625092 0.326525 1.0
0.916762 0.620494 0.325953 1.0
0.915774 0.615891 0.325408 1.0
0.914796 0.611306 0.324889 1.0
0.913814 0.606722 0.324391 1.0
0.912824 0.602139 0.323912 1.0
0.911832 0.597565 0.323453 1.0
0.910837 0.592994 0.32301 1.0
0.909834 0.588408 0.322574 1.0
0.908821 0.583836 0.32214 1.0
0.907806 0.579265 0.321715 1.0
0.906775 0.574674 0.321308 1.0
0.905735 0.57009 0.320914 1.0
0.904677 0.565498 0.320521 1.0
0.903607 0.560904 0.320125 1.0
0.90252 0.556296 0.319729 1.0
0.901411 0.551691 0.319336 1.0
0.900282 0.547063 0.318947 1.0
0.899129 0.542431 0.318559 1.0
0.897945 0.537786 0.31817 1.0
0.896736 0.533119 0.317781 1.0
0.895488 0.528446 0.317388 1.0
0.894206 0.523753 0.316994 1.0
0.89288 0.519049 0.316599 1.0
0.891511 0.514322 0.316201 1.0
0.890091 0.509569 0.315793 1.0
0.888622 0.504806 0.31537 1.0
0.887088 0.500007 0.314938 1.0
0.885494 0.495205 0.314507 1.0
0.883832 0.490372 0.314076 1.0
0.88209 0.485505 0.313632 1.0
0.880268 0.480622 0.313167 1.0
0.878363 0.475721 0.312685 1.0
0.87636 0.470784 0.312193 1.0
0.87426 0.465813 0.311698 1.0
0.872057 0.460829 0.311198 1.0
0.869732 0.455822 0.310676 1.0
0.867292 0.450788 0.310126 1.0
0.864725 0.445721 0.309559 1.0
0.862029 0.440643 0.308972 1.0
0.859184 0.435556 0.308348 1.0
0.856198 0.430436 0.307704 1.0
0.853059 0.42531 0.307055 1.0
0.849766 0.420166 0.306384 1.0
0.846302 0.415023 0.305675 1.0
0.842682 0.409886 0.304924 1.0
0.838883 0.404735 0.304148 1.0
0.834916 0.399603 0.303343 1.0
0.830773 0.3945 0.302509 1.0
0.82645 0.389415 0.301644 1.0
0.821954 0.384356 0.300746 1.0
0.817275 0.379341 0.299821 1.0
0.812425 0.374378 0.29885 1.0
0.807406 0.369452 0.297832 1.0
0.802212 0.364595 0.2968 1.0
0.796857 0.359813 0.295702 1.0
0.791346 0.355117 0.294575 1.0
0.785683 0.350488 0.293413 1.0
0.779869 0.345935 0.292218 1.0
0.773918 0.341509 0.290978 1.0
0.767839 0.337176 0.289694 1.0
0.76164 0.332954 0.288366 1.0
0.755332 0.328832 0.286993 1.0
0.74891 0.324813 0.285587 1.0
0.742404 0.32094 0.284148 1.0
0.735801 0.317163 0.28268 1.0
0.729129 0.313515 0.281127 1.0
0.722383 0.309983 0.279578 1.0
0.715588 0.306561 0.27796 1.0
0.708732 0.303235 0.276314 1.0
0.701821 0.300045 0.274597 1.0
0.694882 0.296965 0.272862 1.0
0.687913 0.29396 0.271085 1.0
0.680906 0.291083 0.269266 1.0
0.673889 0.288276 0.267363 1.0
0.666846 0.285557 0.265463 1.0
0.659797 0.28295 0.263515 1.0
0.652729 0.280375 0.261494 1.0
0.64566 0.277907 0.259453 1.0
0.638589 0.275496 0.257342 1.0
0.631514 0.273125 0.255206 1.0
0.624438 0.270823 0.253003 1.0
0.61736 0.268553 0.250756 1.0
0.610287 0.266332 0.248485 1.0
0.603222 0.264149 0.246122 1.0
0.596156 0.261987 0.243734 1.0
0.589093 0.259866 0.24132 1.0
0.582044 0.257747 0.238831 1.0
0.575 0.255668 0.236327 1.0
0.567965 0.253604 0.233732 1.0
0.560934 0.251554 0.231138 1.0
0.553914 0.249483 0.228487 1.0
0.546904 0.247454 0.22578 1.0
0.539894 0.245396 0.223036 1.0
0.532906 0.24336 0.220254 1.0
0.525921 0.24134 0.217418 1.0
0.51895 0.239301 0.214548 1.0
0.511977 0.23728 0.211665 1.0
0.505025 0.235233 0.208715 1.0
0.498095 0.233152 0.205757 1.0
0.491166 0.231122 0.202744 1.0
0.484232 0.22906 0.199703 1.0
0.477332 0.226999 0.19669 1.0
0.470446 0.224903 0.193599 1.0
0.463562 0.222859 0.190481 1.0
0.456701 0.220788 0.187383 1.0
0.449858 0.218684 0.18422 1.0
0.443028 0.216604 0.181049 1.0
0.436213 0.21449 0.177923 1.0
0.429412 0.212397 0.174725 1.0
0.422622 0.210282 0.171513 1.0
0.415865 0.208176 0.168312 1.0
0.409121 0.206083 0.165094 1.0
0.402387 0.203968 0.161932 1.0
0.395693 0.201818 0.158717 1.0
0.389005 0.199696 0.155501 1.0
0.382326 0.197597 0.152278 1.0
0.375682 0.195474 0.149098 1.0
0.369063 0.193367 0.14593 1.0
0.362455 0.191238 0.14274 1.0
0.355879 0.189133 0.139537 1.0
0.349312 0.187021 0.136394 1.0
0.34278 0.184917 0.133292 1.0
0.336248 0.182782 0.130208 1.0
0.329771 0.180679 0.127046 1.0
0.323293 0.178608 0.123972 1.0
0.316844 0.176475 0.120915 1.0
0.310431 0.174411 0.117925 1.0
0.304013 0.172305 0.11488 1.0
0.297642 0.170234 0.111957 1.0
0.291301 0.16814 0.108996 1.0
0.284955 0.166067 0.106101 1.0
0.27867 0.164036 0.103209 1.0
0.272374 0.161969 0.100318 1.0
0.266143 0.15986 0.09752 1.0
0.259913 0.157833 0.094764 1.0
0.253709 0.155804 0.092001 1.0
0.247534 0.153732 0.08926 1.0
0.241379 0.151698 0.086567 1.0
0.235263 0.149701 0.083951 1.0
0.229142 0.147663 0.081329 1.0
0.223074 0.145659 0.078687 1.0
0.217021 0.143616 0.07612 1.0
0.211005 0.141605 0.073581 1.0
0.205032 0.139543 0.070837 1.0
0.199089 0.137586 0.068084 1.0
0.193222 0.135533 0.065213 1.0
0.187395 0.133541 0.062323 1.0
0.181558 0.13153 0.059337 1.0
0.175797 0.12951 0.056198 1.0
0.170114 0.127477 0.052899 1.0
0.164454 0.125481 0.04964 1.0
0.158832 0.123421 0.046062 1.0
0.153229 0.121394 0.042482 1.0
0.147732 0.119395 0.038691 1.0
0.142251 0.117348 0.03474 1.0
0.136816 0.115319 0.030784 1.0
0.131463 0.113321 0.026943 1.0
0.126157 0.111255 0.02311 1.0
0.120855 0.109198 0.019283 1.0
0.115699 0.107134 0.01546 1.0
0.110584 0.104992 0.011622 1.0
0.105487 0.102956 0.007624 1.0
0.100227 0.100908 0.003791 1.0
