0.9816094094822104 0.9914555054379942 0.9815792448668127 1.0
0.9782282300640414 0.989952993993025 0.978380896049324 1.0
0.974338254084744 0.9882401559321784 0.9747356386745082 1.0
0.9702060577811046 0.9864430835994747 0.970914430082883 1.0
0.9658941500293022 0.9845921012523559 0.9669829404273004 1.0
0.9614328801720701 0.9827022308840533 0.9629741018186891 1.0
0.9568402653575464 0.9807825687797446 0.9589081949157153 1.0
0.9521282015947287 0.9788392444960102 0.9547991816948395 1.0
0.947305079003174 0.9768766756711967 0.950657388169052 1.0
0.9423770827447446 0.9748981967272127 0.9464908469495369 1.0
0.9373489151909472 0.9729064104939197 0.942306047141727 1.0
0.932224229471607 0.9709034009945735 0.9381083874808969 1.0
0.927005905529759 0.9688908701160651 0.9339024668987557 1.0
0.921696234123149 0.9668702295920398 0.9296922797207183 1.0
0.9162970440137824 0.9648426652913874 0.9254813518058609 1.0
0.9108097925061603 0.9628091835724001 0.921272838473847 1.0
0.9052356314495379 0.9607706455923762 0.9170695967889795 1.0
0.8995754562888248 0.9587277932758854 0.9128742400995271 1.0
0.8938299430789692 0.9566812693525434 0.9086891799704844 1.0
0.887999576742725 0.9546316330813532 0.9045166589535607 1.0
0.8820846728165648 0.952579372774729 0.9003587765631542 1.0
0.8760853942548175 0.950524915906039 0.8962175101249472 1.0
0.8700017644108616 0.9484686373638279 0.892094731693589 1.0
0.8638336770053479 0.9464108662646483 0.8879922219137862 1.0
0.8575809036755292 0.9443518916306761 0.8839116814741351 1.0
0.8512430995458551 0.9422919671630023 0.8798547406428447 1.0
0.8448198071482559 0.94023131528702 0.8758229672587705 1.0
0.838310458937853 0.9381701306063254 0.8718178734661968 1.0
0.8317143785876258 0.936108582871776 0.8678409214186409 1.0
0.8250307811977652 0.9340468195499199 0.8638935281293848 1.0
0.8182587725179958 0.9319849680579069 0.8599770696102154 1.0
0.8113973472511323 0.9299231377188328 0.8560928844120164 1.0
0.8044453864813826 0.9278614214812243 0.8522422766591958 1.0
0.7974016542499807 0.925799897438339 0.8484265186529957 1.0
0.7902647932823025 0.9237386301766037 0.8446468531053362 1.0
0.7830333198539473 0.9216776719774381 0.8409044950541841 1.0
0.7757056177674748 0.9196170638926484 0.8372006335029047 1.0
0.7682799313960205 0.9175568367102714 0.8335364328191528 1.0
0.7607543577343541 0.9154970118250847 0.8299130339232913 1.0
0.7531268373814602 0.9134376020257857 0.8263315552917417 1.0
0.7453951443610373 0.9113786122090501 0.8227930937969571 1.0
0.7375568746667603 0.9093200400291751 0.8192987254026105 1.0
0.7296094333972416 0.9072618764907667 0.8158495057300666 1.0
0.7215500203205946 0.9052041064908931 0.8124464705100766 1.0
0.7133756136796309 0.9031467093162486 0.8090906359318847 1.0
0.7050829520150239 0.9010896591001278 0.805782998900473 1.0
0.6966685137441064 0.8990329252433987 0.8025245372114358 1.0
0.6881284941859495 0.8969764728031135 0.7993162096519424 1.0
0.6794587796672026 0.8949202628519511 0.7961589560354004 1.0
0.6706549182757251 0.8928642528113014 0.7930536971766728 1.0
0.6617120867474551 0.8908083967604467 0.7900013348141274 1.0
0.6526250528727916 0.8887526457240292 0.7870027514842421 1.0
0.6433881326874148 0.8866969479397299 0.7840588103540882 1.0
0.6339951415631314 0.884641249107868 0.781170355016624 1.0
0.6244393381293534 0.8825854926244462 0.7783382092534242 1.0
0.6147133597252545 0.8805296197989965 0.7755631767692157 1.0
0.6048091477932109 0.8784735700584431 0.7728460409023532 1.0
0.5947178612582943 0.8764172811380606 0.7701875643151934 1.0
0.584429775472504 0.8743606892605125 0.7675884886681444 1.0
0.5739341637039501 0.8723037293038313 0.7650495342810446 1.0
0.5632191573759557 0.8702463349591419 0.7625713997853779 1.0
0.5522715802476457 0.8681884388788295 0.7601547617707557 1.0
0.5410767503895292 0.8661299728157977 0.7578002744289557 1.0
0.5296182420221605 0.8640708677543982 0.755508569198755 1.0
0.5178775968757973 0.8620110540335552 0.7532802544146778 1.0
0.5058339714349034 0.8599504614625628 0.7511159149627161 1.0
0.4934637018675971 0.8578890194299915 0.7490161119459874 1.0
0.48073976202322727 0.8558266570060898 0.7469813823632045 1.0
0.4676310807110526 0.8537633030390464 0.7450122388027649 1.0
0.45410167113211247 0.8516988862454332 0.7431091691551636 1.0
0.44010950554025835 0.8496333352951294 0.7412726363463341 1.0
0.4256050381796236 0.8475665788909907 0.7395030780944393 1.0
0.41052923285785253 0.8454985458435177 0.7378009066925106 1.0
0.3948108768748883 0.8434291651407368 0.7361665088192356 1.0
0.3783628398595949 0.8413583660135044 0.7346002453800533 1.0
0.3610767252794591 0.8392860779964179 0.7331024513806217 1.0
0.3428149860505093 0.837212230984495 0.7316734358345408 1.0
0.32339886939857726 0.8351367552857829 0.7303134817071274 1.0
0.30258914906576806 0.8330595816700211 0.7290228458968298 1.0
0.2800535874777684 0.8309806414134966 0.7278017592557696 1.0
0.255307987946977 0.8288998663401851 0.7266504266506899 1.0
0.22759895756257986 0.8268171888592903 0.7255690270654583 1.0
0.19563814054467343 0.8247325419992574 0.7245577137460633 1.0
0.16056597106081258 0.8224918293795767 0.7236377345185153 1.0
0.15500564436973996 0.8188365951280814 0.7229279046091603 1.0
0.1494946681442607 0.8151734285209902 0.7221912010371863 1.0
0.144036337132342 0.8115024571789634 0.721427602699789 1.0
0.13863432578392465 0.8078238082932756 0.7206370910270568 1.0
0.1332927381513842 0.8041376086610309 0.7198196499671473 1.0
0.12801616407513522 0.8004439847187782 0.71897526597163 1.0
0.12280974215079876 0.7967430625746108 0.7181039279810388 1.0
0.11767922985486481 0.7930349680388236 0.7172056274106444 1.0
0.11263108099065769 0.7893198266532032 0.7162803581364771 1.0
0.10767253026526619 0.785597763719014 0.715328116481613 1.0
0.10281168426733805 0.7818689043237419 0.7143489012027461 1.0
0.0980576173191233 0.7781333733666584 0.7133427134770511 1.0
0.09342046954447375 0.7743912955832535 0.7123095568893635 1.0
0.08891154294117407 0.7706427955685898 0.7112494374196672 1.0
0.08454338918920012 0.7668879977996285 0.7101623634309194 1.0
0.08032988031343402 0.7631270266565655 0.7090483456572029 1.0
0.07628625016709828 0.7593600064432253 0.7079073971922194 1.0
0.07242909116052257 0.7555870614065453 0.7067395334781286 1.0
0.0687762870957101 0.7518083157551922 0.7055447722947285 1.0
0.0653468600598602 0.7480238936773419 0.7043231337489908 1.0
0.06216070814983595 0.7442339193576551 0.7030746402649366 1.0
0.059238212797152974 0.7404385169934768 0.7017993165738673 1.0
0.056599701305050105 0.7366378108102936 0.7004971897049386 1.0
0.05426476333041227 0.7328319250764659 0.6991682889760826 1.0
0.052251439910157994 0.7290209841172701 0.6978126459852708 1.0
0.05057532882340011 0.725205112328264 0.6964302946021153 1.0
0.04924867658149953 0.7213844341880044 0.6950212709598066 1.0
0.048279548626721396 0.7175590742701343 0.6935856134473839 1.0
0.047671177793366916 0.7137291572548594 0.692123362702326 1.0
0.04742158078060164 0.7098948079398297 0.690634561603466 1.0
0.04752350204883609 0.7060561512504477 0.6891192552642205 1.0
0.047964699364673534 0.702213312249616 0.6875774910261194 1.0
0.04872853580073939 0.6983664161469374 0.6860093184526485 1.0
0.04979480170188052 0.6945155883073862 0.684414789323372 1.0
0.051140666398480146 0.6906609542594596 0.682793957628352 1.0
0.05274165662543708 0.6868026397028251 0.6811468795628398 1.0
0.05457257366046791 0.6829407705154706 0.6794736135222389 1.0
0.05660828702142102 0.6790754727603752 0.6777742200973336 1.0
0.058824371223719744 0.6752068726917031 0.6760487620697657 1.0
0.06119757740236733 0.671335096760535 0.6742973044077603 1.0
0.0637061501959367 0.6674602716201476 0.6725199142620853 1.0
0.0663300114535241 0.6635825241308427 0.6707166609622409 1.0
0.06905083708083107 0.6597019813643408 0.668887616012864 1.0
0.07185205347028836 0.6558187706077443 0.6670328530903432 1.0
0.07471877728778406 0.6519330193670768 0.6651524480396345 1.0
0.07763771839765488 0.6480448553704037 0.6632464788712653 1.0
0.08059706142161549 0.6441544065705442 0.6613150257585163 1.0
0.08358633745138305 0.6402618011473797 0.6593581710347833 1.0
0.08659629405743924 0.6363671675097579 0.6573759991910891 1.0
0.08961876903944557 0.6324706342970073 0.655368596873755 1.0
0.09264657131216678 0.6285723303800622 0.6533360528822096 1.0
0.0956733708227141 0.6246723848622 0.6512784581669333 1.0
0.09869359834369956 0.6207709270794003 0.6491959058275202 1.0
0.10170235527877547 0.6168680866003292 0.647088491110857 1.0
0.1046953331636439 0.612963993225948 0.6449563114094009 1.0
0.10766874227484366 0.6090587769887558 0.642799466259551 1.0
0.11061924861498423 0.6051525681516663 0.6406180573401027 1.0
0.1135439184852548 0.6012454972065225 0.6384121884707747 1.0
0.11644016985373104 0.5973376948722527 0.6361819656107984 1.0
0.11930572976008355 0.5934292920926719 0.6339274968575603 1.0
0.12213859704890859 0.5895204200339297 0.6316488924452879 1.0
0.12493700978523403 0.5856112100816062 0.6293462647437698 1.0
0.1276994167702628 0.5817017938374659 0.6270197282570973 1.0
0.13042445263896862 0.5777923031158612 0.6246693996224231 1.0
0.1331109160815306 0.5738828699397961 0.6222953976087203 1.0
0.13575775078611127 0.5699736265366511 0.6198978431155412 1.0
0.13836402875102138 0.5660647053335676 0.6174768591717548 1.0
0.14092893565931944 0.5621562389525006 0.6150325709342687 1.0
0.1434517580489017 0.5582483602049343 0.612565105686708 1.0
0.14593187204616434 0.554341202086271 0.6100745928380565 1.0
0.14836873346208726 0.5504348977698897 0.6075611639212478 1.0
0.1507618690763113 0.5465295806008768 0.6050249525916878 1.0
0.15311086895794618 0.5426253840894355 0.6024660946257124 1.0
0.15541537969202482 0.5387224419039719 0.5998847279189652 1.0
0.1576750983978835 0.5348208878638607 0.5972809924846832 1.0
0.1598897674407927 0.5309208559318953 0.5946550304518908 1.0
0.16205916975116 0.5270224802064201 0.5920069860634819 1.0
0.1641831246768388 0.5231258949131531 0.5893370056741929 1.0
0.16626148430377852 0.5192312343966958 0.5866452377484491 1.0
0.1682941301886323 0.5153386331117357 0.5839318328580826 1.0
0.17028097045413476 0.5114482256139425 0.5811969436799077 1.0
0.17222193720438303 0.5075601465505639 0.5784407249931524 1.0
0.17411698422253413 0.5036745306507181 0.5756633336767315 1.0
0.17596608491813032 0.49979151271538985 0.5728649287063584 1.0
0.17776923049536383 0.4959112276071324 0.570045671151485 1.0
0.17952642831708368 0.4920338102394766 0.5672057241720639 1.0
0.1812377004424779 0.4881593955660521 0.5643452530151241 1.0
0.18290308231896935 0.4842881185694226 0.5614644250111547 1.0
0.1845226216112613 0.4804201142496379 0.5585634095702883 1.0
0.18609637715243948 0.47655551761250897 0.5556423781782788 1.0
0.18762441800386204 0.4726944636576052 0.5527015043922633 1.0
0.18910682261207784 0.4688370873659817 0.5497409638363073 1.0
0.19054367805238862 0.46498352368763834 0.5467609341967218 1.0
0.1919350793498734 0.4611339075287136 0.5437615952171483 1.0
0.19328112886970317 0.45728837373842096 0.5407431286934082 1.0
0.1945819357695199 0.45344705709572636 0.537705718468105 1.0
0.19583761550744788 0.4496100922957788 0.5346495504249797 1.0
0.197048289400012 0.4457776139360899 0.5315748124830112 1.0
0.19821408422487252 0.4419497565024762 0.5284816945902581 1.0
0.19933513186383223 0.43812665435476117 0.5253703887174339 1.0
0.2004115689820582 0.4343084417122482 0.5222410888512173 1.0
0.20144353673990317 0.43049525263896676 0.5190939909872856 1.0
0.20243118053407377 0.4266872210286976 0.5159292931230747 1.0
0.2033746497652637 0.4228844805897844 0.5127471952502555 1.0
0.20427409762962512 0.4190871648297357 0.5095478993469268 1.0
0.20512968093177936 0.4152954070396257 0.5063316093695218 1.0
0.20594155991724028 0.41150934027829766 0.5030985312444229 1.0
0.2067098981223935 0.4077290973563795 0.4998488728592822 1.0
0.20743486224032104 0.40395481082011675 0.496582844054049 1.0
0.20811662200096376 0.40018661293502994 0.49330065661169703 1.0
0.20875535006423157 0.396424635669405 0.4900025242486539 1.0
0.2093512219248327 0.39266901067762294 0.4866886626049273 1.0
0.2099044158277057 0.3889198692833394 0.4833592892339323 1.0
0.2104151126930392 0.38517734246251734 0.4800146235920108 1.0
0.2108834960499666 0.38144156082632735 0.4766548870276524 1.0
0.21130975197811735 0.3777126546039198 0.47328030277040783 1.0
0.2116940690562672 0.3739907536250801 0.4698910959194981 1.0
0.2120366383174221 0.370275987302775 0.46648749343212587 1.0
0.21233765320971276 0.36656848461560126 0.46306972411147657 1.0
0.21259730956254708 0.3628683740901453 0.4596380185944255 1.0
0.21281580555751872 0.35917578378326337 0.4561926093389405 1.0
0.21299334170360662 0.3554908412642963 0.4527337306111901 1.0
0.2131301208162591 0.35181367359722315 0.4492616184723544 1.0
0.2132263479999722 0.3481444073227735 0.44577651076514585 1.0
0.2132822306340309 0.3444831684405011 0.4422786471000383 1.0
0.2132979783610895 0.340830082390837 0.43876826884121234 1.0
0.21327380307831661 0.3371852740371334 0.43524561909221926 1.0
0.21320991893083885 0.3335488676477048 0.43171094268136534 1.0
0.21310654230725096 0.3299209868778903 0.42816448614682884 1.0
0.2129638918369801 0.32630175475213724 0.42460649772150366 1.0
0.21278218838930463 0.3226912936461328 0.42103722731758964 1.0
0.21256165507385555 0.31908972526898594 0.41745692651092065 1.0
0.2123025172424361 0.3154971706454818 0.4138658485250509 1.0
0.21200500249201482 0.3119137500984208 0.41026424821509766 1.0
0.2116693406687582 0.30833958323105565 0.40665238205135074 1.0
0.21129576387298077 0.30477478890964566 0.40303050810266056 1.0
0.2108845064649113 0.3012194852461398 0.39939888601960644 1.0
0.2104358050711596 0.29767378958100976 0.39575777701746323 1.0
0.20994989859181495 0.2941378184662447 0.39210744385896645 1.0
0.20942702820807607 0.2906116876485296 0.38844815083689743 1.0
0.20886743739035607 0.2870955120526207 0.3847801637564883 1.0
0.2082713719067839 0.2835894057649396 0.3811037499176677 1.0
0.20763907983205027 0.2800934820174026 0.3774191780971545 1.0
0.20697081155654956 0.2766078531715049 0.3737267185304134 1.0
0.20626681979576084 0.27313263070267957 0.3700266428934868 1.0
0.20552735959983814 0.26966792518495053 0.3663192242847168 1.0
0.20475268836336702 0.2662138462759013 0.36260473720637254 1.0
0.20394306583526156 0.262770502701979 0.35888345754619666 1.0
0.20309875412877199 0.2593380022441588 0.3551556625588907 1.0
0.20222001773158327 0.2559164517239855 0.35142163084755346 1.0
0.2013071235159848 0.2525059569900213 0.3476816423450929 1.0
0.2003603407490997 0.2491066229047173 0.3439359782956251 1.0
0.19937994110315965 0.2457185533317393 0.34018492123588934 1.0
0.19836619866582034 0.2423418511237665 0.3364287549766891 1.0
0.19731938995051307 0.23897661811079196 0.33266776458438596 1.0
0.19623979390683138 0.23562295508895092 0.32890223636246957 1.0
0.19512769193095547 0.23228096180990193 0.3251324578332233 1.0
0.19398336787611803 0.22895073697079205 0.3213587177195124 1.0
0.19280710806312115 0.22563237820482945 0.3175813059267175 1.0
0.1915992012909161 0.22232598207249693 0.3138005135248431 1.0
0.1903599388472543 0.21903164405343445 0.3100166327308248 1.0
0.18908961451943304 0.21574945853902272 0.30622995689106663 1.0
0.18778852460514753 0.21247951882569838 0.3024407804642369 1.0
0.18645696792347663 0.20922191710903532 0.29864939900435455 1.0
0.18509524582602266 0.20597674447862313 0.29485610914419635 1.0
0.18370366220823445 0.20274409091378348 0.2910612085790632 1.0
0.18228252352094093 0.199524045280152 0.28726499605093564 1.0
0.18083213878212956 0.19631669532717244 0.28346777133306006 1.0
0.1793528195890036 0.1931221276865327 0.2796698352150007 1.0
0.17784488013035535 0.18994042787158996 0.275871489488201 1.0
0.17630863719929893 0.1867716802778211 0.2720730369320927 1.0
0.17474441020640172 0.1836159681843433 0.26827478130080185 1.0
