0.9942936149611202 0.930327795323208 0.6910969022498408 1.0
0.9938034737629607 0.9248067799917484 0.6856470896792072 1.0
0.9932915386396505 0.919299374769053 0.6802308895677182 1.0
0.9927922245331627 0.9137917294903226 0.6748329403835298 1.0
0.9922937701498861 0.9082882194233707 0.6694590190525576 1.0
0.9917843550306121 0.9027933977435593 0.6641148019075449 1.0
0.9912962746539998 0.8972938428980344 0.6587860434151367 1.0
0.9907825925330568 0.8918085346471608 0.6534941055176842 1.0
0.9902949549053172 0.8863158938146131 0.6482161486636766 1.0
0.9897868190815676 0.8808350065840213 0.6429731121246739 1.0
0.9892857473867686 0.875354115248558 0.6377529594546893 1.0
0.9887800796370289 0.8698778821960219 0.6325610007226145 1.0
0.9882646997282735 0.8644083076900085 0.6273995656371404 1.0
0.9877584964502674 0.858936998941355 0.6222606017222616 1.0
0.9872280289134517 0.853478296633913 0.6171585665698279 1.0
0.9867183884350318 0.8480122040334345 0.6120742768604478 1.0
0.9861766767190067 0.8425618846460893 0.6070302342911766 1.0
0.9856563017997252 0.8371033300354 0.6020039838864913 1.0
0.9851070454224936 0.8316588814371468 0.597016567652545 1.0
0.9845690242211674 0.8262101763023093 0.5920513492549714 1.0
0.9840096682146299 0.8207718909127237 0.5871217557569952 1.0
0.9834535848293927 0.8153324961500218 0.5822177451775891 1.0
0.9828817074848651 0.8099006555998068 0.5773470477348076 1.0
0.982307242514825 0.8044699893992296 0.5725043678439867 1.0
0.9817205500240108 0.7990448613324699 0.5676935526547516 1.0
0.9811274651130898 0.7936222997819742 0.56291231417088 1.0
0.9805237822250762 0.7882041368744077 0.5581623151179201 1.0
0.9799119019116717 0.7827890166019746 0.5534426550185235 1.0
0.9792891597791348 0.7773780574795166 0.5487543863553447 1.0
0.9786583517021393 0.7719696800001863 0.5440965033742035 1.0
0.9780145739702225 0.766566151727833 0.5394708896034823 1.0
0.977364728314596 0.761163789182034 0.534875076509128 1.0
0.9766980163585676 0.7557679109997391 0.5303130790083465 1.0
0.976029025253703 0.7503708130006796 0.5257797515465255 1.0
0.9753375433133614 0.7449828010040939 0.5212823917018596 1.0
0.9746492807368433 0.7395902023503718 0.51681211422522 1.0
0.9739312415395592 0.7342102748450783 0.512380492998615 1.0
0.9732235441351503 0.7288214038955377 0.5079740009039053 1.0
0.9724836441494412 0.723446268129894 0.5036071894033782 1.0
0.9717498445504565 0.7180638747370175 0.49926753403247764 1.0
0.9709912116410467 0.7126909352035096 0.49496542702327057 1.0
0.9702261620325378 0.7073170976907954 0.4906951514278061 1.0
0.9694484453171449 0.7019455954348423 0.48645901381798956 1.0
0.9686504017535663 0.6965805969226915 0.48225962974379494 1.0
0.9678531538881393 0.6912098001765796 0.47809095550781916 1.0
0.9670272977476159 0.6858499112812685 0.4739621016861337 1.0
0.9662030356838597 0.6804831678592252 0.4698646253054341 1.0
0.9653577621840926 0.6751225363106635 0.4658054627874115 1.0
0.9644956606754987 0.6697653999656225 0.4617837747090558 1.0
0.9636302007256902 0.6644033993552484 0.45779644218108545 1.0
0.962738297501346 0.659050260217444 0.4538500459526183 1.0
0.9618419029037778 0.6536923650498339 0.44993943481672977 1.0
0.9609293304705296 0.6483365953124501 0.4460681718992942 1.0
0.9599915754015639 0.6429884241455729 0.44223886344177565 1.0
0.9590555927894281 0.6376305748866927 0.43844592387934483 1.0
0.9580962561892509 0.632278677766368 0.4346957499886875 1.0
0.9571138853949342 0.6269324224641482 0.43098873542945043 1.0
0.9561315297025726 0.6215764963092998 0.42732096357322724 1.0
0.9551250405128054 0.6162263913356859 0.4236980325915366 1.0
0.9540950546856811 0.6108815734129118 0.4201203681538954 1.0
0.9530626716897265 0.6055275479248746 0.4165851980241141 1.0
0.9520078397406574 0.6001775213709301 0.41309682088715316 1.0
0.9509298744158471 0.5948318045431841 0.4096560342134981 1.0
0.9498400194890849 0.5894823244090308 0.40626217609422755 1.0
0.948734797669235 0.5841311256224191 0.40291681995676154 1.0
0.9476064491016544 0.5787834319880816 0.399621829641211 1.0
0.9464553073333201 0.5734388133376047 0.39637803402026683 1.0
0.9452939757532163 0.568087777792638 0.3931855149232087 1.0
0.9441119180634875 0.5627376402983688 0.39004635323607567 1.0
0.9429065439155045 0.5573900694724827 0.38696177158401335 1.0
0.9416779791961638 0.5520447400757863 0.3839328326459905 1.0
0.9404312902807344 0.5466974929733747 0.38096066877562546 1.0
0.9391670109637509 0.5413475099598963 0.3780467610439202 1.0
0.9378784499903906 0.5359996531278977 0.37519243842000133 1.0
0.936565505965262 0.5306537435419416 0.3723989770682498 1.0
0.9352280123612884 0.525309644376055 0.3696677100588825 1.0
0.9338657357609021 0.5199672647340077 0.36700002473028426 1.0
0.9324834513518638 0.514622334105647 0.36439800390036753 1.0
0.9310764112648535 0.5092783920261573 0.3618628439391276 1.0
0.9296425700359164 0.503936852022943 0.35939586050136857 1.0
0.9281814529069224 0.4985978383651591 0.35699857517124034 1.0
0.9266925163734759 0.49326153776931597 0.35467253990014935 1.0
0.9251751483021848 0.4879282029910456 0.3524193303048753 1.0
0.9236286685007274 0.4825981562592267 0.350240538156495 1.0
0.9220523297832619 0.4772717924986037 0.3481377630517493 1.0
0.9204453195710341 0.4719495822836189 0.34611260327070115 1.0
0.9188067620643404 0.46663207446333216 0.34416664583844114 1.0
0.9171357210169963 0.4613198983953663 0.34230145582397803 1.0
0.9154312031382286 0.4560137657258883 0.3405185649261684 1.0
0.913692162139428 0.4507144716528461 0.33881945941429764 1.0
0.9119175034344646 0.44542289561129406 0.33720556750938335 1.0
0.9101060894923884 0.44014000132270786 0.33567824631096654 1.0
0.9082567458304245 0.4348668361548626 0.3342387683926177 1.0
0.9063682676234202 0.4296045297451883 0.332888308207012 1.0
0.9044394268935215 0.4243542918485532 0.3316279284576256 1.0
0.9024689802311073 0.41911740938015835 0.3304585666082093 1.0
0.900455676985312 0.41389524263548055 0.32938102171259315 1.0
0.898398267849989 0.40868922068198066 0.32839594175542913 1.0
0.8962955137593518 0.40350083593115615 0.32750381169864584 1.0
0.8941481104554649 0.3983293983456085 0.32670705613297224 1.0
0.8919536525149723 0.3931778253066713 0.32600482691521954 1.0
0.8897101199351982 0.38804875676496026 0.32539616973208435 1.0
0.8874163795567694 0.38294390542052426 0.32488078462444386 1.0
0.8850713585473569 0.3778650063033766 0.32445816196307664 1.0
0.8826755435924778 0.372811879727799 0.32412991444586087 1.0
0.8802274289557096 0.3677869127615049 0.3238946418203613 1.0
0.877724965502183 0.36279338917562426 0.3237493930733042 1.0
0.8751673985732257 0.3578330531078428 0.32369275582884305 1.0
0.8725555139394462 0.3529055754992642 0.3237261048951861 1.0
0.8698877548666957 0.3480139364384643 0.32384603952129815 1.0
0.867162933067898 0.34316081179207075 0.32404902556714654 1.0
0.8643813155550575 0.3383468700732273 0.32433432808151264 1.0
0.8615430100192385 0.33357303722538795 0.32470075289571565 1.0
0.8586467469801844 0.32884251647174345 0.32514278660134655 1.0
0.8556930023091509 0.32415590978849657 0.3256590726700413 1.0
0.8526821206317461 0.31951405196526345 0.3262477399527137 1.0
0.8496135249080434 0.31491947716040647 0.3269031319055853 1.0
0.8464880691147448 0.3103723490573297 0.3276240607685042 1.0
0.8433059903582462 0.305873983723355 0.32840667746586705 1.0
0.840067520169713 0.3014258630212182 0.32924624128022095 1.0
0.8367737994501906 0.2970277335155549 0.33014192798806624 1.0
0.8334250817653976 0.2926812202808506 0.3310879308798391 1.0
0.8300223167271181 0.2883865925403408 0.33208152619668035 1.0
0.8265664528479066 0.284144135371797 0.3331197789552537 1.0
0.823058286941174 0.27995458626991687 0.33419806719443784 1.0
0.819498999191038 0.2758177426460853 0.3353144156579274 1.0
0.8158895345625489 0.27173408410909455 0.33646438921277166 1.0
0.8122310472907531 0.26770353504901684 0.33764514218178737 1.0
0.8085246874446361 0.26372603126828165 0.33885361881305626 1.0
0.8047716060121338 0.2598015433395365 0.3400863817867416 1.0
0.8009730135703671 0.2559297758719958 0.34134092597511895 1.0
0.7971300939112276 0.25211056126521714 0.34261401740943764 1.0
0.7932440533013958 0.24834356877070946 0.343903022016364 1.0
0.7893160890135295 0.24462845262804683 0.3452052771464596 1.0
0.7853473877765538 0.24096481923336038 0.3465182972816245 1.0
0.7813391260814397 0.2373522835108513 0.34783944834724917 1.0
0.7772924488739767 0.23379036404746006 0.349166724404265 1.0
0.7732084983091196 0.2302786572731657 0.3504975234338519 1.0
0.7690883651827445 0.2268166676306541 0.35183001450366325 1.0
0.7649331213342656 0.22340393965199068 0.353162131681046 1.0
0.7607438261029081 0.22004003452941667 0.3544916653625779 1.0
0.7565214435019435 0.2167244640001847 0.35581731167736824 1.0
0.7522670051172567 0.21345683253068415 0.3571365659018996 1.0
0.747981387463718 0.21023668678652385 0.3584483801868486 1.0
0.7436655059621509 0.20706363990212556 0.35975090604883003 1.0
0.7393202434785965 0.20393731733024972 0.3610423849932818 1.0
0.7349463482724381 0.20085737259155695 0.36232191062789854 1.0
0.7305447136853985 0.19782348024589214 0.36358718048248057 1.0
0.7261159828724578 0.19483536853461514 0.36483757814808754 1.0
0.721660895966202 0.1918927853792166 0.3660715129191122 1.0
0.717180167048341 0.18899550021489614 0.3672874263418226 1.0
0.7126743300531553 0.1861433788319636 0.3684846837309949 1.0
0.7081441223914051 0.18333622153881798 0.36966125952093437 1.0
0.7035900061356136 0.1805739799909275 0.37081657226169173 1.0
0.6990125222046898 0.17785659641802737 0.37194940307846314 1.0
0.6944122804123708 0.1751839824866724 0.37305808008307356 1.0
0.6897896069146785 0.17255625441955474 0.3741422132560423 1.0
0.6851450759297335 0.16997338031395703 0.37520008090332 1.0
0.6804790620490438 0.16743548389871482 0.37623080775724294 1.0
0.6757918752796294 0.16494276523576276 0.3772336599439789 1.0
0.6710841190288991 0.16249519232276352 0.3782065903997159 1.0
0.666355922126201 0.16009314556602497 0.3791494395940232 1.0
0.6616076837858698 0.15773679047853847 0.38006084174304866 1.0
0.656839828117515 0.155426267394966 0.38093931223551125 1.0
0.6520524648278915 0.1531620260338201 0.3817844598609113 1.0
0.6472460502131879 0.15094418340933877 0.38259458069323254 1.0
0.6424208086222071 0.14877308468968733 0.38336876315049084 1.0
0.6375768667154826 0.14664918606409344 0.3841063458261377 1.0
0.6327147719614084 0.14457248187757207 0.3848052877974663 1.0
0.6278345360543612 0.14254354179955067 0.3854652342077181 1.0
0.6229363449371849 0.14056274426895443 0.3860852182514848 1.0
0.6180208267587814 0.13862992755953493 0.3866630046493147 1.0
0.6130878172636732 0.1367458410848005 0.38719863739543753 1.0
0.6081376300127647 0.13491065399027252 0.3876907660008953 1.0
0.6031708343692542 0.1331241752511138 0.3881374204452801 1.0
0.5981872594198538 0.1313871076769131 0.3885385758335543 1.0
0.5931872993271582 0.12969941192089238 0.3888927420384044 1.0
0.5881715194167827 0.128060766149965 0.3891980996789912 1.0
0.5831397292746329 0.12647180016169585 0.38945464771661137 1.0
0.5780923809284296 0.12493224774918762 0.38966088826757483 1.0
0.5730301484941316 0.1234414650841387 0.3898149438393606 1.0
0.567952778533937 0.12200002818244307 0.38991698258003377 1.0
0.5628606992123619 0.12060751791779487 0.3899657247446918 1.0
0.5577549128735556 0.11926261311885777 0.38995887338856844 1.0
0.5526350045348186 0.11796594616880057 0.3898969895870121 1.0
0.5475013145908724 0.1167170132781018 0.3897791516609608 1.0
0.542355222924283 0.1155136939391363 0.38960269276272813 1.0
0.5371963110518728 0.11435643297754725 0.3893682721938278 1.0
0.532024862508553 0.11324458252518538 0.3890752921818559 1.0
0.5268418790923194 0.11217633229896623 0.3887220732362928 1.0
0.5216480344214139 0.1111502746625857 0.3883076350820582 1.0
0.5164430850451628 0.11016633322578473 0.3878324664548169 1.0
0.5112275102681053 0.10922326738769267 0.3872959651352504 1.0
0.5060029073959359 0.10831802736505128 0.3866960834588916 1.0
0.5007692304925555 0.1074500336043514 0.3860332364294135 1.0
0.4955265944792267 0.10661840926594984 0.38530760492144767 1.0
0.4902755524910634 0.10582153974143343 0.38451883682456867 1.0
0.485017645990138 0.10505619794533821 0.38366549920004794 1.0
0.4797532909040905 0.10432087301874635 0.3827476922012114 1.0
0.4744823785889252 0.10361484635753093 0.38176613656801484 1.0
0.46920551711129205 0.10293623430904172 0.3807207588669156 1.0
0.4639233255037822 0.10228310372258767 0.3796115541526619 1.0
0.4586377341242697 0.10165141765593363 0.37843732634192917 1.0
0.4533486056644123 0.10104039694500988 0.37719907921677054 1.0
0.44805610703980164 0.10044876779661555 0.3758974928385368 1.0
0.4427608762820602 0.09987450133495995 0.3745328419993724 1.0
0.4374635532679027 0.0993155625185971 0.373105466023635 1.0
0.43216477788685714 0.09876991822512793 0.37161576708995425 1.0
0.42686585999987303 0.09823449013050672 0.3700637078536853 1.0
0.4215676735765455 0.09770690573986754 0.36844970846642694 1.0
0.4162699168504105 0.09718665004270136 0.36677506662554543 1.0
0.41097319872080806 0.09667179308527124 0.365040416081035 1.0
0.40567811847851204 0.09616044175324229 0.3632464399813756 1.0
0.40038526412002146 0.0956507450954312 0.3613938677771776 1.0
0.3950952107257717 0.09514089908082038 0.3594834719896101 1.0
0.3898085189133677 0.09462915077538672 0.3575160648711968 1.0
0.38452573337583096 0.09411380193352703 0.3554924949866633 1.0
0.37924738151361215 0.09359321200643175 0.3534136437413168 1.0
0.37397397216781814 0.0930658005765563 0.35128042188384745 1.0
0.368705994460764 0.0925300492333272 0.3490937660095802 1.0
0.3634439167485822 0.09198450291035601 0.34685463508904274 1.0
0.35818818568925115 0.09142777070873895 0.344564007045334 1.0
0.35293922542805595 0.09085852623447668 0.3422228754021731 1.0
0.3476974369011709 0.09027550748073235 0.3398322460227614 1.0
0.342463197256804 0.08967751628755202 0.3373931339577017 1.0
0.3372368593921475 0.08906341741289614 0.33490656041826283 1.0
0.3320187516032832 0.08843213724940904 0.33237354988926293 1.0
0.32680917734417175 0.08778266222136388 0.32979512739382877 1.0
0.32160841508995175 0.08711403689571998 0.32717231592027823 1.0
0.3164167182989684 0.08642536184028649 0.32450613401944484 1.0
0.3112343154672587 0.08571579126067203 0.32179759357887117 1.0
0.3060614102686342 0.08498453044606019 0.31904769777854824 1.0
0.3008981817730306 0.08423083305194795 0.3162574392312175 1.0
0.29574478473540516 0.08345399824589614 0.313427798308743 1.0
0.2906013499472219 0.08265336774002721 0.3105597416546947 1.0
0.2854679846423483 0.08182832273165289 0.3076542208820724 1.0
0.2803477329331294 0.08097431979192776 0.3047120362305892 1.0
0.2752380681858879 0.08009433346301736 0.3017343316299965 1.0
0.27013893417596097 0.07918798082745704 0.2987220235093638 1.0
0.26505034843028563 0.07825477700181371 0.29567600322433 1.0
0.25997230676634775 0.07729426121855429 0.29259714265662684 1.0
0.25490478388843085 0.07630599343423161 0.28948629391324004 1.0
0.24984931470924515 0.07528752506190717 0.2863443687052725 1.0
0.24480741102830378 0.07423648337865965 0.2831723508316193 1.0
0.23977610809798328 0.07315619369923848 0.27997093784038435 1.0
0.23475529805348944 0.07204627593897617 0.27674090872775425 1.0
0.22974485429112435 0.07090635374932228 0.2734830227534651 1.0
0.22474604355451955 0.0697343048702469 0.2701981884636781 1.0
0.21976179144933672 0.0685259925198044 0.26688758887278374 1.0
0.21478768714283408 0.06728630515821912 0.263551482229945 1.0
0.2098235281541685 0.06601485651366462 0.26019055850201595 1.0
0.2048690954628697 0.0647112448057679 0.25680549144898185 1.0
0.19993023373401114 0.06336777961956377 0.25339802823103286 1.0
0.19500160024612118 0.061990205931648286 0.24996804552033358 1.0
0.1900821894571196 0.06057894133574073 0.2465160535125 1.0
0.18517171283533682 0.05913348735199072 0.2430426744218359 1.0
