0.466331 0.466331 0.466331 1.0
0.4740875 0.4740875 0.4740875 1.0
0.48186150000000005 0.48186150000000005 0.48186150000000005 1.0
0.4896710000000001 0.4896710000000001 0.4896710000000001 1.0
0.49748250000000016 0.49748250000000016 0.49748250000000016 1.0
0.5053285 0.5053285 0.5053285 1.0
0.5131964999999999 0.5131964999999999 0.5131964999999999 1.0
0.5210935 0.5210935 0.5210935 1.0
0.529003 0.529003 0.529003 1.0
0.5369335000000001 0.5369335000000001 0.5369335000000001 1.0
0.5448895000000001 0.5448895000000001 0.5448895000000001 1.0
0.5528619999999999 0.5528619999999999 0.5528619999999999 1.0
0.5608574999999999 0.5608574999999999 0.5608574999999999 1.0
0.5688745 0.5688745 0.5688745 1.0
0.5769095 0.5769095 0.5769095 1.0
0.5849665 0.5849665 0.5849665 1.0
0.593046 0.593046 0.593046 1.0
0.6011485000000001 0.6011485000000001 0.6011485000000001 1.0
0.6092695 0.6092695 0.6092695 1.0
0.6174045000000001 0.6174045000000001 0.6174045000000001 1.0
0.6255645000000002 0.6255645000000002 0.6255645000000002 1.0
0.63374 0.63374 0.63374 1.0
0.6419364999999999 0.6419364999999999 0.6419364999999999 1.0
0.650152 0.650152 0.650152 1.0
0.6583905000000001 0.6583905000000001 0.6583905000000001 1.0
0.6666435 0.6666435 0.6666435 1.0
0.674922 0.674922 0.674922 1.0
0.6832089999999998 0.6832089999999998 0.6832089999999998 1.0
0.6915229999999999 0.6915229999999999 0.6915229999999999 1.0
0.6998479999999999 0.6998479999999999 0.6998479999999999 1.0
0.7082014999999999 0.7082014999999999 0.7082014999999999 1.0
0.716563 0.716563 0.716563 1.0
0.7249485 0.7249485 0.7249485 1.0
0.733352 0.733352 0.733352 1.0
0.7417775000000001 0.7417775000000001 0.7417775000000001 1.0
0.7502135000000001 0.7502135000000001 0.7502135000000001 1.0
0.7586700000000002 0.7586700000000002 0.7586700000000002 1.0
0.7671425 0.7671425 0.7671425 1.0
0.7756339999999999 0.7756339999999999 0.7756339999999999 1.0
0.7841465 0.7841465 0.7841465 1.0
0.7926685 0.7926685 0.7926685 1.0
0.801213 0.801213 0.801213 1.0
0.8097730000000001 0.8097730000000001 0.8097730000000001 1.0
0.8183504999999999 0.8183504999999999 0.8183504999999999 1.0
0.8269449999999999 0.8269449999999999 0.8269449999999999 1.0
0.8355569999999999 0.8355569999999999 0.8355569999999999 1.0
0.8441829999999999 0.8441829999999999 0.8441829999999999 1.0
0.8528275 0.8528275 0.8528275 1.0
0.86149 0.86149 0.86149 1.0
0.8701685 0.8701685 0.8701685 1.0
0.8788575000000001 0.8788575000000001 0.8788575000000001 1.0
0.887569 0.887569 0.887569 1.0
0.8962950000000002 0.8962950000000002 0.8962950000000002 1.0
0.9050395000000001 0.9050395000000001 0.9050395000000001 1.0
0.913793 0.913793 0.913793 1.0
0.922566 0.922566 0.922566 1.0
0.9313549999999999 0.9313549999999999 0.9313549999999999 1.0
0.9401645 0.9401645 0.9401645 1.0
0.9489839999999999 0.9489839999999999 0.9489839999999999 1.0
0.9578209999999998 0.9578209999999998 0.9578209999999998 1.0
0.9666684999999998 0.9666684999999998 0.9666684999999998 1.0
0.9755364999999999 0.9755364999999999 0.9755364999999999 1.0
0.98442 0.98442 0.98442 1.0
0.9933125 0.9933125 0.9933125 1.0
0.9977659999999999 0.9977659999999999 0.9977659999999999 1.0
0.988865 0.988865 0.988865 1.0
0.9799760000000002 0.9799760000000002 0.9799760000000002 1.0
0.9711015000000001 0.9711015000000001 0.9711015000000001 1.0
0.962242 0.962242 0.962242 1.0
0.9534015 0.9534015 0.9534015 1.0
0.9445725 0.9445725 0.9445725 1.0
0.935757 0.935757 0.935757 1.0
0.9269585 0.9269585 0.9269585 1.0
0.918177 0.918177 0.918177 1.0
0.9094150000000001 0.9094150000000001 0.9094150000000001 1.0
0.9006645 0.9006645 0.9006645 1.0
0.8919305 0.8919305 0.8919305 1.0
0.8832125 0.8832125 0.8832125 1.0
0.8745095 0.8745095 0.8745095 1.0
0.8658285 0.8658285 0.8658285 1.0
0.857157 0.857157 0.857157 1.0
0.8485005 0.8485005 0.8485005 1.0
0.83987 0.83987 0.83987 1.0
0.83125 0.83125 0.83125 1.0
0.8226424999999999 0.8226424999999999 0.8226424999999999 1.0
0.8140610000000001 0.8140610000000001 0.8140610000000001 1.0
0.80549 0.80549 0.80549 1.0
0.79694 0.79694 0.79694 1.0
0.788405 0.788405 0.788405 1.0
0.7798894999999999 0.7798894999999999 0.7798894999999999 1.0
0.771383 0.771383 0.771383 1.0
0.762906 0.762906 0.762906 1.0
0.7544379999999999 0.7544379999999999 0.7544379999999999 1.0
0.7459930000000001 0.7459930000000001 0.7459930000000001 1.0
0.7375645 0.7375645 0.7375645 1.0
0.729148 0.729148 0.729148 1.0
0.7207535 0.7207535 0.7207535 1.0
0.712379 0.712379 0.712379 1.0
0.7040225 0.7040225 0.7040225 1.0
0.695682 0.695682 0.695682 1.0
0.6873670000000001 0.6873670000000001 0.6873670000000001 1.0
0.6790615000000001 0.6790615000000001 0.6790615000000001 1.0
0.6707814999999999 0.6707814999999999 0.6707814999999999 1.0
0.6625115 0.6625115 0.6625115 1.0
0.654272 0.654272 0.654272 1.0
0.646039 0.646039 0.646039 1.0
0.637837 0.637837 0.637837 1.0
0.629649 0.629649 0.629649 1.0
0.6214855 0.6214855 0.6214855 1.0
0.6133315 0.6133315 0.6133315 1.0
0.605207 0.605207 0.605207 1.0
0.597095 0.597095 0.597095 1.0
0.589004 0.589004 0.589004 1.0
0.5809365000000001 0.5809365000000001 0.5809365000000001 1.0
0.5728860000000001 0.5728860000000001 0.5728860000000001 1.0
0.564868 0.564868 0.564868 1.0
0.5568545 0.5568545 0.5568545 1.0
0.548873 0.548873 0.548873 1.0
0.54091 0.54091 0.54091 1.0
0.5329635 0.5329635 0.5329635 1.0
0.5250465 0.5250465 0.5250465 1.0
0.517143 0.517143 0.517143 1.0
0.509261 0.509261 0.509261 1.0
0.5014 0.5014 0.5014 1.0
0.4935755 0.4935755 0.4935755 1.0
0.48576050000000004 0.48576050000000004 0.48576050000000004 1.0
0.4779735 0.4779735 0.4779735 1.0
0.4702035 0.4702035 0.4702035 1.0
0.46246 0.46246 0.46246 1.0
0.45473949999999996 0.45473949999999996 0.45473949999999996 1.0
0.44704350000000004 0.44704350000000004 0.44704350000000004 1.0
0.439369 0.439369 0.439369 1.0
0.4317115 0.4317115 0.4317115 1.0
0.4240824999999998 0.4240824999999998 0.4240824999999998 1.0
0.4164825 0.4164825 0.4164825 1.0
0.4089115 0.4089115 0.4089115 1.0
0.4013525 0.4013525 0.4013525 1.0
0.3938305 0.3938305 0.3938305 1.0
0.3863220000000001 0.3863220000000001 0.3863220000000001 1.0
0.37885350000000023 0.37885350000000023 0.37885350000000023 1.0
0.3713935 0.3713935 0.3713935 1.0
0.363974 0.363974 0.363974 1.0
0.356575 0.356575 0.356575 1.0
0.34920700000000005 0.34920700000000005 0.34920700000000005 1.0
0.341854 0.341854 0.341854 1.0
0.334537 0.334537 0.334537 1.0
0.327242 0.327242 0.327242 1.0
0.31997549999999997 0.31997549999999997 0.31997549999999997 1.0
0.312742 0.312742 0.312742 1.0
0.3055264999999998 0.3055264999999998 0.3055264999999998 1.0
0.29835500000000004 0.29835500000000004 0.29835500000000004 1.0
0.2912045 0.2912045 0.2912045 1.0
0.284084 0.284084 0.284084 1.0
0.277 0.277 0.277 1.0
0.2699220000000001 0.2699220000000001 0.2699220000000001 1.0
0.2629005000000002 0.2629005000000002 0.2629005000000002 1.0
0.2559055 0.2559055 0.2559055 1.0
0.24893500000000002 0.24893500000000002 0.24893500000000002 1.0
0.2419865 0.2419865 0.2419865 1.0
0.23509750000000001 0.23509750000000001 0.23509750000000001 1.0
0.228222 0.228222 0.228222 1.0
0.2213975 0.2213975 0.2213975 1.0
0.2145885000000001 0.2145885000000001 0.2145885000000001 1.0
0.20782200000000017 0.20782200000000017 0.20782200000000017 1.0
0.2010645000000002 0.2010645000000002 0.2010645000000002 1.0
0.1943805 0.1943805 0.1943805 1.0
0.187721 0.187721 0.187721 1.0
0.1810765 0.1810765 0.1810765 1.0
0.17447849999999998 0.17447849999999998 0.17447849999999998 1.0
0.16795300000000002 0.16795300000000002 0.16795300000000002 1.0
0.1614230000000001 0.1614230000000001 0.1614230000000001 1.0
0.1549530000000002 0.1549530000000002 0.1549530000000002 1.0
0.14851999999999999 0.14851999999999999 0.14851999999999999 1.0
0.14213199999999998 0.14213199999999998 0.14213199999999998 1.0
0.13578649999999998 0.135787 0.135787 1.0
0.1294685 0.1294685 0.1294685 1.0
0.12316099999999999 0.12316150000000001 0.12316150000000001 1.0
0.1169715 0.11697199999999999 0.11697199999999999 1.0
0.110803 0.1108035 0.1108035 1.0
0.10466800000000001 0.10466900000000001 0.10466900000000001 1.0
0.098529 0.0985305 0.09853 1.0
0.09252249999999983 0.09252499999999983 0.09252449999999983 1.0
0.0863375 0.086339 0.0863385 1.0
0.07972599999999999 0.0797275 0.07972699999999999 1.0
0.0726745 0.0726755 0.0726755 1.0
0.06503500000000001 0.0650355 0.0650355 1.0
0.05657750000000013 0.05657750000000013 0.05657750000000013 1.0
0.04721300000000014 0.04721300000000014 0.04721300000000014 1.0
0.036441 0.0364415 0.036441 1.0
0.025228 0.025228 0.025228 1.0
0.0140515 0.0140515 0.0140515 1.0
0.0027825000000000003 0.0027825000000000003 0.0027825000000000003 1.0
0.0083915 0.0083915 0.0083915 1.0
0.019665500000000002 0.019665500000000002 0.019665500000000002 1.0
0.0307805 0.0307805 0.0307805 1.0
0.042023 0.0420235 0.042023 1.0
0.0520245 0.0520245 0.0520245 1.0
0.060936500000000005 0.060936500000000005 0.060936500000000005 1.0
0.068929 0.06893 0.06893 1.0
0.076244 0.07624500000000001 0.07624500000000001 1.0
0.083106 0.0831075 0.083107 1.0
0.08947599999999992 0.0894784999999999 0.08947749999999992 1.0
0.09551299999999983 0.09551499999999984 0.09551449999999984 1.0
0.10159499999999992 0.10159599999999991 0.10159599999999991 1.0
0.107734 0.107735 0.107735 1.0
0.113871 0.1138715 0.1138715 1.0
0.120065 0.12006549999999999 0.12006549999999999 1.0
0.1263125 0.1263125 0.1263125 1.0
0.132624 0.13262449999999998 0.13262449999999998 1.0
0.1389555 0.1389555 0.1389555 1.0
0.145313 0.145313 0.145313 1.0
0.1517295000000001 0.1517295000000001 0.1517295000000001 1.0
0.1581815 0.1581815 0.1581815 1.0
0.1646875 0.1646875 0.1646875 1.0
0.1712215 0.1712215 0.1712215 1.0
0.1777715 0.1777715 0.1777715 1.0
0.18439450000000002 0.18439450000000002 0.18439450000000002 1.0
0.1910399999999999 0.1910399999999999 0.1910399999999999 1.0
0.19771749999999982 0.19771749999999982 0.19771749999999982 1.0
0.2044479999999999 0.2044479999999999 0.2044479999999999 1.0
0.211187 0.211187 0.211187 1.0
0.2179955 0.2179955 0.2179955 1.0
0.2248145 0.2248145 0.2248145 1.0
0.231639 0.231639 0.231639 1.0
0.2385465 0.2385465 0.2385465 1.0
0.2454585 0.2454585 0.2454585 1.0
0.25241800000000003 0.25241800000000003 0.25241800000000003 1.0
0.2593975000000001 0.2593975000000001 0.2593975000000001 1.0
0.2664075 0.2664075 0.2664075 1.0
0.273455 0.273455 0.273455 1.0
0.2805455 0.2805455 0.2805455 1.0
0.28763700000000003 0.28763700000000003 0.28763700000000003 1.0
0.294775 0.294775 0.294775 1.0
0.3019349999999999 0.3019349999999999 0.3019349999999999 1.0
0.3091349999999998 0.3091349999999998 0.3091349999999998 1.0
0.3163519999999999 0.3163519999999999 0.3163519999999999 1.0
0.32359899999999997 0.32359899999999997 0.32359899999999997 1.0
0.33089599999999997 0.33089599999999997 0.33089599999999997 1.0
0.33819 0.33819 0.33819 1.0
0.34552499999999997 0.34552499999999997 0.34552499999999997 1.0
0.352891 0.352891 0.352891 1.0
0.36026800000000003 0.36026800000000003 0.36026800000000003 1.0
0.36768 0.36768 0.36768 1.0
0.3751200000000001 0.3751200000000001 0.3751200000000001 1.0
0.38258400000000004 0.38258400000000004 0.38258400000000004 1.0
0.3900725 0.3900725 0.3900725 1.0
0.3975865 0.3975865 0.3975865 1.0
0.4051305 0.4051305 0.4051305 1.0
0.412697 0.412697 0.412697 1.0
0.4202769999999999 0.4202769999999999 0.4202769999999999 1.0
0.4278969999999998 0.4278969999999998 0.4278969999999998 1.0
0.4355374999999999 0.4355374999999999 0.4355374999999999 1.0
0.44320000000000004 0.44320000000000004 0.44320000000000004 1.0
0.4508915 0.4508915 0.4508915 1.0
0.4585905 0.4585905 0.4585905 1.0
0.466331 0.466331 0.466331 1.0
