0.101051 0.150029 0.350268 1.0
0.107211 0.155787 0.356085 1.0
0.113288 0.16159 0.36192 1.0
0.119268 0.167394 0.367765 1.0
0.125252 0.173224 0.373649 1.0
0.131224 0.179109 0.379544 1.0
0.137168 0.185025 0.385457 1.0
0.143104 0.190934 0.391412 1.0
0.149035 0.196917 0.397368 1.0
0.154983 0.202879 0.403363 1.0
0.160954 0.208894 0.409372 1.0
0.16694 0.214922 0.415405 1.0
0.172908 0.221015 0.421458 1.0
0.178936 0.22709 0.427556 1.0
0.18498 0.233182 0.433649 1.0
0.191019 0.239337 0.439789 1.0
0.197125 0.245483 0.445936 1.0
0.203225 0.251694 0.452129 1.0
0.209359 0.25788 0.458321 1.0
0.215526 0.264132 0.464556 1.0
0.22171 0.270392 0.470798 1.0
0.227941 0.276664 0.477065 1.0
0.234173 0.282966 0.483354 1.0
0.240419 0.289287 0.489668 1.0
0.246722 0.295618 0.496005 1.0
0.253046 0.301978 0.50237 1.0
0.259395 0.308379 0.508757 1.0
0.265751 0.314779 0.515151 1.0
0.272115 0.321218 0.521572 1.0
0.278547 0.327665 0.528019 1.0
0.284964 0.334149 0.534485 1.0
0.291439 0.340636 0.540969 1.0
0.2979 0.347155 0.547475 1.0
0.304404 0.353672 0.554003 1.0
0.310938 0.360224 0.560549 1.0
0.317471 0.366805 0.567119 1.0
0.32403 0.373391 0.5737 1.0
0.330615 0.380003 0.580307 1.0
0.337229 0.386625 0.586927 1.0
0.343842 0.393278 0.593573 1.0
0.350503 0.399944 0.600234 1.0
0.357169 0.406637 0.60692 1.0
0.363837 0.413344 0.61361 1.0
0.370538 0.420064 0.620339 1.0
0.37727 0.426807 0.627069 1.0
0.384009 0.433558 0.633829 1.0
0.390772 0.44034 0.640598 1.0
0.397548 0.447135 0.647388 1.0
0.404341 0.45395 0.654195 1.0
0.411161 0.460775 0.661019 1.0
0.417992 0.46763 0.667869 1.0
0.42485 0.474498 0.674725 1.0
0.431726 0.481373 0.681598 1.0
0.438599 0.488279 0.688501 1.0
0.445502 0.495192 0.695411 1.0
0.452438 0.502125 0.702337 1.0
0.459371 0.509076 0.709288 1.0
0.466322 0.51603 0.71625 1.0
0.473287 0.523024 0.72322 1.0
0.480286 0.53002 0.730221 1.0
0.487295 0.53704 0.737228 1.0
0.494317 0.544063 0.744254 1.0
0.501356 0.551111 0.751301 1.0
0.508414 0.558166 0.758354 1.0
0.515471 0.565243 0.765425 1.0
0.522562 0.572346 0.772503 1.0
0.529669 0.579457 0.779599 1.0
0.536791 0.586575 0.78671 1.0
0.543917 0.593716 0.793824 1.0
0.551067 0.600867 0.800939 1.0
0.558223 0.608041 0.808062 1.0
0.5654 0.615214 0.815181 1.0
0.572603 0.622409 0.822297 1.0
0.579808 0.629615 0.829395 1.0
0.587015 0.636838 0.836468 1.0
0.594243 0.644054 0.843507 1.0
0.601473 0.65129 0.850506 1.0
0.608719 0.658519 0.857445 1.0
0.615947 0.665751 0.864315 1.0
0.623183 0.672978 0.871085 1.0
0.630403 0.68018 0.877748 1.0
0.637601 0.687375 0.884278 1.0
0.64477 0.69453 0.890649 1.0
0.651914 0.701653 0.896848 1.0
0.658997 0.708735 0.902842 1.0
0.666031 0.715748 0.90861 1.0
0.672996 0.72268 0.914138 1.0
0.679866 0.729543 0.919396 1.0
0.686656 0.736302 0.92438 1.0
0.69334 0.742971 0.929074 1.0
0.699907 0.749512 0.93347 1.0
0.706366 0.75595 0.937574 1.0
0.712688 0.762259 0.941373 1.0
0.718898 0.768446 0.944891 1.0
0.724986 0.774514 0.948123 1.0
0.730942 0.780465 0.951099 1.0
0.736792 0.786306 0.953828 1.0
0.742535 0.792032 0.956334 1.0
0.748176 0.797664 0.95864 1.0
0.753726 0.803211 0.960767 1.0
0.759197 0.808685 0.962737 1.0
0.764606 0.814084 0.964572 1.0
0.769952 0.819431 0.966298 1.0
0.775252 0.824734 0.967932 1.0
0.780515 0.830002 0.969481 1.0
0.78575 0.835235 0.970971 1.0
0.790956 0.840451 0.972415 1.0
0.796148 0.845644 0.973813 1.0
0.80133 0.85083 0.975183 1.0
0.806509 0.856015 0.976533 1.0
0.811679 0.861191 0.977867 1.0
0.81685 0.866371 0.97919 1.0
0.822025 0.871554 0.980503 1.0
0.827199 0.876733 0.981812 1.0
0.832379 0.881927 0.983114 1.0
0.837567 0.887121 0.984419 1.0
0.842756 0.892326 0.985718 1.0
0.847948 0.897534 0.98702 1.0
0.85315 0.90275 0.988314 1.0
0.858355 0.907974 0.989617 1.0
0.863572 0.913201 0.990914 1.0
0.868787 0.918435 0.992213 1.0
0.873999 0.923682 0.993511 1.0
0.879219 0.928927 0.994803 1.0
0.884444 0.934184 0.996097 1.0
0.889665 0.93945 0.997391 1.0
0.894892 0.944721 0.998686 1.0
0.900113 0.949993 0.999975 1.0
0.10024 0.299006 0.00015500000000001624 1.0
0.112059 0.301986 0.000226 1.0
0.123174 0.30497 0.000257 1.0
0.1339 0.307897 0.000247 1.0
0.144183 0.310824 0.000204 1.0
0.154116 0.31369 0.000161 1.0
0.163828 0.316526 0.000125 1.0
0.173231 0.319321 9.7e-05 1.0
0.182452 0.322081 7.7e-05 1.0
0.191517 0.324797 6.9e-05 1.0
0.200403 0.327489 7.5e-05 1.0
0.209187 0.330157 9.8e-05 1.0
0.217842 0.332794 0.000144 1.0
0.226396 0.335398 0.000219 1.0
0.234859 0.337967 0.00033 1.0
0.24321 0.340551 0.00049 1.0
0.25156 0.343129 0.000711 1.0
0.259831 0.345692 0.001011 1.0
0.268057 0.348297 0.00141 1.0
0.276308 0.35093 0.001933 1.0
0.284508 0.353583 0.002608 1.0
0.292741 0.356317 0.003469 1.0
0.300991 0.359099 0.004557 1.0
0.309305 0.36199 0.005916 1.0
0.31763 0.364963 0.007597 1.0
0.326018 0.368063 0.009658 1.0
0.334508 0.371283 0.012367 1.0
0.343052 0.374663 0.015348 1.0
0.351666 0.378181 0.01893 1.0
0.360377 0.381864 0.023166 1.0
0.369187 0.38571 0.028136 1.0
0.378064 0.389735 0.033895 1.0
0.387015 0.393928 0.0408 1.0
0.39605 0.398292 0.047888 1.0
0.405124 0.402804 0.055327 1.0
0.414248 0.407471 0.06302 1.0
0.423394 0.412283 0.070789 1.0
0.432574 0.417212 0.078726 1.0
0.441738 0.422234 0.086949 1.0
0.450884 0.427379 0.095228 1.0
0.460001 0.432585 0.103618 1.0
0.469095 0.437854 0.112113 1.0
0.478121 0.443165 0.120649 1.0
0.487104 0.448515 0.129315 1.0
0.496012 0.453885 0.138052 1.0
0.504872 0.459278 0.146755 1.0
0.513661 0.464677 0.155552 1.0
0.522375 0.470077 0.16436 1.0
0.53104 0.47548 0.173148 1.0
0.539637 0.48087 0.181959 1.0
0.548199 0.48628 0.190798 1.0
0.556703 0.491704 0.199617 1.0
0.565164 0.497122 0.208471 1.0
0.573613 0.502563 0.217312 1.0
0.582031 0.508043 0.226158 1.0
0.590441 0.513543 0.234999 1.0
0.598853 0.51909 0.243806 1.0
0.607272 0.524679 0.25267 1.0
0.61569 0.530332 0.261518 1.0
0.624143 0.536045 0.270391 1.0
0.632612 0.541829 0.279258 1.0
0.641111 0.547695 0.28812 1.0
0.649657 0.553632 0.297027 1.0
0.658233 0.559662 0.305938 1.0
0.666846 0.565761 0.314833 1.0
0.675508 0.571955 0.32377 1.0
0.684205 0.578221 0.332732 1.0
0.692958 0.584577 0.341682 1.0
0.701731 0.591002 0.350664 1.0
0.710557 0.597505 0.359644 1.0
0.719414 0.604078 0.368655 1.0
0.728299 0.610707 0.377669 1.0
0.737219 0.617396 0.3867 1.0
0.746161 0.624147 0.395771 1.0
0.75513 0.630945 0.404836 1.0
0.764105 0.637785 0.413942 1.0
0.773094 0.644669 0.423061 1.0
0.782091 0.651605 0.432233 1.0
0.791075 0.658568 0.44141 1.0
0.800051 0.665577 0.450634 1.0
0.808995 0.672625 0.459894 1.0
0.817893 0.679697 0.469215 1.0
0.826745 0.686819 0.478566 1.0
0.835514 0.693969 0.487989 1.0
0.844186 0.701164 0.497461 1.0
0.852739 0.708393 0.506988 1.0
0.861136 0.715654 0.516582 1.0
0.869359 0.722932 0.526244 1.0
0.877367 0.730249 0.535948 1.0
0.885134 0.737573 0.545718 1.0
0.892625 0.744911 0.555514 1.0
0.899805 0.752247 0.565352 1.0
0.906647 0.759568 0.575215 1.0
0.913125 0.766871 0.585083 1.0
0.919214 0.774134 0.594931 1.0
0.924907 0.781355 0.604762 1.0
0.930195 0.788513 0.614543 1.0
0.935066 0.795601 0.624286 1.0
0.939537 0.802617 0.633958 1.0
0.943612 0.809557 0.643549 1.0
0.947313 0.816413 0.653068 1.0
0.950661 0.823182 0.66252 1.0
0.953686 0.829879 0.671879 1.0
0.956415 0.836497 0.681164 1.0
0.958882 0.843049 0.690387 1.0
0.961118 0.849544 0.699548 1.0
0.963155 0.855984 0.708665 1.0
0.965019 0.862387 0.717732 1.0
0.966746 0.868754 0.726764 1.0
0.968355 0.875091 0.735776 1.0
0.969864 0.881418 0.74478 1.0
0.971299 0.887731 0.753777 1.0
0.972677 0.894046 0.762774 1.0
0.974 0.90036 0.771786 1.0
0.975289 0.906683 0.780806 1.0
0.976553 0.913014 0.789846 1.0
0.977795 0.919355 0.798909 1.0
0.979018 0.925717 0.807992 1.0
0.98023 0.932088 0.817101 1.0
0.981427 0.938483 0.826236 1.0
0.982613 0.944895 0.835399 1.0
0.983785 0.951319 0.844588 1.0
0.984948 0.957763 0.853798 1.0
0.986093 0.964218 0.863044 1.0
0.987224 0.970694 0.872308 1.0
0.98833 0.977184 0.881595 1.0
0.989424 0.983687 0.890903 1.0
0.990487 0.990203 0.900235 1.0
