1.0 0.980392 0.941176 1.0
0.9984621176470588 0.9748556862745098 0.9288730980392157 1.0
0.9969242352941177 0.9693193725490197 0.9165701960784314 1.0
0.9953863529411765 0.9637830588235294 0.9042672941176471 1.0
0.9938484705882353 0.9582467450980392 0.8919643921568627 1.0
0.9923105882352942 0.9527104313725491 0.8796614901960784 1.0
0.990772705882353 0.9471741176470588 0.8673585882352941 1.0
0.9892348235294118 0.9416378039215686 0.8550556862745098 1.0
0.9876969411764707 0.9361014901960785 0.8427527843137255 1.0
0.9861590588235294 0.9305651764705882 0.8304498823529411 1.0
0.9846211764705882 0.925028862745098 0.8181469803921568 1.0
0.983083294117647 0.9194925490196078 0.8058440784313725 1.0
0.9815454117647059 0.9139562352941176 0.7935411764705882 1.0
0.9801613137254902 0.9087274901960783 0.7820840784313725 1.0
0.9792385686274511 0.9044214509803921 0.7731643921568627 1.0
0.9783158235294118 0.9001154117647059 0.7642447058823529 1.0
0.9773930784313726 0.8958093725490196 0.7553250196078432 1.0
0.9764703333333333 0.8915033333333333 0.7464053333333333 1.0
0.9755475882352942 0.887197294117647 0.7374856470588235 1.0
0.974624843137255 0.8828912549019607 0.7285659607843137 1.0
0.9737020980392157 0.8785852156862746 0.7196462745098039 1.0
0.9727793529411765 0.8742791764705883 0.7107265882352941 1.0
0.9718566078431373 0.869973137254902 0.7018069019607843 1.0
0.9709338627450981 0.8656670980392157 0.6928872156862744 1.0
0.9700111176470588 0.8613610588235294 0.6839675294117646 1.0
0.9690883725490196 0.8570550196078431 0.6750478431372549 1.0
0.968319431372549 0.8532103529411765 0.6672047058823529 1.0
0.967704294117647 0.8498270588235295 0.6604381176470588 1.0
0.9670891568627451 0.8464437647058823 0.6536715294117647 1.0
0.9664740196078432 0.8430604705882353 0.6469049411764706 1.0
0.9658588823529412 0.8396771764705883 0.6401383529411765 1.0
0.9652437450980392 0.8362938823529412 0.6333717647058823 1.0
0.9646286078431372 0.8329105882352941 0.6266051764705882 1.0
0.9640134705882353 0.829527294117647 0.6198385882352941 1.0
0.9633983333333334 0.826144 0.613072 1.0
0.9627831960784313 0.822760705882353 0.6063054117647059 1.0
0.9621680588235294 0.8193774117647059 0.5995388235294118 1.0
0.9615529215686275 0.8159941176470589 0.5927722352941177 1.0
0.9609377843137255 0.8126108235294117 0.5860056470588235 1.0
0.960092 0.8092274705882353 0.5801617058823529 1.0
0.9591693333333333 0.8058440980392156 0.5746253137254902 1.0
0.9582466666666667 0.8024607254901961 0.5690889215686274 1.0
0.957324 0.7990773529411764 0.5635525294117647 1.0
0.9564013333333333 0.7956939803921568 0.558016137254902 1.0
0.9554786666666666 0.7923106078431372 0.5524797450980392 1.0
0.954556 0.7889272352941177 0.5469433529411765 1.0
0.9536333333333333 0.785543862745098 0.5414069607843137 1.0
0.9527106666666666 0.7821604901960784 0.535870568627451 1.0
0.951788 0.7787771176470588 0.5303341764705882 1.0
0.9508653333333333 0.7753937450980392 0.5247977843137255 1.0
0.9499426666666666 0.7720103725490196 0.5192613921568627 1.0
0.94902 0.768627 0.513725 1.0
0.9484047843137254 0.7655513137254901 0.5088038235294118 1.0
0.947789568627451 0.7624756274509804 0.5038826470588236 1.0
0.9471743529411765 0.7593999411764706 0.49896147058823526 1.0
0.9465591372549019 0.7563242549019608 0.49404029411764705 1.0
0.9459439215686274 0.7532485686274509 0.4891191176470588 1.0
0.945328705882353 0.7501728823529411 0.48419794117647064 1.0
0.9447134901960784 0.7470971960784313 0.4792767647058823 1.0
0.9440982745098039 0.7440215098039216 0.4743555882352941 1.0
0.9434830588235295 0.7409458235294117 0.46943441176470585 1.0
0.9428678431372549 0.7378701372549019 0.4645132352941177 1.0
0.9422526274509804 0.7347944509803921 0.4595920588235294 1.0
0.941637411764706 0.7317187647058823 0.4546708823529412 1.0
0.9409453333333333 0.7285661764705882 0.44982660784313727 1.0
0.9400226666666667 0.7251828823529411 0.4452130392156863 1.0
0.9391 0.7217995882352941 0.44059947058823534 1.0
0.9381773333333333 0.7184162941176471 0.4359859019607843 1.0
0.9372546666666667 0.7150329999999999 0.4313723333333333 1.0
0.936332 0.7116497058823529 0.42675876470588237 1.0
0.9354093333333333 0.7082664117647058 0.4221451960784314 1.0
0.9344866666666667 0.7048831176470588 0.4175316274509804 1.0
0.9335640000000001 0.7014998235294118 0.4129180588235294 1.0
0.9326413333333333 0.6981165294117647 0.4083044901960784 1.0
0.9317186666666667 0.6947332352941177 0.4036909215686275 1.0
0.9307960000000001 0.6913499411764705 0.39907735294117647 1.0
0.9298733333333333 0.6879666470588235 0.3944637843137255 1.0
0.9291044313725491 0.6848908823529412 0.3901577450980392 1.0
0.928489294117647 0.6821226470588235 0.3861592352941176 1.0
0.9278741568627451 0.6793544117647059 0.3821607254901961 1.0
0.9272590196078432 0.6765861764705882 0.3781622156862745 1.0
0.9266438823529412 0.6738179411764705 0.3741637058823529 1.0
0.9260287450980392 0.6710497058823529 0.3701651960784314 1.0
0.9254136078431372 0.6682814705882353 0.36616668627450977 1.0
0.9247984705882353 0.6655132352941177 0.3621681764705882 1.0
0.9241833333333334 0.662745 0.35816966666666666 1.0
0.9235681960784313 0.6599767647058823 0.3541711568627451 1.0
0.9229530588235294 0.6572085294117647 0.3501726470588235 1.0
0.9223379215686274 0.654440294117647 0.3461741372549019 1.0
0.9217227843137255 0.6516720588235294 0.3421756274509804 1.0
0.9208769411764706 0.6482118823529412 0.3372544705882353 1.0
0.9199541960784313 0.6445210588235294 0.33202576470588235 1.0
0.9190314509803921 0.6408302352941176 0.3267970588235294 1.0
0.9181087058823529 0.6371394117647059 0.32156835294117647 1.0
0.9171859607843137 0.6334485882352942 0.3163396470588235 1.0
0.9162632156862744 0.6297577647058823 0.3111109411764706 1.0
0.9153404705882352 0.6260669411764705 0.3058822352941176 1.0
0.9144177254901961 0.6223761176470588 0.3006535294117647 1.0
0.9134949803921568 0.618685294117647 0.2954248235294118 1.0
0.9125722352941176 0.6149944705882353 0.2901961176470588 1.0
0.9116494901960783 0.6113036470588235 0.28496741176470586 1.0
0.9107267450980392 0.6076128235294117 0.27973870588235294 1.0
0.909804 0.603922 0.27451 1.0
0.909188862745098 0.5996159607843137 0.26835847058823525 1.0
0.908573725490196 0.5953099215686274 0.2622069411764706 1.0
0.9079585882352941 0.5910038823529411 0.25605541176470586 1.0
0.9073434509803922 0.5866978431372549 0.24990388235294125 1.0
0.9067283137254901 0.5823918039215685 0.24375235294117645 1.0
0.9061131764705882 0.5780857647058824 0.23760082352941175 1.0
0.9054980392156863 0.5737797254901961 0.23144929411764703 1.0
0.9048829019607842 0.5694736862745098 0.22529776470588234 1.0
0.9042677647058823 0.5651676470588235 0.21914623529411764 1.0
0.9036526274509804 0.5608616078431372 0.21299470588235295 1.0
0.9030374901960785 0.5565555686274509 0.20684317647058822 1.0
0.9024223529411765 0.5522495294117648 0.2006916470588236 1.0
0.901961 0.5483279411764705 0.19523217647058824 1.0
0.901961 0.5455597058823529 0.19184888235294117 1.0
0.901961 0.5427914705882353 0.1884655882352941 1.0
0.901961 0.5400232352941177 0.18508229411764707 1.0
0.901961 0.5372549999999999 0.181699 1.0
0.901961 0.5344867647058823 0.17831570588235293 1.0
0.901961 0.5317185294117647 0.1749324117647059 1.0
0.901961 0.528950294117647 0.17154911764705888 1.0
0.901961 0.5261820588235294 0.16816582352941176 1.0
0.901961 0.5234138235294118 0.1647825294117647 1.0
0.901961 0.520645588235294 0.16139923529411765 1.0
0.901961 0.5178773529411764 0.15801594117647058 1.0
0.901961 0.5151091176470588 0.1546326470588235 1.0
0.9014996274509804 0.5126485294117646 0.1538637450980392 1.0
0.9005768823529412 0.5104955882352941 0.15570923529411765 1.0
0.899654137254902 0.5083426470588235 0.15755472549019606 1.0
0.8987313921568627 0.5061897058823529 0.1594002156862745 1.0
0.8978086470588236 0.5040367647058824 0.16124570588235287 1.0
0.8968859019607843 0.5018838235294117 0.16309119607843137 1.0
0.8959631568627451 0.49973088235294116 0.1649366862745098 1.0
0.8950404117647058 0.4975779411764706 0.16678217647058824 1.0
0.8941176666666667 0.495425 0.16862766666666665 1.0
0.8931949215686275 0.4932720588235294 0.17047315686274508 1.0
0.8922721764705882 0.49111911764705884 0.17231864705882352 1.0
0.891349431372549 0.48896617647058827 0.17416413725490196 1.0
0.8904266862745098 0.4868132352941177 0.17600962745098037 1.0
0.890196 0.4848908823529412 0.17762435294117646 1.0
0.890196 0.48304539215686276 0.1791621568627451 1.0
0.890196 0.4811999019607843 0.18069996078431372 1.0
0.890196 0.4793544117647059 0.18223776470588235 1.0
0.890196 0.47750892156862745 0.18377556862745098 1.0
0.890196 0.475663431372549 0.1853133725490196 1.0
0.890196 0.4738179411764706 0.18685117647058824 1.0
0.890196 0.4719724509803922 0.18838898039215682 1.0
0.890196 0.47012696078431376 0.18992678431372548 1.0
0.890196 0.4682814705882353 0.1914645882352941 1.0
0.890196 0.4664359803921569 0.19300239215686274 1.0
0.890196 0.46459049019607845 0.19454019607843137 1.0
0.890196 0.462745 0.196078 1.0
0.8892732549019607 0.4605919803921569 0.19730835294117646 1.0
0.8883505098039216 0.45843896078431373 0.19853870588235295 1.0
0.8874277647058824 0.4562859411764706 0.1997690588235294 1.0
0.8865050196078431 0.45413292156862745 0.2009994117647059 1.0
0.8855822745098039 0.4519799019607843 0.20222976470588236 1.0
0.8846595294117647 0.4498268823529412 0.20346011764705882 1.0
0.8837367843137255 0.4476738627450981 0.2046904705882353 1.0
0.8828140392156862 0.44552084313725493 0.20592082352941177 1.0
0.881891294117647 0.4433678235294118 0.20715117647058826 1.0
0.8809685490196079 0.44121480392156864 0.20838152941176472 1.0
0.8800458039215686 0.43906178431372556 0.20961188235294115 1.0
0.8791230588235294 0.43690876470588236 0.21084223529411766 1.0
0.878431 0.43506331372549023 0.212072568627451 1.0
0.878431 0.434140568627451 0.21330284313725492 1.0
0.878431 0.4332178235294118 0.21453311764705882 1.0
0.878431 0.43229507843137255 0.21576339215686274 1.0
0.878431 0.43137233333333336 0.21699366666666667 1.0
0.878431 0.4304495882352941 0.2182239411764706 1.0
0.878431 0.4295268431372549 0.21945421568627452 1.0
0.878431 0.4286040980392157 0.22068449019607841 1.0
0.878431 0.4276813529411765 0.22191476470588234 1.0
0.878431 0.42675860784313724 0.22314503921568626 1.0
0.878431 0.42583586274509805 0.2243753137254902 1.0
0.878431 0.4249131176470588 0.2256055882352941 1.0
0.878431 0.4239903725490196 0.22683586274509804 1.0
0.878123431372549 0.422913862745098 0.22837370588235292 1.0
0.8775082941176471 0.42168358823529417 0.23021911764705877 1.0
0.876893156862745 0.42045331372549016 0.2320645294117647 1.0
0.8762780196078431 0.41922303921568627 0.23390994117647057 1.0
0.8756628823529412 0.41799276470588237 0.23575535294117644 1.0
0.8750477450980392 0.4167624901960784 0.23760076470588234 1.0
0.8744326078431373 0.4155322156862745 0.23944617647058822 1.0
0.8738174705882353 0.41430194117647057 0.2412915882352941 1.0
0.8732023333333333 0.41307166666666667 0.243137 1.0
0.8725871960784314 0.4118413921568628 0.24498241176470587 1.0
0.8719720588235295 0.4106111176470588 0.24682782352941174 1.0
0.8713569215686274 0.4093808431372549 0.24867323529411764 1.0
0.8707417843137255 0.40815056862745097 0.2505186470588235 1.0
0.870588 0.4071509411764706 0.2525947647058823 1.0
0.870588 0.40622819607843136 0.25474778431372547 1.0
0.870588 0.40530545098039217 0.2569008039215686 1.0
0.870588 0.4043827058823529 0.25905382352941175 1.0
0.870588 0.40345996078431373 0.26120684313725484 1.0
0.870588 0.4025372156862745 0.26335986274509804 1.0
0.870588 0.4016144705882353 0.2655128823529412 1.0
0.870588 0.40069172549019605 0.26766590196078427 1.0
0.870588 0.39976898039215686 0.2698189215686274 1.0
0.870588 0.3988462352941176 0.27197194117647056 1.0
0.870588 0.3979234901960784 0.2741249607843137 1.0
0.870588 0.3970007450980392 0.27627798039215684 1.0
0.870588 0.396078 0.278431 1.0
0.8696653333333334 0.3951553333333333 0.2802764901960784 1.0
0.8687426666666667 0.3942326666666667 0.28212198039215686 1.0
0.86782 0.39331 0.2839674705882353 1.0
0.8668973333333334 0.3923873333333333 0.28581296078431373 1.0
0.8659746666666667 0.3914646666666666 0.2876584509803921 1.0
0.865052 0.390542 0.28950394117647055 1.0
0.8641293333333334 0.3896193333333333 0.291349431372549 1.0
0.8632066666666667 0.3886966666666667 0.29319492156862736 1.0
0.862284 0.387774 0.29504041176470586 1.0
0.8613613333333333 0.3868513333333333 0.2968859019607843 1.0
0.8604386666666667 0.38592866666666664 0.29873139215686273 1.0
0.8595160000000001 0.385006 0.30057688235294117 1.0
0.858824 0.3842370980392157 0.3024223529411765 1.0
0.858824 0.3839294901960784 0.30426776470588235 1.0
0.858824 0.38362188235294115 0.3061131764705882 1.0
0.858824 0.38331427450980393 0.3079585882352941 1.0
0.858824 0.38300666666666666 0.30980399999999997 1.0
0.858824 0.3826990588235294 0.3116494117647059 1.0
0.858824 0.3823914509803922 0.31349482352941177 1.0
0.858824 0.3820838431372549 0.31534023529411764 1.0
0.858824 0.38177623529411764 0.3171856470588235 1.0
0.858824 0.38146862745098037 0.3190310588235294 1.0
0.858824 0.38116101960784315 0.3208764705882353 1.0
0.858824 0.3808534117647059 0.32272188235294114 1.0
0.858824 0.3805458039215686 0.32456729411764706 1.0
0.8580550588235294 0.38023823529411765 0.32656650980392155 1.0
0.8565171764705882 0.37993070588235295 0.3287195294117647 1.0
0.8549792941176471 0.37962317647058824 0.33087254901960783 1.0
0.8534414117647059 0.37931564705882354 0.333025568627451 1.0
0.8519035294117647 0.37900811764705883 0.3351785882352941 1.0
0.8503656470588236 0.3787005882352941 0.33733160784313726 1.0
0.8488277647058824 0.3783930588235294 0.3394846274509804 1.0
0.8472898823529411 0.3780855294117647 0.34163764705882355 1.0
0.845752 0.377778 0.3437906666666667 1.0
0.8442141176470588 0.3774704705882353 0.34594368627450983 1.0
0.8426762352941176 0.3771629411764706 0.3480967058823529 1.0
0.8411383529411764 0.3768554117647059 0.35024972549019606 1.0
0.8396004705882353 0.3765478823529412 0.3524027450980392 1.0
0.8380625882352941 0.376471 0.3543251176470588 1.0
0.836524705882353 0.376471 0.3561706078431372 1.0
0.8349868235294118 0.376471 0.3580160980392157 1.0
0.8334489411764706 0.376471 0.3598615882352941 1.0
0.8319110588235293 0.376471 0.36170707843137256 1.0
0.8303731764705882 0.376471 0.363552568627451 1.0
0.828835294117647 0.376471 0.36539805882352944 1.0
0.8272974117647058 0.376471 0.3672435490196078 1.0
0.8257595294117647 0.376471 0.36908903921568625 1.0
0.8242216470588235 0.376471 0.3709345294117647 1.0
0.8226837647058823 0.376471 0.3727800196078431 1.0
0.8211458823529412 0.376471 0.37462550980392156 1.0
0.819608 0.376471 0.376471 1.0
