1.0 0.996078 0.941176 1.0
0.996155294117647 0.9922334901960784 0.9257973725490196 1.0
0.9923105882352942 0.9883889803921568 0.9104187450980392 1.0
0.9884658823529412 0.9845444705882352 0.8950401176470588 1.0
0.9846211764705882 0.9806999607843138 0.8796614901960784 1.0
0.9807764705882354 0.9768554509803922 0.864282862745098 1.0
0.9790078823529412 0.9741641764705882 0.8549018235294118 1.0
0.9774699738562092 0.9716010392156863 0.846187183006536 1.0
0.9759320653594772 0.9690379019607843 0.8374725424836601 1.0
0.9743941568627451 0.9664747647058823 0.8287579019607842 1.0
0.9728562483660131 0.9639116274509804 0.8200432614379085 1.0
0.9713183398692811 0.9613484901960785 0.8113286209150327 1.0
0.969780431372549 0.9587853529411765 0.8026139803921568 1.0
0.9680887450980392 0.9558633725490197 0.7937711960784313 1.0
0.9659357254901961 0.9518648627450981 0.7845439803921568 1.0
0.9637827058823529 0.9478663529411765 0.7753167647058823 1.0
0.9616296862745098 0.9438678431372549 0.7660895490196078 1.0
0.9594766666666666 0.9398693333333333 0.7568623333333333 1.0
0.9573236470588236 0.9358708235294118 0.7476351176470588 1.0
0.9551706274509804 0.9318723137254902 0.7384079019607843 1.0
0.9530176078431373 0.9278738039215686 0.7291806862745098 1.0
0.9508645882352942 0.923875294117647 0.7199534705882353 1.0
0.948711568627451 0.9198767843137254 0.7107262549019607 1.0
0.9465585490196079 0.9158782745098039 0.7014990392156862 1.0
0.9444055294117647 0.9118797647058823 0.6922718235294117 1.0
0.9422525098039216 0.9078812549019607 0.6830446078431373 1.0
0.9404070784313726 0.9043441372549019 0.6757397254901961 1.0
0.9388692352941177 0.9012684117647058 0.6703571764705882 1.0
0.9373313921568628 0.8981926862745098 0.6649746274509803 1.0
0.9357935490196079 0.8951169607843137 0.6595920784313726 1.0
0.934255705882353 0.8920412352941176 0.6542095294117647 1.0
0.932717862745098 0.8889655098039215 0.6488269803921569 1.0
0.9311800196078431 0.8858897843137254 0.643444431372549 1.0
0.9296421764705882 0.8828140588235294 0.6380618823529413 1.0
0.9281043333333333 0.8797383333333333 0.6326793333333334 1.0
0.9265664901960784 0.8766626078431372 0.6272967843137255 1.0
0.9250286470588236 0.8735868823529411 0.6219142352941176 1.0
0.9234908039215687 0.8705111568627452 0.6165316862745098 1.0
0.9219529607843138 0.867435431372549 0.6111491372549019 1.0
0.9204151176470589 0.8643597058823529 0.6057665882352941 1.0
0.9188772745098039 0.8612839803921569 0.6003840392156863 1.0
0.917339431372549 0.8582082549019608 0.5950014901960785 1.0
0.9158015882352941 0.8551325294117648 0.5896189411764706 1.0
0.9142637450980392 0.8520568039215687 0.5842363921568627 1.0
0.9127259019607843 0.8489810784313726 0.5788538431372549 1.0
0.9111880588235295 0.8459053529411765 0.5734712941176471 1.0
0.9096502156862745 0.8428296274509804 0.5680887450980392 1.0
0.9081123725490197 0.8397539019607844 0.5627061960784314 1.0
0.9065745294117648 0.8366781764705883 0.5573236470588235 1.0
0.9050366862745098 0.8336024509803922 0.5519410980392156 1.0
0.9034988431372549 0.8305267254901961 0.5465585490196079 1.0
0.901961 0.827451 0.541176 1.0
0.8999617450980393 0.8237600980392157 0.5379465098039216 1.0
0.8979624901960784 0.8200691960784314 0.5347170196078431 1.0
0.8959632352941177 0.8163782941176471 0.5314875294117647 1.0
0.8939639803921569 0.8126873921568628 0.5282580392156863 1.0
0.8919647254901961 0.8089964901960784 0.5250285490196078 1.0
0.8899654705882353 0.8053055882352942 0.5217990588235294 1.0
0.8879662156862745 0.8016146862745098 0.518569568627451 1.0
0.8859669607843137 0.7979237843137256 0.5153400784313725 1.0
0.883967705882353 0.7942328823529412 0.5121105882352941 1.0
0.8819684509803921 0.790541980392157 0.5088810980392157 1.0
0.8799691960784314 0.7868510784313726 0.5056516078431372 1.0
0.8779699411764705 0.7831601764705882 0.5024221176470588 1.0
0.8759706862745098 0.779469274509804 0.49919262745098036 1.0
0.873971431372549 0.7757783725490196 0.49596313725490193 1.0
0.8719721764705882 0.7720874705882353 0.49273364705882355 1.0
0.8699729215686274 0.768396568627451 0.4895041568627451 1.0
0.8679736666666666 0.7647056666666667 0.4862746666666667 1.0
0.8659744117647059 0.7610147647058824 0.48304517647058826 1.0
0.8639751568627451 0.757323862745098 0.4798156862745098 1.0
0.8619759019607843 0.7536329607843137 0.4765861960784314 1.0
0.8599766470588235 0.7499420588235295 0.47335670588235296 1.0
0.8579773921568628 0.7462511568627451 0.4701272156862745 1.0
0.8559781372549019 0.7425602549019609 0.46689772549019615 1.0
0.8539788823529412 0.7388693529411765 0.46366823529411766 1.0
0.8519796274509803 0.7351784509803921 0.4604387450980392 1.0
0.8499803921568627 0.7316413529411765 0.4576705882352941 1.0
0.8479811764705882 0.7282580588235295 0.45536376470588236 1.0
0.8459819607843136 0.7248747647058824 0.4530569411764706 1.0
0.8439827450980392 0.7214914705882353 0.45075011764705886 1.0
0.8419835294117647 0.7181081764705882 0.44844329411764705 1.0
0.8399843137254902 0.7147248823529413 0.44613647058823536 1.0
0.8379850980392156 0.7113415882352941 0.44382964705882355 1.0
0.8359858823529411 0.7079582941176471 0.4415228235294118 1.0
0.8339866666666667 0.7045750000000001 0.439216 1.0
0.8319874509803922 0.7011917058823529 0.43690917647058825 1.0
0.8299882352941177 0.6978084117647059 0.4346023529411765 1.0
0.8279890196078431 0.6944251176470588 0.43229552941176475 1.0
0.8259898039215686 0.6910418235294118 0.42998870588235294 1.0
0.8239905882352941 0.6876585294117648 0.42768188235294124 1.0
0.8219913725490197 0.6842752352941177 0.42537505882352944 1.0
0.8199921568627451 0.6808919411764707 0.4230682352941177 1.0
0.8179929411764706 0.6775086470588235 0.4207614117647059 1.0
0.8159937254901961 0.6741253529411765 0.41845458823529413 1.0
0.8139945098039216 0.6707420588235294 0.4161477647058824 1.0
0.811995294117647 0.6673587647058824 0.41384094117647063 1.0
0.8099960784313726 0.6639754705882354 0.41153411764705883 1.0
0.8079968627450981 0.6605921764705883 0.40922729411764713 1.0
0.8059976470588236 0.6572088823529412 0.40692047058823533 1.0
0.803998431372549 0.6538255882352941 0.4046136470588236 1.0
0.8019992156862745 0.6504422941176471 0.4023068235294118 1.0
0.8 0.647059 0.4 1.0
0.7984621176470589 0.6436756666666668 0.3980007843137255 1.0
0.7969242352941177 0.6402923333333334 0.396001568627451 1.0
0.7953863529411765 0.6369090000000001 0.39400235294117647 1.0
0.7938484705882354 0.6335256666666668 0.392003137254902 1.0
0.7923105882352942 0.6301423333333334 0.39000392156862745 1.0
0.7907727058823529 0.6267590000000001 0.388004705882353 1.0
0.7892348235294118 0.6233756666666667 0.38600549019607844 1.0
0.7876969411764706 0.6199923333333334 0.38400627450980396 1.0
0.7861590588235294 0.616609 0.3820070588235294 1.0
0.7846211764705883 0.6132256666666667 0.3800078431372549 1.0
0.7830832941176471 0.6098423333333334 0.3780086274509804 1.0
0.7815454117647059 0.6064590000000001 0.3760094117647059 1.0
0.7800075294117648 0.6030756666666667 0.3740101960784314 1.0
0.7784696470588236 0.5996923333333333 0.37201098039215685 1.0
0.7769317647058824 0.596309 0.3700117647058824 1.0
0.7753938823529412 0.5929256666666667 0.36801254901960784 1.0
0.773856 0.5895423333333333 0.36601333333333336 1.0
0.7723181176470588 0.586159 0.3640141176470588 1.0
0.7707802352941177 0.5827756666666666 0.36201490196078434 1.0
0.7692423529411765 0.5793923333333334 0.36001568627450986 1.0
0.7677044705882353 0.576009 0.35801647058823527 1.0
0.7661665882352942 0.5726256666666666 0.3560172549019608 1.0
0.764628705882353 0.5692423333333333 0.35401803921568625 1.0
0.7630908235294118 0.565859 0.3520188235294118 1.0
0.7615529411764707 0.5624756666666666 0.35001960784313724 1.0
0.7592461568627451 0.5587847843137255 0.34748211764705883 1.0
0.7561704705882353 0.5547863529411764 0.3444063529411765 1.0
0.7530947843137255 0.5507879215686274 0.3413305882352941 1.0
0.7500190980392157 0.5467894901960784 0.3382548235294118 1.0
0.746943411764706 0.5427910588235295 0.3351790588235295 1.0
0.7438677254901961 0.5387926274509803 0.33210329411764705 1.0
0.7407920392156863 0.5347941960784314 0.3290275294117647 1.0
0.7377163529411764 0.5307957647058823 0.3259517647058824 1.0
0.7346406666666667 0.5267973333333333 0.322876 1.0
0.7315649803921569 0.5227989019607844 0.31980023529411766 1.0
0.7284892941176471 0.5188004705882353 0.31672447058823533 1.0
0.7254136078431372 0.5148020392156863 0.31364870588235294 1.0
0.7223379215686274 0.5108036078431373 0.3105729411764706 1.0
0.7197235294117648 0.5070358235294118 0.3077278823529412 1.0
0.7172629019607843 0.5033449215686275 0.3049597254901961 1.0
0.7148022745098039 0.49965401960784317 0.302191568627451 1.0
0.7123416470588235 0.49596311764705886 0.2994234117647059 1.0
0.7098810196078431 0.49227221568627455 0.29665525490196076 1.0
0.7074203921568628 0.48858131372549024 0.2938870980392157 1.0
0.7049597647058824 0.48489041176470593 0.2911189411764706 1.0
0.7024991372549021 0.4811995098039217 0.28835078431372557 1.0
0.7000385098039216 0.47750860784313726 0.2855826274509804 1.0
0.6975778823529412 0.47381770588235295 0.2828144705882353 1.0
0.6951172549019609 0.47012680392156864 0.28004631372549016 1.0
0.6926566274509804 0.4664359019607843 0.2772781568627451 1.0
0.690196 0.462745 0.27451 1.0
0.6877354509803922 0.4599768431372549 0.27512513725490195 1.0
0.6852749019607843 0.45720868627450983 0.27574027450980393 1.0
0.6828143529411765 0.4544405294117647 0.27635541176470585 1.0
0.6803538039215686 0.45167237254901965 0.2769705490196078 1.0
0.6778932549019608 0.44890421568627453 0.2775856862745098 1.0
0.6754327058823529 0.4461360588235294 0.2782008235294118 1.0
0.6729721568627451 0.44336790196078435 0.2788159607843137 1.0
0.6705116078431372 0.44059974509803923 0.2794310980392157 1.0
0.6680510588235294 0.4378315882352941 0.28004623529411765 1.0
0.6655905098039215 0.43506343137254905 0.2806613725490196 1.0
0.6631299607843137 0.43229527450980404 0.28127650980392155 1.0
0.6606694117647058 0.42952711764705886 0.2818916470588235 1.0
0.6582857450980392 0.42698964705882353 0.2825067843137255 1.0
0.6561327254901961 0.42514423529411766 0.2831219215686275 1.0
0.6539797058823529 0.4232988235294118 0.28373705882352945 1.0
0.6518266862745098 0.4214534117647059 0.2843521960784314 1.0
0.6496736666666666 0.41960800000000004 0.28496733333333335 1.0
0.6475206470588235 0.4177625882352941 0.2855824705882353 1.0
0.6453676274509803 0.41591717647058823 0.28619760784313725 1.0
0.6432146078431372 0.41407176470588236 0.2868127450980392 1.0
0.6410615882352941 0.4122263529411765 0.2874278823529412 1.0
0.6389085686274509 0.4103809411764706 0.2880430196078432 1.0
0.6367555490196078 0.40853552941176474 0.2886581568627451 1.0
0.6346025294117646 0.4066901176470588 0.2892732941176471 1.0
0.6324495098039216 0.40484470588235294 0.28988843137254905 1.0
0.6301426862745098 0.4029992549019608 0.2903498039215686 1.0
0.6276820588235295 0.40115376470588243 0.2906574117647059 1.0
0.6252214313725489 0.39930827450980394 0.29096501960784316 1.0
0.6227608039215686 0.3974627843137255 0.29127262745098037 1.0
0.6203001764705882 0.39561729411764707 0.29158023529411764 1.0
0.6178395490196078 0.39377180392156863 0.2918878431372549 1.0
0.6153789215686274 0.3919263137254902 0.2921954509803922 1.0
0.612918294117647 0.39008082352941176 0.2925030588235294 1.0
0.6104576666666667 0.3882353333333333 0.29281066666666666 1.0
0.6079970392156863 0.3863898431372549 0.29311827450980393 1.0
0.6055364117647059 0.3845443529411765 0.29342588235294115 1.0
0.6030757843137254 0.38269886274509807 0.2937334901960784 1.0
0.600615156862745 0.38085337254901963 0.2940410980392157 1.0
0.5970011764705883 0.37877723529411766 0.2936566470588235 1.0
0.5930027450980392 0.3766242156862745 0.2930415098039216 1.0
0.5890043137254901 0.3744711960784314 0.2924263725490196 1.0
0.5850058823529412 0.37231817647058824 0.2918112352941176 1.0
0.5810074509803922 0.37016515686274515 0.2911960980392157 1.0
0.5770090196078431 0.36801213725490195 0.2905809607843137 1.0
0.573010588235294 0.3658591176470588 0.28996582352941175 1.0
0.5690121568627451 0.3637060980392157 0.2893506862745098 1.0
0.565013725490196 0.3615530784313726 0.28873554901960785 1.0
0.5610152941176471 0.35940005882352943 0.2881204117647059 1.0
0.557016862745098 0.3572470392156863 0.2875052745098039 1.0
0.553018431372549 0.35509401960784315 0.286890137254902 1.0
0.54902 0.352941 0.286275 1.0
0.5459442352941176 0.35078798039215686 0.28596739215686273 1.0
0.5428684705882353 0.3486349607843137 0.2856597843137255 1.0
0.539792705882353 0.3464819411764706 0.28535217647058825 1.0
0.5367169411764706 0.34432892156862743 0.285044568627451 1.0
0.5336411764705882 0.3421759019607843 0.2847369607843137 1.0
0.5305654117647058 0.3400228823529412 0.2844293529411765 1.0
0.5274896470588235 0.33786986274509806 0.2841217450980392 1.0
0.5244138823529413 0.33571684313725497 0.283814137254902 1.0
0.5213381176470588 0.3335638235294118 0.28350652941176474 1.0
0.5182623529411765 0.33141080392156863 0.28319892156862747 1.0
0.5151865882352942 0.3292577843137255 0.2828913137254902 1.0
0.5121108235294118 0.32710476470588234 0.282583705882353 1.0
0.5090350588235294 0.3250286470588235 0.28219921568627454 1.0
0.5059592941176471 0.32318323529411763 0.28158407843137256 1.0
0.5028835294117647 0.32133782352941176 0.2809689411764706 1.0
0.4998077647058824 0.3194924117647059 0.2803538039215686 1.0
0.496732 0.317647 0.2797386666666667 1.0
0.4936562352941177 0.3158015882352941 0.2791235294117647 1.0
0.49058047058823534 0.3139561764705882 0.27850839215686274 1.0
0.48750470588235295 0.31211076470588234 0.27789325490196076 1.0
0.4844289411764706 0.31026535294117646 0.27727811764705884 1.0
0.48135317647058823 0.3084199411764706 0.27666298039215687 1.0
0.4782774117647059 0.30657452941176466 0.2760478431372549 1.0
0.4752016470588236 0.30472911764705884 0.2754327058823529 1.0
0.4721258823529412 0.3028837058823529 0.27481756862745094 1.0
0.4690501568627451 0.30088449019607844 0.27404862745098035 1.0
0.4659744705882353 0.2987314705882353 0.27312588235294116 1.0
0.4628987843137255 0.29657845098039215 0.2722031372549019 1.0
0.45982309803921567 0.294425431372549 0.2712803921568627 1.0
0.4567474117647059 0.29227241176470586 0.27035764705882354 1.0
0.4536717254901961 0.2901193921568627 0.2694349019607843 1.0
0.4505960392156863 0.2879663725490196 0.2685121568627451 1.0
0.4475203529411765 0.28581335294117644 0.26758941176470585 1.0
0.44444466666666665 0.2836603333333333 0.26666666666666666 1.0
0.4413689803921569 0.28150731372549015 0.2657439215686275 1.0
0.43829329411764706 0.27935429411764706 0.2648211764705882 1.0
0.43521760784313723 0.2772012745098039 0.26389843137254904 1.0
0.43214192156862746 0.2750482549019608 0.2629756862745098 1.0
0.42837411764705885 0.2733565882352941 0.26182229411764707 1.0
0.4243756078431374 0.27181870588235296 0.2605920196078432 1.0
0.4203770980392157 0.27028082352941174 0.2593617450980392 1.0
0.4163785882352941 0.2687429411764706 0.2581314705882353 1.0
0.41238007843137253 0.2672050588235294 0.25690119607843137 1.0
0.408381568627451 0.26566717647058824 0.2556709215686275 1.0
0.40438305882352943 0.2641292941176471 0.2544406470588235 1.0
0.40038454901960785 0.2625914117647059 0.2532103725490196 1.0
0.39638603921568627 0.2610535294117647 0.25198009803921567 1.0
0.3923875294117647 0.2595156470588235 0.2507498235294118 1.0
0.38838901960784317 0.25797776470588235 0.24951954901960785 1.0
0.3843905098039216 0.2564398823529412 0.24828927450980393 1.0
0.380392 0.254902 0.247059 1.0
