1.0 1.0 0.988235 1.0
0.9993720473856209 0.9995290155228758 0.9824263382352941 1.0
0.9980905114379085 0.9985678227124183 0.9705719264705882 1.0
0.9968089754901961 0.9976066299019608 0.9587175147058823 1.0
0.9955274395424837 0.9966454370915032 0.9468631029411765 1.0
0.9942459035947713 0.9956842442810457 0.9350086911764706 1.0
0.9929643676470589 0.9947230514705883 0.9231542794117646 1.0
0.9916828316993465 0.9937618586601307 0.9112998676470588 1.0
0.990401295751634 0.9928006658496732 0.8994454558823529 1.0
0.9891197598039216 0.9918394730392157 0.8875910441176471 1.0
0.9878382238562091 0.9908782802287581 0.8757366323529412 1.0
0.9865566879084967 0.9899170874183006 0.8638822205882353 1.0
0.9852751519607843 0.9889558946078432 0.8520278088235295 1.0
0.9843908823529411 0.988235 0.8411377647058824 1.0
0.9846984117647058 0.988235 0.8331408235294118 1.0
0.9850059411764706 0.988235 0.8251438823529412 1.0
0.9853134705882353 0.988235 0.8171469411764706 1.0
0.985621 0.988235 0.80915 1.0
0.9859285294117647 0.988235 0.8011530588235294 1.0
0.9862360588235294 0.988235 0.7931561176470588 1.0
0.9865435882352941 0.988235 0.7851591764705882 1.0
0.9868511176470588 0.988235 0.7771622352941177 1.0
0.9871586470588235 0.988235 0.769165294117647 1.0
0.9874661764705882 0.988235 0.7611683529411765 1.0
0.9877737058823529 0.988235 0.7531714117647058 1.0
0.9880812352941176 0.988235 0.7451744705882353 1.0
0.987927431372549 0.9874660588235293 0.7377927058823529 1.0
0.9873122941176471 0.9859281764705882 0.7310261176470588 1.0
0.9866971568627451 0.984390294117647 0.7242595294117646 1.0
0.9860820196078431 0.9828524117647058 0.7174929411764706 1.0
0.9854668823529412 0.9813145294117647 0.7107263529411765 1.0
0.9848517450980392 0.9797766470588235 0.7039597647058823 1.0
0.9842366078431373 0.9782387647058823 0.6971931764705882 1.0
0.9836214705882353 0.9767008823529412 0.6904265882352941 1.0
0.9830063333333333 0.975163 0.6836599999999999 1.0
0.9823911960784314 0.9736251176470588 0.6768934117647059 1.0
0.9817760588235295 0.9720872352941177 0.6701268235294118 1.0
0.9811609215686274 0.9705493529411765 0.6633602352941177 1.0
0.9805457843137255 0.9690114705882353 0.6565936470588235 1.0
0.980392 0.9672429411764706 0.6502884117647059 1.0
0.980392 0.9653975294117647 0.6441369607843137 1.0
0.980392 0.9635521176470588 0.6379855098039215 1.0
0.980392 0.961706705882353 0.6318340588235294 1.0
0.980392 0.9598612941176471 0.6256826078431372 1.0
0.980392 0.9580158823529412 0.6195311568627451 1.0
0.980392 0.9561704705882353 0.6133797058823529 1.0
0.980392 0.9543250588235295 0.6072282549019608 1.0
0.980392 0.9524796470588235 0.6010768039215686 1.0
0.980392 0.9506342352941176 0.5949253529411764 1.0
0.980392 0.9487888235294117 0.5887739019607843 1.0
0.980392 0.9469434117647059 0.5826224509803921 1.0
0.980392 0.945098 0.576471 1.0
0.9794692549019608 0.9420222352941177 0.5693968039215686 1.0
0.9785465098039217 0.9389464705882353 0.5623226078431373 1.0
0.9776237647058824 0.9358707058823529 0.5552484117647059 1.0
0.9767010196078432 0.9327949411764705 0.5481742156862744 1.0
0.9757782745098039 0.9297191764705882 0.5411000196078432 1.0
0.9748555294117648 0.9266434117647059 0.5340258235294117 1.0
0.9739327843137255 0.9235676470588235 0.5269516274509803 1.0
0.9730100392156863 0.9204918823529411 0.519877431372549 1.0
0.972087294117647 0.9174161176470588 0.5128032352941176 1.0
0.9711645490196079 0.9143403529411764 0.5057290392156863 1.0
0.9702418039215687 0.9112645882352941 0.4986548431372549 1.0
0.9693190588235294 0.9081888235294118 0.49158064705882354 1.0
0.968627 0.9050361764705882 0.4843526470588235 1.0
0.968627 0.9016528823529412 0.47666323529411764 1.0
0.968627 0.8982695882352941 0.46897382352941186 1.0
0.968627 0.894886294117647 0.4612844117647059 1.0
0.968627 0.8915029999999999 0.453595 1.0
0.968627 0.8881197058823529 0.44590558823529414 1.0
0.968627 0.8847364117647059 0.43821617647058825 1.0
0.968627 0.8813531176470588 0.43052676470588236 1.0
0.968627 0.8779698235294118 0.42283735294117647 1.0
0.968627 0.8745865294117647 0.4151479411764706 1.0
0.968627 0.8712032352941177 0.4074585294117648 1.0
0.968627 0.8678199411764705 0.3997691176470588 1.0
0.968627 0.8644366470588235 0.39207970588235297 1.0
0.968319431372549 0.8604382156862745 0.384236568627451 1.0
0.967704294117647 0.8558246470588236 0.37623970588235295 1.0
0.9670891568627451 0.8512110784313726 0.3682428431372549 1.0
0.9664740196078432 0.8465975098039216 0.3602459803921569 1.0
0.9658588823529412 0.8419839411764706 0.3522491176470588 1.0
0.9652437450980392 0.8373703725490197 0.3442522549019609 1.0
0.9646286078431372 0.8327568039215686 0.33625539215686273 1.0
0.9640134705882353 0.8281432352941176 0.3282585294117647 1.0
0.9633983333333334 0.8235296666666667 0.32026166666666667 1.0
0.9627831960784313 0.8189160980392157 0.31226480392156863 1.0
0.9621680588235294 0.8143025294117647 0.3042679411764706 1.0
0.9615529215686274 0.8096889607843137 0.29627107843137257 1.0
0.9609377843137255 0.8050753921568627 0.28827421568627454 1.0
0.960092 0.8002310588235295 0.28235341176470596 1.0
0.9591693333333333 0.7953098039215687 0.2771246274509804 1.0
0.9582466666666667 0.7903885490196079 0.2718958431372549 1.0
0.957324 0.785467294117647 0.2666670588235294 1.0
0.9564013333333333 0.7805460392156862 0.26143827450980395 1.0
0.9554786666666666 0.7756247843137255 0.2562094901960784 1.0
0.954556 0.7707035294117647 0.25098070588235294 1.0
0.9536333333333333 0.7657822745098039 0.24575192156862746 1.0
0.9527106666666667 0.7608610196078431 0.24052313725490204 1.0
0.951788 0.7559397647058823 0.23529435294117648 1.0
0.9508653333333333 0.7510185098039215 0.23006556862745098 1.0
0.9499426666666666 0.7460972549019608 0.2248367843137255 1.0
0.94902 0.741176 0.219608 1.0
0.9484047843137254 0.7362548235294117 0.21407168627450981 1.0
0.947789568627451 0.7313336470588235 0.2085353725490196 1.0
0.9471743529411765 0.7264124705882352 0.20299905882352942 1.0
0.9465591372549019 0.7214912941176471 0.1974627450980393 1.0
0.9459439215686274 0.7165701176470588 0.19192643137254903 1.0
0.945328705882353 0.7116489411764706 0.18639011764705882 1.0
0.9447134901960784 0.7067277647058823 0.18085380392156863 1.0
0.9440982745098039 0.7018065882352941 0.17531749019607845 1.0
0.9434830588235295 0.6968854117647059 0.16978117647058824 1.0
0.9428678431372549 0.6919642352941177 0.16424486274509806 1.0
0.9422526274509804 0.6870430588235295 0.15870854901960785 1.0
0.941637411764706 0.6821218823529412 0.15317223529411772 1.0
0.9409453333333333 0.6770469215686274 0.14794349019607844 1.0
0.9400226666666667 0.6715106078431372 0.14363745098039216 1.0
0.9391 0.6659742941176471 0.1393314117647059 1.0
0.9381773333333333 0.6604379803921568 0.1350253725490196 1.0
0.9372546666666667 0.6549016666666667 0.13071933333333335 1.0
0.936332 0.6493653529411765 0.12641329411764707 1.0
0.9354093333333333 0.6438290392156862 0.12210725490196078 1.0
0.9344866666666667 0.6382927254901962 0.11780121568627458 1.0
0.9335640000000001 0.6327564117647059 0.11349517647058824 1.0
0.9326413333333333 0.6272200980392157 0.10918913725490195 1.0
0.9317186666666667 0.6216837843137255 0.10488309803921568 1.0
0.9307960000000001 0.6161474705882353 0.10057705882352941 1.0
0.9298733333333333 0.6106111568627451 0.09627101960784312 1.0
0.9291044313725491 0.6053824117647059 0.09258011764705881 1.0
0.928489294117647 0.6004612352941177 0.08950435294117647 1.0
0.9278741568627451 0.5955400588235295 0.08642858823529412 1.0
0.9272590196078432 0.5906188823529411 0.08335282352941176 1.0
0.9266438823529412 0.585697705882353 0.08027705882352949 1.0
0.9260287450980392 0.5807765294117647 0.07720129411764706 1.0
0.9254136078431372 0.5758553529411765 0.0741255294117647 1.0
0.9247984705882353 0.5709341764705882 0.07104976470588235 1.0
0.9241833333333334 0.566013 0.067974 1.0
0.9235681960784313 0.5610918235294118 0.06489823529411765 1.0
0.9229530588235294 0.5561706470588235 0.06182247058823529 1.0
0.9223379215686274 0.5512494705882353 0.05874670588235294 1.0
0.9217227843137255 0.546328294117647 0.05567094117647059 1.0
0.9208769411764706 0.5416378235294117 0.05374858823529412 1.0
0.9199541960784313 0.5370242549019607 0.05221070588235294 1.0
0.9190314509803921 0.5324106862745098 0.05067282352941176 1.0
0.9181087058823529 0.5277971176470588 0.04913494117647059 1.0
0.9171859607843137 0.5231835490196078 0.04759705882352941 1.0
0.9162632156862744 0.5185699803921568 0.046059176470588235 1.0
0.9153404705882352 0.5139564117647059 0.04452129411764706 1.0
0.9144177254901961 0.5093428431372551 0.04298341176470592 1.0
0.9134949803921568 0.5047292745098039 0.04144552941176471 1.0
0.9125722352941176 0.500115705882353 0.039907647058823534 1.0
0.9116494901960783 0.495502137254902 0.03836976470588235 1.0
0.9107267450980392 0.490888568627451 0.03683188235294117 1.0
0.909804 0.486275 0.035294 1.0
0.9082661176470588 0.48043107843137256 0.034063725490196074 1.0
0.9067282352941176 0.4745871568627451 0.032833450980392156 1.0
0.9051903529411764 0.46874323529411765 0.03160317647058823 1.0
0.9036524705882353 0.4628993137254902 0.030372901960784314 1.0
0.9021145882352941 0.45705539215686275 0.029142627450980393 1.0
0.900576705882353 0.4512114705882353 0.02791235294117647 1.0
0.8990388235294118 0.44536754901960784 0.026682078431372547 1.0
0.8975009411764706 0.4395236274509804 0.02545180392156863 1.0
0.8959630588235293 0.43367970588235294 0.024221529411764704 1.0
0.8944251764705882 0.4278357843137255 0.022991254901960786 1.0
0.8928872941176471 0.4219918627450982 0.021760980392156896 1.0
0.8913494117647058 0.4161479411764706 0.020530705882352944 1.0
0.8884274509803921 0.409688862745098 0.019223529411764705 1.0
0.8813532549019608 0.4013843137254902 0.017685647058823528 1.0
0.8742790588235294 0.39307976470588235 0.016147764705882355 1.0
0.867204862745098 0.3847752156862745 0.014609882352941177 1.0
0.8601306666666667 0.3764706666666667 0.013072 1.0
0.8530564705882353 0.3681661176470588 0.011534117647058825 1.0
0.8459822745098039 0.359861568627451 0.009996235294117648 1.0
0.8389080784313726 0.35155701960784314 0.00845835294117647 1.0
0.8318338823529412 0.34325247058823527 0.0069204705882352936 1.0
0.8247596862745098 0.33494792156862746 0.005382588235294118 1.0
0.8176854901960785 0.3266433725490196 0.003844705882352941 1.0
0.8106112941176471 0.3183388235294118 0.002306823529411764 1.0
0.8035370980392157 0.3100342745098039 0.0007689411764705868 1.0
0.7984621176470589 0.30326764705882353 0.0 1.0
0.7953863529411765 0.29803894117647073 0.0 1.0
0.7923105882352942 0.29281023529411765 0.0 1.0
0.7892348235294118 0.2875815294117647 0.0 1.0
0.7861590588235294 0.28235282352941177 0.0 1.0
0.7830832941176471 0.2771241176470588 0.0 1.0
0.7800075294117648 0.2718954117647059 0.0 1.0
0.7769317647058824 0.266666705882353 0.0 1.0
0.773856 0.261438 0.0 1.0
0.7707802352941177 0.25620929411764704 0.0 1.0
0.7677044705882353 0.2509805882352941 0.0 1.0
0.764628705882353 0.24575188235294118 0.0 1.0
0.7615529411764707 0.24052317647058824 0.0 1.0
0.7559397058823529 0.23575576470588236 0.0006920588235294117 1.0
0.7494806470588236 0.23114211764705883 0.0016148039215686276 1.0
0.7430215882352942 0.2265284705882353 0.002537549019607843 1.0
0.7365625294117647 0.22191482352941178 0.003460294117647059 1.0
0.7301034705882354 0.2173011764705884 0.004383039215686248 1.0
0.7236444117647058 0.21268752941176472 0.00530578431372549 1.0
0.7171853529411765 0.2080738823529412 0.006228529411764706 1.0
0.7107262941176471 0.20346023529411766 0.00715127450980392 1.0
0.7042672352941176 0.1988465882352941 0.008074019607843137 1.0
0.6978081764705882 0.1942329411764706 0.008996764705882352 1.0
0.6913491176470589 0.18961929411764705 0.009919509803921568 1.0
0.6848900588235294 0.18500564705882352 0.010842254901960783 1.0
0.678431 0.180392 0.011765 1.0
0.6722795490196078 0.175778431372549 0.012687666666666667 1.0
0.6661280980392157 0.17116486274509804 0.013610333333333334 1.0
0.6599766470588235 0.16655129411764705 0.014533 1.0
0.6538251960784314 0.16193772549019608 0.015455666666666666 1.0
0.6476737450980392 0.1573241568627451 0.016378333333333335 1.0
0.641522294117647 0.15271058823529413 0.017301 1.0
0.6353708431372549 0.14809701960784313 0.018223666666666666 1.0
0.629219392156863 0.14348345098039228 0.019146333333333307 1.0
0.6230679411764706 0.13886988235294118 0.020069000000000004 1.0
0.6169164901960784 0.13425631372549018 0.020991666666666665 1.0
0.6107650392156863 0.12964274509803922 0.021914333333333334 1.0
0.6046135882352941 0.12502917647058823 0.022837000000000003 1.0
0.5980776666666666 0.12026180392156863 0.02368280392156863 1.0
0.5903883333333333 0.11503301960784314 0.024298019607843137 1.0
0.582699 0.10980423529411765 0.02491323529411765 1.0
0.5750096666666666 0.10457545098039216 0.025528450980392157 1.0
0.5673203333333333 0.09934666666666667 0.026143666666666666 1.0
0.559631 0.09411788235294118 0.026758882352941177 1.0
0.5519416666666667 0.08888909803921569 0.027374098039215686 1.0
0.5442523333333333 0.08366031372549018 0.027989313725490197 1.0
0.536563 0.0784315294117647 0.028604529411764706 1.0
0.5288736666666667 0.0732027450980392 0.029219745098039214 1.0
0.5211843333333334 0.06797396078431373 0.029834960784313726 1.0
0.5134950000000003 0.06274517647058839 0.030450176470588217 1.0
0.5058056666666666 0.05751639215686273 0.031065392156862742 1.0
0.4979625294117647 0.05428686274509804 0.03244950980392157 1.0
0.4899655882352941 0.05305658823529412 0.034602529411764706 1.0
0.48196864705882353 0.051826313725490195 0.03675554901960784 1.0
0.47397170588235293 0.05059603921568628 0.03890856862745098 1.0
0.46597476470588234 0.04936576470588235 0.041061588235294114 1.0
0.45797782352941174 0.048135490196078434 0.04321460784313726 1.0
0.4499808823529412 0.04690521568627451 0.04536762745098039 1.0
0.4419839411764706 0.045674941176470585 0.04752064705882353 1.0
0.433987 0.04444466666666667 0.049673666666666665 1.0
0.4259900588235294 0.04321439215686275 0.0518266862745098 1.0
0.4179931176470588 0.041984117647058825 0.053979705882352944 1.0
0.4099961764705883 0.0407538431372549 0.05613272549019608 1.0
0.4019992352941177 0.03952356862745098 0.058285745098039216 1.0
0.394233 0.03967735294117647 0.06066941176470588 1.0
0.3865436666666669 0.04029249019607842 0.06312996078431365 1.0
0.37885433333333335 0.040907627450980394 0.06559050980392157 1.0
0.371165 0.041522764705882356 0.06805105882352941 1.0
0.36347566666666664 0.04213790196078431 0.07051160784313726 1.0
0.3557863333333333 0.042753039215686274 0.0729721568627451 1.0
0.348097 0.043368176470588236 0.07543270588235294 1.0
0.34040766666666666 0.04398331372549019 0.07789325490196078 1.0
0.33271833333333334 0.044598450980392154 0.08035380392156863 1.0
0.325029 0.045213588235294117 0.08281435294117646 1.0
0.3173396666666667 0.04582872549019608 0.08527490196078431 1.0
0.3096503333333333 0.046443862745098034 0.08773545098039215 1.0
0.301961 0.047059 0.090196 1.0
