0.6583083928922511 0.4699391690315134 0.049412882039880514 1.0
0.6643374189373471 0.46620190085699914 0.05766473450402212 1.0
0.6702086925052345 0.46248013812197347 0.06534560309537774 1.0
0.6760429905334627 0.4586983759956768 0.07273174322210871 1.0
0.6817522846284525 0.45491406518365857 0.07979261956680192 1.0
0.6874028047282802 0.45108416699146164 0.08667102950867148 1.0
0.6929504980948593 0.4472389296506211 0.09335868960148416 1.0
0.6984261912087648 0.44335767859270975 0.09992839268327722 1.0
0.703812298103658 0.43945327623494196 0.10638710456409153 1.0
0.7091206923190102 0.43551765251075164 0.11277174492526129 1.0
0.7143452449012381 0.4315557562030358 0.11909347894488201 1.0
0.719492886167469 0.42756271716942534 0.12537605909550567 1.0
0.7245561927479047 0.42354469712694476 0.13162325163040184 1.0
0.7295489482895209 0.4194909849233816 0.13786304834928925 1.0
0.7344517242247445 0.4154177405103108 0.1440803933719045 1.0
0.7392949550641366 0.41129973270231646 0.15032217369689652 1.0
0.7440383351241328 0.40717157728701464 0.15654334618457774 1.0
0.7487369523694535 0.40298519078153844 0.1628228161295872 1.0
0.7533231937521204 0.3988010690198531 0.1690756638056753 1.0
0.757880829458417 0.39454245113365893 0.17542179240724645 1.0
0.7623326022156786 0.3902809567197497 0.18175915385304972 1.0
0.7667320478995348 0.3859654943537604 0.18816818750435574 1.0
0.7710524721820764 0.3816214148216601 0.19461531935768323 1.0
0.7752952778457107 0.37724732465234423 0.20110652089453313 1.0
0.7794866593781552 0.37281508501003746 0.20768729536527986 1.0
0.7835853362619956 0.3683677247727679 0.21429736419923312 1.0
0.7876376313731142 0.3638539950288946 0.22101647574769157 1.0
0.791611338580113 0.3593080404226161 0.22779740120972708 1.0
0.7955060552511122 0.3547298979176855 0.23464352602513328 1.0
0.7993539838133076 0.350079592948278 0.24161831934817674 1.0
0.8031167084780931 0.3454015163918872 0.2486589162182154 1.0
0.8068103261859892 0.34067452251016733 0.2558007514596663 1.0
0.810445204300121 0.33588248413119826 0.26307221680712517 1.0
0.8139968010634673 0.3310553831960054 0.27043182607116384 1.0
0.8174768947816701 0.326175263767442 0.27791096190178977 1.0
0.8208941481936247 0.32122628895772215 0.2855384604486081 1.0
0.8242271261613037 0.31623619858503127 0.29327616777754645 1.0
0.827476613752066 0.31120154334534605 0.301133878848415 1.0
0.830663985673088 0.306084594050486 0.30917578518289646 1.0
0.8337630658888239 0.3009224359536462 0.3173492086215453 1.0
0.8367728587568071 0.29571346125901293 0.3256619937531243 1.0
0.8396969301670654 0.2904472328682124 0.33413664977096524 1.0
0.8425387334318171 0.28511150769905563 0.34279961933461794 1.0
0.8452829693062084 0.2797291658336165 0.3516207809735176 1.0
0.847927041457697 0.27430045181682494 0.3606068061808917 1.0
0.8504679257105772 0.2688262350691852 0.369763947698834 1.0
0.8529105574510704 0.26328858740389915 0.3791311611530528 1.0
0.8552420044048544 0.2577088839643039 0.38868216960929264 1.0
0.8574567263211507 0.25209366588611076 0.3984160108673813 1.0
0.8595502320723124 0.2464473708549378 0.4083362533435646 1.0
0.8615176695665305 0.24077563495054188 0.41844557124131065 1.0
0.8633539245616505 0.2350852138633326 0.428746057324096 1.0
0.8650568452189219 0.22937287681111934 0.4392600781097818 1.0
0.866616063146288 0.2236630759123472 0.44996126603895287 1.0
0.86802577871968 0.21796785248131656 0.4608475800597766 1.0
0.8692800281403406 0.2123013227323139 0.4719155444862357 1.0
0.8703727414475562 0.20667988075059557 0.48316015406900364 1.0
0.8712978068076888 0.20112239841194773 0.49457479396024123 1.0
0.8720491402648608 0.19565041287438528 0.5061511790861613 1.0
0.8726207597696475 0.19028828890129515 0.5178793172539123 1.0
0.8730068619526128 0.1850633392111823 0.5297474998646169 1.0
0.8732018998073338 0.1800058813906028 0.5417423233741459 1.0
0.8732006592202998 0.17514920497408937 0.5538487436526325 1.0
0.8729983321570819 0.17052941773248295 0.5660501641838993 1.0
0.872590584303369 0.16618513709641022 0.5783285576821829 1.0
0.8719736126526836 0.16215697961969439 0.5906646606873059 1.0
0.8711441430703839 0.15848666807565615 0.6030388085538075 1.0
0.8700996606911847 0.15521686624774564 0.6154284378630663 1.0
0.8688382315166472 0.1523889228568966 0.6278117548576561 1.0
0.867358580349129 0.15004198704342772 0.6401665059420837 1.0
0.865660095360936 0.1482114935188817 0.652470217110053 1.0
0.8637428203708293 0.1469276207331668 0.6647004334019646 1.0
0.8616074355850228 0.14621385657009542 0.6768349518289993 1.0
0.8592552279603 0.14608581817388192 0.6888520417478361 1.0
0.8566880526588372 0.14655046013781461 0.700730647494751 1.0
0.8539082940810565 0.1476057634824318 0.7124505416663439 1.0
0.8509188132430276 0.1492409439214724 0.7239924974090547 1.0
0.8477228732160005 0.15143716720209233 0.7353384896921373 1.0
0.8443240935674275 0.15416865066798288 0.7464717393223648 1.0
0.8407263939629992 0.15740403145530005 0.7573767829039294 1.0
0.836933938671934 0.16110785555201962 0.7680395184197364 1.0
0.8329510832270687 0.16524205278413076 0.7784472273410005 1.0
0.8287823240288615 0.1697672910052525 0.7885885755886977 1.0
0.824432251450923 0.1746441391323516 0.7984535959358352 1.0
0.819905506792667 0.17983400469295277 0.8080336545530442 1.0
0.8152067432395496 0.18529984144062323 0.8173214043862718 1.0
0.810340590836927 0.19100664375724907 0.8263107279415592 1.0
0.8053117579051806 0.19692160106095102 0.8349964504885767 1.0
0.8001246695316601 0.20301465242045108 0.8433748621071934 1.0
0.7947836730093801 0.20925826146364818 0.8514431956464665 1.0
0.7892930180385833 0.21562737371598323 0.8591995655348122 1.0
0.7836568069717744 0.22209935504432815 0.8666429444356051 1.0
0.7778789796122015 0.22865385510890485 0.8737730828797295 1.0
0.771963300246596 0.23527264964650968 0.8805904299224874 1.0
0.7659133466040327 0.24193947353152773 0.8870960555269299 1.0
0.7597325004651534 0.24863985303942493 0.893291575192643 1.0
0.7534239396834068 0.25536094296427164 0.8991790771963389 1.0
0.7469906314200031 0.262091372136689 0.9047610526867282 1.0
0.7404353264352246 0.26882109934189014 0.9100403287788533 1.0
0.7337605543192735 0.2755412805372749 0.9150200047193098 1.0
0.7269686195850668 0.28224414751325927 0.9197033911407091 1.0
0.7200615985827201 0.28892289764367235 0.9240939523881464 1.0
0.7130413372306517 0.2955715940634778 0.92819525187961 1.0
0.7059094495911269 0.30218507543776596 0.9320109004535764 1.0
0.698667317348764 0.3087588744057577 0.9355445076582962 1.0
0.6913160902792204 0.3152891437666023 0.938799635946597 1.0
0.6838566878221143 0.32177258949800003 0.9417797577558794 1.0
0.6762898018976057 0.32820640974839915 0.9444882154741289 1.0
0.6686159011300096 0.33458823900786727 0.9469281843183132 1.0
0.6608352366648268 0.3409160967342457 0.9491026381806494 1.0
0.6529478497874137 0.34718833978522934 0.9510143185305323 1.0
0.6449535815726188 0.35340361808038856 0.9526657064947889 1.0
0.6368520848146351 0.3595608329884161 0.9540589982761437 1.0
0.628642838505045 0.36565909800319735 0.9551960841088615 1.0
0.6203251651440073 0.3716977013375789 0.9560785309910512 1.0
0.6118982511841425 0.3776760701263491 0.9567075694743777 1.0
0.6033611709179768 0.3835937359904362 0.9570840848332117 1.0
0.5947129141266446 0.3894503017735961 0.9572086129751366 1.0
0.585952417808383 0.39524540932155294 0.9570813414919564 1.0
0.577078602298499 0.40097870823262033 0.9567021162826109 1.0
0.568090412075643 0.40664982556891477 0.9560704542043091 1.0
0.5589868615201727 0.41225833657893124 0.9551855622225308 1.0
0.5497670858464058 0.41780373654575836 0.9540463635305431 1.0
0.5404303973688802 0.4232854139404694 0.9526515310905911 1.0
0.5309763471805271 0.4287026251268354 0.9509995290068892 1.0
0.5214047922154097 0.4340544709302418 0.9490886620701872 1.0
0.5117159675380546 0.43933987544904723 0.9469171337096093 1.0
0.5019105635439048 0.4445575675481796 0.9444831124449269 1.0
0.49198980757082883 0.44970606552931464 0.9417848067474301 1.0
0.48195554921054734 0.45478366551593735 0.9388205479873396 1.0
0.4718103483745912 0.4597884341201938 0.9355888808698556 1.0
0.46155756491663885 0.4647182059669867 0.9320886604427107 1.0
0.4511980082251949 0.46957217768390774 0.9283178636903178 1.0
0.44073852463160995 0.47434688193028435 0.9242766906682317 1.0
0.43018721919649544 0.4790386406828319 0.91996619700194 1.0
0.41955165904230773 0.4836443962749995 0.915387590639723 1.0
0.40884063310067775 0.48816093861108617 0.9105429315654867 1.0
0.3980642083018061 0.4925849423947825 0.9054352272162427 1.0
0.3872337717548847 0.4969130108713234 0.9000685170373873 1.0
0.37636205649888615 0.5011417254753422 0.8944479427537497 1.0
0.3654612663762429 0.5052684034325814 0.8885787674719856 1.0
0.3545465439790672 0.5092897968880314 0.8824681923036011 1.0
0.3436377931849474 0.5132015795889635 0.8761266360928694 1.0
0.3327530939137686 0.5170008198204417 0.8695640864822369 1.0
0.321911658392526 0.520684873357803 0.8627916585616799 1.0
0.3111337198622898 0.5242514414427806 0.8558215206665023 1.0
0.30044039860937194 0.5276986238157413 0.8486667948769512 1.0
0.28985325663105266 0.531025054991559 0.8413412305522999 1.0
0.27939615942446633 0.5342293148180887 0.8338605094653682 1.0
0.2690918119759745 0.5373109871573702 0.8262398418700289 1.0
0.2589630009926549 0.5402702010433201 0.8184947475296583 1.0
0.249032393162348 0.5431076290262467 0.8106408952154366 1.0
0.23932228995755733 0.5458244839403564 0.8026939223701165 1.0
0.22985663518165034 0.5484218890000336 0.7946712158983202 1.0
0.22065510029448382 0.5509024141956824 0.7865870626923799 1.0
0.2117364094415159 0.5532690129113548 0.7784553296976854 1.0
0.2031184306485468 0.5555248911915374 0.7702897347110843 1.0
0.19481720150351464 0.5576736467032974 0.7621031776295353 1.0
0.1868465966290398 0.5597192229650958 0.7539076339343501 1.0
0.17921798847836348 0.5616658613090965 0.7457140662049785 1.0
0.17194219590204426 0.5635174702399023 0.7375349843171632 1.0
0.16502295126730024 0.565279153363526 0.7293775439873285 1.0
0.15846116028136384 0.5669560017699032 0.7212481886261495 1.0
0.15225499182136804 0.5685529672520611 0.7131532051881548 1.0
0.146398761868151 0.5700750569206646 0.7050976866560473 1.0
0.14088284059082248 0.5715272914520931 0.6970855353349069 1.0
0.1356936625367467 0.5729146658465781 0.6891194758268864 1.0
0.13081385254175798 0.5742421127377884 0.6812010763134158 1.0
0.12622247342933252 0.5755144682058211 0.6733307769330967 1.0
0.12189539380356387 0.5767364399826563 0.6655079242329829 1.0
0.1178065439715534 0.5779123523036159 0.6577323260140637 1.0
0.11392612980090092 0.5790467957802228 0.6499998366451626 1.0
0.11022347823857798 0.5801439808367225 0.6423063681141681 1.0
0.10666732351839703 0.5812078215483344 0.6346473314887409 1.0
0.10322630676442748 0.582241975777384 0.6270172879951815 1.0
0.09986970116659238 0.5832498248631478 0.6194100074982555 1.0
0.09656813269866713 0.5842344549012296 0.611818530584514 1.0
0.09329429206118067 0.5851986396650793 0.6042352341768219 1.0
0.09002364276931535 0.586144825264033 0.5966519005456782 1.0
0.08673514013646366 0.5870751166646858 0.5890597894857422 1.0
0.08341198598223346 0.5879912662222103 0.5814497133016775 1.0
0.08004245400348603 0.5888946643728963 0.5738121141059206 1.0
0.07662083060590932 0.5897863326271247 0.5661371427838456 1.0
0.07314852485397655 0.5906669189727292 0.5584147388414824 1.0
0.06963540714651897 0.5915366957529474 0.5506347102299998 1.0
0.06610143501147561 0.5923955600227665 0.5427868121514008 1.0
0.06257860760091599 0.5932430363153763 0.5348608238014407 1.0
0.05911303759975025 0.5940783314685344 0.5268461376019544 1.0
0.05576765010285393 0.5949002975004615 0.5187321979872164 1.0
0.0526251056542481 0.5957073200832399 0.5105097808257538 1.0
0.04978880680939656 0.5964975038111671 0.5021693595319392 1.0
0.04738319269394733 0.5972686215557058 0.49370173617084595 1.0
0.04555066847662457 0.5980181252952141 0.4850980867717663 1.0
0.04444396189302632 0.5987431566697055 0.4763500004038907 1.0
0.04421322948900235 0.5994405566877633 0.4674495124401223 1.0
0.04498917867710291 0.6001068740129568 0.4583891327826853 1.0
0.04686604485069371 0.6007383712762072 0.44916187018490533 1.0
0.04988979024235476 0.6013310288983726 0.4397612541729842 1.0
0.05405573006313084 0.6018805543938668 0.43018120157388623 1.0
0.05932208540209163 0.6023828876312082 0.4204054325617815 1.0
0.06560773880422716 0.6028325831369402 0.41043771560323766 1.0
0.07281962363892094 0.6032244155970722 0.40027362623512114 1.0
0.08086176781346333 0.6035528335053932 0.38990941493548026 1.0
0.08964365767756552 0.6038119404209635 0.3793420777858104 1.0
0.0990895248697577 0.6039955435016706 0.3685641184021282 1.0
0.10914616863877188 0.6040969460876762 0.3575579876882719 1.0
0.11974118682355764 0.604108584409422 0.3463409605502589 1.0
0.13082746357120548 0.6040228036354146 0.3349141605174003 1.0
0.1423800347596976 0.6038311914501963 0.32326699974634865 1.0
0.1543847008629261 0.6035242532835118 0.3113882295486854 1.0
0.166790927843937 0.603093006306926 0.2993102878563658 1.0
0.17959757419288605 0.6025266800569213 0.2870237044475537 1.0
0.19279965701613425 0.6018136381688596 0.2745296424849442 1.0
0.20634464618640674 0.6009446614046378 0.26187940020404166 1.0
0.22027287297257953 0.5999042993738278 0.24904251366451113 1.0
0.23449833292494948 0.5986859114745567 0.23611021569813612 1.0
0.24904415773141997 0.5972745984023483 0.22307780461678145 1.0
0.26382005888530585 0.5956665601719514 0.21004673323692213 1.0
0.27881039724353673 0.5938520960352462 0.19705484268705464 1.0
0.2939149436021079 0.591833478386515 0.18421620557434054 1.0
0.3090633958032663 0.5896130197890374 0.17161942132621294 1.0
0.32415577011467783 0.5872013194176191 0.15937753484657702 1.0
0.339105898792545 0.5846116417760637 0.14759012396579654 1.0
0.35379624030500506 0.5818679304916247 0.13637734051864406 1.0
0.36817905399347717 0.5789861015095074 0.125800541590554 1.0
0.38215965737899316 0.5759951191731197 0.11595039779923114 1.0
0.3957282445230751 0.5729092809436007 0.10685038206747902 1.0
0.4088192648913888 0.5697572697905517 0.09855521202608328 1.0
0.42148106490356535 0.5665415862717397 0.09104002246571416 1.0
0.43364953345580004 0.5632929561600927 0.08434116239111955 1.0
0.4453890783516751 0.5600085906382494 0.0784130544390903 1.0
0.45672421308536776 0.5566942951475172 0.07322913012508131 1.0
0.46765017076810095 0.5533637269053324 0.06876762134759795 1.0
0.478191378182161 0.55002130081916 0.06498435721988444 1.0
0.4883968612384751 0.5466619506976901 0.06182162837413415 1.0
0.498289239878783 0.5432873953595327 0.05922725775013666 1.0
0.5078911374422869 0.5398982668933685 0.05714465998451528 1.0
0.5172247456455653 0.5364942872197173 0.05551476288204022 1.0
0.5263115025893325 0.5330744300746458 0.05427792556635833 1.0
0.5351718645250625 0.5296370658817843 0.05337566853443906 1.0
0.5438251536372013 0.5261800887043685 0.05275207547378854 1.0
0.5522894663786476 0.5227010255649304 0.05235479075452074 1.0
0.5605816294780568 0.5191971290183285 0.05213559944466891 1.0
0.5687171933168381 0.5156654540879883 0.05205062439450064 1.0
0.576710454772409 0.5121029206313181 0.05206020204364426 1.0
0.5845745037500035 0.5085063619725217 0.05212850674796505 1.0
0.5923212894447654 0.5048725602928031 0.05222298774900729 1.0
0.5999617038945115 0.5011982688438659 0.052313669035603104 1.0
0.6075056816322426 0.4974802205790659 0.05237234455720113 1.0
0.6149623152735116 0.4937151222923197 0.052371681824113565 1.0
0.6223399877334324 0.48989963282200205 0.052284226131338644 1.0
0.6296465225194589 0.4860303233135513 0.05208127381405584 1.0
0.6368893542334475 0.48210361694261333 0.051731552325491516 1.0
0.6440757220432394 0.47811570490811256 0.051199600768237395 1.0
0.6512128893528151 0.47406243501266315 0.050443674787602345 1.0
0.6583083928921536 0.4699391690315525 0.04941288204103298 1.0
