1.0 0.0 0.0 1.0
1.0 0.0 0.0 1.0
1.0 0.1296454183688629 0.0 1.0
1.0 0.3202982932722162 0.0 1.0
1.0 0.5115908430661976 0.0 1.0
1.0 0.6909103343111338 0.0 1.0
1.0 0.8464334683681283 0.0 1.0
1.0 0.9679059418904175 0.0 1.0
0.8889842188839808 1.0 0.0 1.0
0.6990986266378024 1.0 0.0 1.0
0.5072944378668851 1.0 0.0 1.0
0.3262181205501743 0.9965688406773492 0.0 1.0
0.1678088083602195 0.887049375764319 0.0 1.0
0.042511102674156365 0.7408012703641468 0.22472455928829393 1.0
0.0 0.5674672856374552 0.49152494140092684 1.0
0.0 0.37847607025743346 0.7259169883665946 1.0
0.0 0.18628862087343015 0.9124462331297782 1.0
0.0 0.00357667547075452 1.0 1.0
0.10014583563595647 0.0 1.0 1.0
0.24310366462004174 0.0 1.0 1.0
0.41420858919315884 0.0 0.996460764643704 1.0
0.602178932122292 0.0 0.8449672790322317 1.0
0.794621007231569 0.0 0.6377614979489413 1.0
0.9788462879759423 0.0 0.38850538202312956 1.0
1.0 0.0 0.11363344975416514 1.0
1.0 0.0 0.0 1.0
1.0 0.056055670309812455 0.0 1.0
1.0 0.24287932849359165 0.0 1.0
1.0 0.43544722401426117 0.0 1.0
1.0 0.6210625344505782 0.0 1.0
1.0 0.7874868509602921 0.0 1.0
1.0 0.9237471087571492 0.0 1.0
0.9619138921773216 1.0 0.0 1.0
0.7763619635344249 1.0 0.0 1.0
0.5837971371303504 1.0 0.0 1.0
0.39691603302640105 1.0 0.0 1.0
0.22804051923841545 0.9359470417164775 0.0 1.0
0.08830527844059921 0.8034250214235947 0.1122854174391572 1.0
0.0 0.6396880708821562 0.3872372292376119 1.0
0.0 0.45553206538175656 0.6366568394132025 1.0
0.0 0.2630991955680465 0.844098949593566 1.0
0.0 0.07507738104169182 0.9958860169643804 1.0
0.0528226711158416 0.0 1.0 1.0
0.18168552319788434 0.0 1.0 1.0
0.3427450308071367 0.0 1.0 1.0
0.5253818538825852 0.0 0.9132024338971071 1.0
0.717553967953337 0.0 0.7269346398002811 1.0
0.906590646156668 0.0 0.4927369454028945 1.0
1.0 0.0 0.22605100326695932 1.0
1.0 0.0 0.0 1.0
1.0 0.0 0.0 1.0
1.0 0.16639256895259233 0.0 1.0
1.0 0.3581753026568032 0.0 1.0
1.0 0.5481003185232032 0.0 1.0
1.0 0.7236450504548502 0.0 1.0
1.0 0.8732350857891582 0.0 1.0
1.0 0.9870073156756549 0.0 1.0
0.8524872102651133 1.0 0.0 1.0
0.6612222209309886 1.0 0.0 1.0
0.4705359879975105 1.0 0.0 1.0
0.2930012678485354 0.9783609765834069 0.0 1.0
0.1403236815547061 0.8609830483906624 0.0 1.0
0.022569913365935723 0.7085951438159342 0.2788060162603421 1.0
0.0 0.5312448471582545 0.5405843595857533 1.0
0.0 0.34062561966114185 0.7667196711440933 1.0
0.0 0.1493057997543344 0.9423018856502465 1.0
0.012103403565087656 0.0 1.0 1.0
0.12549242544231543 0.0 1.0 1.0
0.27478315337749076 0.0 1.0 1.0
0.45013221313314944 0.0 0.9716661754203259 1.0
0.6399780935475823 0.0 0.8083294637516736 1.0
0.8318034462616026 0.0 0.5916961439886985 1.0
1.0 0.0 0.33604977458291563 1.0
1.0 0.0 0.0582462106923429 1.0
1.0 0.0 0.0 1.0
1.0 0.09165643531357107 0.0 1.0
1.0 0.2806019010162608 0.0 1.0
1.0 0.4728043940081943 0.0 1.0
1.0 0.6555911844148508 0.0 1.0
1.0 0.8169103597797572 0.0 1.0
1.0 0.9461254590396013 0.0 1.0
0.9266598144108981 1.0 0.0 1.0
0.7387412283835125 1.0 0.0 1.0
0.5462902400704618 1.0 0.0 1.0
0.36199596370232806 1.0 0.0 1.0
0.1980097067126244 0.9128594710927294 0.0 1.0
0.06514378222806982 0.7734511876437298 0.16739153393785983 1.0
0.0 0.6048042766094963 0.43872753991483526 1.0
0.0 0.4180383479099588 0.6811363685419926 1.0
0.0 0.22546767555545977 0.878634972166977 1.0
0.0 0.039789265055744594 1.0 1.0
0.07512564656323162 0.0 1.0 1.0
0.2110501599549267 0.0 1.0 1.0
0.3772351931677172 0.0 1.0 1.0
0.5627234583833783 0.0 0.8810750320579098 1.0
0.755284923392744 0.0 0.6843240983936212 1.0
0.9422231897656017 0.0 0.4424527591062288 1.0
1.0 0.0 0.17140862288416459 1.0
1.0 0.0 0.0 1.0
1.0 0.019470616261358764 0.0 1.0
1.0 0.203557067002723 0.0 1.0
1.0 0.3959804394430382 0.0 1.0
1.0 0.5840534401839678 0.0 1.0
1.0 0.7553756143823902 0.0 1.0
1.0 0.8986509606111903 0.0 1.0
0.9980861171434205 1.0 0.0 1.0
0.8155246936044228 1.0 0.0 1.0
0.6233682065289654 1.0 0.0 1.0
0.43428635242535385 1.0 0.0 1.0
0.26074610414044463 0.9584992034392543 0.0 1.0
0.11418971018327728 0.8335622322353531 0.05418593520209718 1.0
0.004280258493525424 0.6754232559752646 0.33217626480036216 1.0
0.0 0.4945090516356059 0.5882647969296433 1.0
0.0 0.3027480640891441 0.8055665227582697 1.0
0.0 0.11278391287387979 0.9697538129728773 1.0
0.031124119218766455 0.0 1.0 1.0
0.15222800384915092 0.0 1.0 1.0
0.30747080385816544 0.0 1.0 1.0
0.48661669951811115 0.0 0.9443929554042935 1.0
0.6778538380871804 0.0 0.769629674564707 1.0
0.8685731396240276 0.0 0.5441214277397598 1.0
1.0 0.0 0.2827369351630227 1.0
1.0 0.0 0.0027103909193387558 1.0
1.0 0.0 0.0 1.0
1.0 0.1278651927674213 0.0 1.0
1.0 0.31845048353324235 0.0 1.0
1.0 0.5097972831644594 0.0 1.0
1.0 0.6892892812983202 0.0 1.0
1.0 0.8450918051812084 0.0 1.0
1.0 0.9669321301038782 0.0 1.0
0.8907510211307248 1.0 0.0 1.0
0.7009451406992869 1.0 0.0 1.0
0.5090989151978886 1.0 0.0 1.0
0.3278615842663417 0.9974138929324614 0.0 1.0
0.1691828978913611 0.8882850797177964 0.0 1.0
0.04352521843865098 0.7423461507855516 0.22207065007270638 1.0
0.0 0.5692194819735543 0.4890986971034152 1.0
0.0 0.3803200527327915 0.7238783816186963 1.0
0.0 0.1881028078610777 0.9109296779665785 1.0
0.0 0.005241449887284477 1.0 1.0
0.09894609161848056 0.0 1.0 1.0
0.24158553542305428 0.0 1.0 1.0
0.4124721715476045 0.0 0.9976057217978872 1.0
0.6003387154472675 0.0 0.846700089077182 1.0
0.7927983248587609 0.0 0.639967909330044 1.0
0.9771613171257288 0.0 0.3910399166303531 1.0
1.0 0.0 0.11632899491412467 1.0
1.0 0.0 0.0 1.0
1.0 0.05433619357371594 0.0 1.0
1.0 0.24104410931257025 0.0 1.0
1.0 0.4336172662139093 0.0 1.0
1.0 0.6193584949512336 0.0 1.0
1.0 0.786021084351817 0.0 1.0
1.0 0.9226162592817657 0.0 1.0
0.9636152771239248 1.0 0.0 1.0
0.7781909568726978 1.0 0.0 1.0
0.5856331455310436 1.0 0.0 1.0
0.39863800062730176 1.0 0.0 1.0
0.22953490937348364 0.9370341867962395 0.0 1.0
0.0894735595964603 0.8048568752712679 0.10958884356942528 1.0
0.0 0.6413702252684366 0.38469916232688284 1.0
0.0 0.4573536086956037 0.6344446250346919 1.0
0.0 0.264940025692092 0.8423584484736741 1.0
0.0 0.0768161241969369 0.9947319877630776 1.0
0.05177454831811079 0.0 1.0 1.0
0.1802843708618902 0.0 1.0 1.0
0.34108323288061193 0.0 1.0 1.0
0.5235689797883887 0.0 0.9147106760643515 1.0
0.7157095482102157 0.0 0.7289666310640961 1.0
0.9048362912225103 0.0 0.49515870791526206 1.0
1.0 0.0 0.22870285989954608 1.0
1.0 0.0 0.0 1.0
1.0 0.0 0.0 1.0
1.0 0.16458957747078085 0.0 1.0
1.0 0.3563285278014729 0.0 1.0
1.0 0.546331526034832 0.0 1.0
1.0 0.7220708643639575 0.0 1.0
1.0 0.8719592988967217 0.0 1.0
1.0 0.9861140460511832 0.0 1.0
0.8542791123564346 1.0 0.0 1.0
0.6630701148153403 1.0 0.0 1.0
0.47231803415205864 1.0 0.0 1.0
0.29459996837203795 0.9792879301617472 0.0 1.0
0.14163362730512108 0.8622865545974812 0.0 1.0
0.023504734034601293 0.7101892569291322 0.27618328446172874 1.0
0.0 0.5330244605033189 0.5382222086273051 1.0
0.0 0.3424733957423271 0.7647738477102272 1.0
0.0 0.1510999068160714 0.9409006861765502 1.0
0.01121811707010556 0.0 1.0 1.0
0.12422324252331551 0.0 1.0 1.0
0.2732137566758569 0.0 1.0 1.0
0.4483660796650023 0.0 0.9729337112754018 1.0
0.6381316720228956 0.0 0.8101652922639138 1.0
0.8299984791242703 0.0 0.5939792211566937 1.0
1.0 0.0 0.3386295673944123 1.0
1.0 0.0 0.06095262240757771 1.0
1.0 0.0 0.0 1.0
1.0 0.08990496383064239 0.0 1.0
1.0 0.278758069894781 0.0 1.0
1.0 0.47098977489571847 0.0 1.0
1.0 0.653925422886624 0.0 1.0
1.0 0.8155032865958012 0.0 1.0
1.0 0.9450698485343978 0.0 1.0
0.928395451613852 1.0 0.0 1.0
0.7405812349888883 1.0 0.0 1.0
0.5481132965973606 1.0 0.0 1.0
0.36368186826079163 1.0 0.0 1.0
0.19944730042676845 0.9140206819320229 0.0 1.0
0.06623827841472096 0.7749402022164111 0.16471220090465036 1.0
0.0 0.6065229178359354 0.43624072777272843 1.0
0.0 0.4198732984461634 0.6790060434187687 1.0
0.0 0.2272979492887371 0.8770015954812747 1.0
0.0 0.04149418423495682 1.0 1.0
0.0740020135231767 0.0 1.0 1.0
0.20958995727603258 0.0 1.0 1.0
0.37553469823860713 0.0 1.0 1.0
0.5608947920852816 0.0 0.8826950541573693 1.0
0.7534486574917502 0.0 0.6864440609232815 1.0
0.9405003971020154 0.0 0.4449328838974371 1.0
1.0 0.0 0.1740853847346898 1.0
1.0 0.0 0.0 1.0
1.0 0.017789405804698843 0.0 1.0
1.0 0.2017359089055155 0.0 1.0
1.0 0.3941394104236724 0.0 1.0
1.0 0.5823139271354538 0.0 1.0
1.0 0.7538523108169379 0.0 1.0
1.0 0.8974443044279252 0.0 1.0
0.9997469178599929 1.0 0.0 1.0
0.8173371245633585 1.0 0.0 1.0
0.6252127664293168 1.0 0.0 1.0
0.4360414215680699 1.0 0.0 1.0
0.2622959633336974 0.9595056937677395 0.0 1.0
0.11543217060217881 0.8349302155714096 0.051478670229913814 1.0
0.005133399425059193 0.6770625353447457 0.3295914007656243 1.0
0.0 0.49631154236013186 0.5859727649394854 1.0
0.0 0.3045949202697976 0.8037184462545545 1.0
0.0 0.1145533634080611 0.9684715435193137 1.0
0.030158059112426527 0.0 1.0 1.0
0.15089261959719058 0.0 1.0 1.0
0.30585414303811553 0.0 1.0 1.0
0.48482535547094346 0.0 0.9457798365932133 1.0
0.676005921763849 0.0 0.7715638385150229 1.0
0.8667904920268593 0.0 0.5464753467753608 1.0
1.0 0.0 0.2853554053652663 1.0
1.0 0.0 0.00542076538317725 1.0
1.0 0.0 0.0 1.0
1.0 0.12608619437986474 0.0 1.0
1.0 0.3166027439144373 0.0 1.0
1.0 0.5080026316658522 0.0 1.0
1.0 0.6876660469452359 0.0 1.0
1.0 0.8437470147356803 0.0 1.0
1.0 0.9659544513338876 0.0 1.0
0.8925164831396082 1.0 0.0 1.0
0.7027914668846307 1.0 0.0 1.0
0.510904369401936 1.0 0.0 1.0
0.32950712519534225 0.99825489314128 0.0 1.0
