0.3568627450980392 0.7450980392156863 0.5803921568627451 1.0
0.7137254901960784 0.8901960784313725 0.8196078431372549 1.0
0.5686274509803921 0.7450980392156863 0.39215686274509803 1.0
0.8 0.8980392156862745 0.7098039215686275 1.0
0.8980392156862745 0.8117647058823529 0.4235294117647059 1.0
0.9764705882352941 0.9215686274509803 0.6666666666666666 1.0
0.9098039215686274 0.4823529411764706 0.4392156862745098 1.0
0.9490196078431372 0.807843137254902 0.7568627450980392 1.0
0.8 0.4 0.5254901960784314 1.0
0.8980392156862745 0.7098039215686275 0.7725490196078432 1.0
0.34509803921568627 0.5176470588235295 0.7019607843137254 1.0
0.7137254901960784 0.807843137254902 0.8980392156862745 1.0
