0.988235 0.976471 0.909804 1.0
0.9866971176470588 0.9724724901960784 0.8968858823529411 1.0
0.9851592352941176 0.9684739803921568 0.8839677647058823 1.0
0.9836213529411765 0.9644754705882352 0.8710496470588235 1.0
0.9820834705882353 0.9604769607843138 0.8581315294117646 1.0
0.9805455882352941 0.9564784509803922 0.8452134117647059 1.0
0.979007705882353 0.9524799411764706 0.832295294117647 1.0
0.9774698235294118 0.948481431372549 0.8193771764705882 1.0
0.9759319411764706 0.9444829215686275 0.8064590588235294 1.0
0.9743940588235294 0.9404844117647059 0.7935409411764706 1.0
0.9728561764705882 0.9364859019607843 0.7806228235294118 1.0
0.971318294117647 0.9324873921568628 0.767704705882353 1.0
0.9697804117647059 0.9284888823529412 0.7547865882352942 1.0
0.9682425490196078 0.9238752352941176 0.7420222549019608 1.0
0.9667047450980393 0.9174161764705883 0.729719274509804 1.0
0.9651669411764706 0.9109571176470589 0.7174162941176471 1.0
0.963629137254902 0.9044980588235294 0.7051133137254902 1.0
0.9620913333333333 0.898039 0.6928103333333333 1.0
0.9605535294117648 0.8915799411764707 0.6805073529411765 1.0
0.9590157254901961 0.8851208823529412 0.6682043725490197 1.0
0.9574779215686274 0.8786618235294118 0.6559013921568627 1.0
0.9559401176470588 0.8722027647058824 0.6435984117647059 1.0
0.9544023137254902 0.8657437058823529 0.631295431372549 1.0
0.9528645098039216 0.8592846470588236 0.6189924509803921 1.0
0.9513267058823529 0.8528255882352942 0.6066894705882353 1.0
0.9497889019607842 0.8463665294117647 0.5943864901960784 1.0
0.9487123921568628 0.8403688431372549 0.5854668431372548 1.0
0.9480971764705882 0.8348325294117648 0.5799305294117647 1.0
0.9474819607843137 0.8292962156862745 0.5743942156862745 1.0
0.9468667450980393 0.8237599019607843 0.5688579019607842 1.0
0.9462515294117647 0.8182235882352942 0.5633215882352941 1.0
0.9456363137254902 0.8126872745098039 0.5577852745098039 1.0
0.9450210980392156 0.8071509607843138 0.5522489607843137 1.0
0.9444058823529412 0.8016146470588236 0.5467126470588235 1.0
0.9437906666666667 0.7960783333333333 0.5411763333333333 1.0
0.9431754509803921 0.7905420196078432 0.5356400196078431 1.0
0.9425602352941177 0.785005705882353 0.5301037058823529 1.0
0.9419450196078432 0.7794693921568628 0.5245673921568628 1.0
0.9413298039215686 0.7739330784313726 0.5190310784313725 1.0
0.940484 0.7674740588235295 0.5134947647058823 1.0
0.9395613333333334 0.7607074705882353 0.5079584509803922 1.0
0.9386386666666667 0.7539408823529412 0.5024221372549019 1.0
0.937716 0.7471742941176471 0.49688582352941174 1.0
0.9367933333333334 0.7404077058823529 0.49134950980392156 1.0
0.9358706666666666 0.7336411176470589 0.4858131960784313 1.0
0.934948 0.7268745294117648 0.4802768823529412 1.0
0.9340253333333334 0.7201079411764706 0.47474056862745095 1.0
0.9331026666666666 0.7133413529411765 0.46920425490196077 1.0
0.93218 0.7065747647058823 0.4636679411764706 1.0
0.9312573333333334 0.6998081764705882 0.4581316274509804 1.0
0.9303346666666666 0.693041588235294 0.45259531372549017 1.0
0.929412 0.686275 0.447059 1.0
0.9278741176470588 0.6807386078431372 0.4427529607843137 1.0
0.9263362352941177 0.6752022156862745 0.43844692156862747 1.0
0.9247983529411765 0.6696658235294117 0.4341408823529412 1.0
0.9232604705882352 0.664129431372549 0.4298348431372549 1.0
0.9217225882352941 0.6585930392156862 0.4255288039215686 1.0
0.9201847058823529 0.6530566470588235 0.4212227647058824 1.0
0.9186468235294117 0.6475202549019607 0.41691672549019604 1.0
0.9171089411764706 0.641983862745098 0.4126106862745098 1.0
0.9155710588235294 0.6364474705882353 0.4083046470588235 1.0
0.9140331764705882 0.6309110784313725 0.40399860784313724 1.0
0.912495294117647 0.6253746862745098 0.39969256862745095 1.0
0.9109574117647058 0.619838294117647 0.39538652941176466 1.0
0.9096502156862745 0.6145326078431372 0.3915418431372549 1.0
0.9090350784313725 0.6099190392156862 0.38908121568627446 1.0
0.9084199411764705 0.6053054705882354 0.38662058823529416 1.0
0.9078048039215686 0.6006919019607843 0.3841599607843137 1.0
0.9071896666666667 0.5960783333333333 0.38169933333333333 1.0
0.9065745294117646 0.5914647647058823 0.3792387058823529 1.0
0.9059593921568627 0.5868511960784314 0.3767780784313725 1.0
0.9053442549019608 0.5822376274509804 0.37431745098039215 1.0
0.9047291176470588 0.5776240588235294 0.37185682352941174 1.0
0.9041139803921568 0.5730104901960784 0.3693961960784314 1.0
0.9034988431372549 0.5683969215686275 0.366935568627451 1.0
0.9028837058823529 0.5637833529411764 0.36447494117647056 1.0
0.902268568627451 0.5591697843137254 0.3620143137254902 1.0
0.9014996274509804 0.5536334705882353 0.35986129411764706 1.0
0.9005768823529412 0.5471744117647058 0.3580158823529412 1.0
0.899654137254902 0.5407153529411765 0.3561704705882353 1.0
0.8987313921568627 0.5342562941176471 0.35432505882352944 1.0
0.8978086470588236 0.5277972352941176 0.3524796470588235 1.0
0.8968859019607843 0.5213381764705883 0.3506342352941177 1.0
0.8959631568627451 0.5148791176470588 0.34878882352941176 1.0
0.8950404117647058 0.5084200588235294 0.3469434117647059 1.0
0.8941176666666667 0.501961 0.345098 1.0
0.8931949215686275 0.49550194117647056 0.34325258823529414 1.0
0.8922721764705882 0.4890428823529412 0.34140717647058827 1.0
0.891349431372549 0.48258382352941176 0.3395617647058824 1.0
0.8904266862745098 0.47612476470588233 0.3377163529411765 1.0
0.8895039411764706 0.4703577647058824 0.3356402352941177 1.0
0.8885811960784313 0.4648214509803921 0.33348721568627454 1.0
0.8876584509803921 0.45928513725490194 0.3313341960784314 1.0
0.886735705882353 0.45374882352941176 0.32918117647058825 1.0
0.8858129607843137 0.4482125098039216 0.3270281568627451 1.0
0.8848902156862745 0.44267619607843134 0.32487513725490197 1.0
0.8839674705882352 0.43713988235294116 0.3227221176470588 1.0
0.8830447254901961 0.431603568627451 0.32056909803921574 1.0
0.8821219803921568 0.42606725490196085 0.3184160784313726 1.0
0.8811992352941176 0.4205309411764706 0.31626305882352945 1.0
0.8802764901960783 0.41499462745098037 0.3141100392156863 1.0
0.8793537450980392 0.4094583137254902 0.31195701960784317 1.0
0.878431 0.403922 0.309804 1.0
0.8753553137254901 0.39807807843137255 0.305805568627451 1.0
0.8722796274509803 0.3922341568627451 0.301807137254902 1.0
0.8692039411764706 0.38639023529411765 0.297808705882353 1.0
0.8661282549019608 0.3805463137254903 0.293810274509804 1.0
0.8630525686274509 0.37470239215686274 0.28981184313725494 1.0
0.8599768823529411 0.3688584705882353 0.28581341176470587 1.0
0.8569011960784313 0.36301454901960784 0.28181498039215686 1.0
0.8538255098039216 0.3571706274509804 0.27781654901960784 1.0
0.8507498235294118 0.35132670588235293 0.2738181176470588 1.0
0.8476741372549019 0.3454827843137255 0.2698196862745098 1.0
0.8445984509803921 0.339638862745098 0.2658212549019608 1.0
0.8415227647058824 0.3337949411764707 0.26182282352941183 1.0
0.8384470588235293 0.3284123725490196 0.2584395294117647 1.0
0.835371294117647 0.32441386274509804 0.2569016470588235 1.0
0.8322955294117647 0.32041535294117646 0.25536376470588235 1.0
0.8292197647058823 0.3164168431372549 0.2538258823529412 1.0
0.826144 0.3124183333333333 0.252288 1.0
0.8230682352941177 0.3084198235294118 0.25075011764705885 1.0
0.8199924705882353 0.3044213137254902 0.24921223529411765 1.0
0.816916705882353 0.30042280392156867 0.2476743529411765 1.0
0.8138409411764707 0.29642429411764704 0.2461364705882353 1.0
0.8107651764705882 0.29242578431372546 0.24459858823529412 1.0
0.8076894117647059 0.2884272745098039 0.24306070588235296 1.0
0.8046136470588235 0.28442876470588235 0.2415228235294118 1.0
0.8015378823529412 0.2804302549019608 0.2399849411764706 1.0
0.7980007843137256 0.2758166470588235 0.23813949019607844 1.0
0.7940023529411765 0.27058794117647056 0.2359864705882353 1.0
0.7900039215686275 0.26535923529411765 0.23383345098039215 1.0
0.7860054901960785 0.2601305294117647 0.23168043137254904 1.0
0.7820070588235296 0.25490182352941193 0.22952741176470595 1.0
0.7780086274509804 0.24967311764705882 0.22737439215686275 1.0
0.7740101960784314 0.24444441176470588 0.2252213725490196 1.0
0.7700117647058824 0.23921570588235294 0.2230683529411765 1.0
0.7660133333333333 0.233987 0.22091533333333335 1.0
0.7620149019607844 0.22875829411764706 0.2187623137254902 1.0
0.7580164705882353 0.22352958823529412 0.21660929411764707 1.0
0.7540180392156863 0.21830088235294118 0.21445627450980392 1.0
0.7500196078431373 0.21307217647058824 0.21230325490196078 1.0
0.7462518235294118 0.20991952941176473 0.21153429411764707 1.0
0.7425609215686274 0.20745890196078431 0.2112266862745098 1.0
0.7388700196078432 0.20499827450980393 0.21091907843137256 1.0
0.7351791176470588 0.20253764705882354 0.2106114705882353 1.0
0.7314882156862745 0.20007701960784313 0.21030386274509805 1.0
0.7277973137254902 0.19761639215686275 0.20999625490196078 1.0
0.7241064117647059 0.19515576470588236 0.20968864705882354 1.0
0.7204155098039217 0.19269513725490203 0.2093810392156863 1.0
0.7167246078431372 0.19023450980392156 0.20907343137254902 1.0
0.7130337058823529 0.18777388235294118 0.20876582352941175 1.0
0.7093428039215686 0.1853132549019608 0.2084582156862745 1.0
0.7056519019607843 0.18285262745098038 0.20815060784313727 1.0
0.701961 0.180392 0.207843 1.0
0.6985777058823529 0.17916172549019607 0.207843 1.0
0.6951944117647059 0.17793145098039215 0.207843 1.0
0.6918111176470588 0.17670117647058822 0.207843 1.0
0.6884278235294117 0.1754709019607843 0.207843 1.0
0.6850445294117646 0.1742406274509804 0.207843 1.0
0.6816612352941176 0.17301035294117648 0.207843 1.0
0.6782779411764706 0.17178007843137255 0.207843 1.0
0.6748946470588235 0.17054980392156863 0.207843 1.0
0.6715113529411765 0.1693195294117647 0.207843 1.0
0.6681280588235293 0.16808925490196078 0.207843 1.0
0.6647447647058824 0.16685898039215688 0.207843 1.0
0.6613614705882352 0.16562870588235293 0.207843 1.0
0.6576705882352941 0.1640908431372549 0.2074585294117647 1.0
0.6530569411764705 0.1616302156862745 0.20592064705882354 1.0
0.648443294117647 0.15916958823529412 0.20438276470588235 1.0
0.6438296470588235 0.15670896078431373 0.20284488235294118 1.0
0.639216 0.15424833333333332 0.201307 1.0
0.6346023529411764 0.15178770588235294 0.19976911764705882 1.0
0.6299887058823529 0.14932707843137255 0.19823123529411765 1.0
0.6253750588235294 0.14686645098039217 0.19669335294117649 1.0
0.6207614117647059 0.14440582352941175 0.1951554705882353 1.0
0.6161477647058823 0.14194519607843137 0.19361758823529412 1.0
0.6115341176470588 0.13948456862745098 0.19207970588235296 1.0
0.6069204705882353 0.1370239411764706 0.1905418235294118 1.0
0.6023068235294118 0.1345633137254902 0.1890039411764706 1.0
0.5976931764705882 0.13256405882352942 0.18808123529411766 1.0
0.5930795294117648 0.13102617647058828 0.18777370588235295 1.0
0.5884658823529412 0.12948829411764706 0.18746617647058825 1.0
0.5838522352941177 0.1279504117647059 0.18715864705882354 1.0
0.5792385882352941 0.1264125294117647 0.18685111764705883 1.0
0.5746249411764706 0.12487464705882353 0.18654358823529413 1.0
0.5700112941176471 0.12333676470588237 0.18623605882352942 1.0
0.5653976470588236 0.12179888235294119 0.18592852941176471 1.0
0.560784 0.120261 0.185621 1.0
0.5561703529411764 0.11872311764705883 0.1853134705882353 1.0
0.551556705882353 0.11718523529411766 0.1850059411764706 1.0
0.5469430588235294 0.11564735294117648 0.1846984117647059 1.0
0.5423294117647058 0.1141094705882353 0.18439088235294118 1.0
0.5388692352941177 0.11280229411764707 0.18408329411764707 1.0
0.5357935490196079 0.11157201960784315 0.1837756862745098 1.0
0.532717862745098 0.11034174509803922 0.18346807843137256 1.0
0.5296421764705882 0.1091114705882353 0.18316047058823529 1.0
0.5265664901960785 0.10788119607843141 0.18285286274509804 1.0
0.5234908039215687 0.10665092156862746 0.18254525490196077 1.0
0.5204151176470588 0.10542064705882354 0.18223764705882353 1.0
0.517339431372549 0.10419037254901961 0.18193003921568626 1.0
0.5142637450980392 0.10296009803921569 0.18162243137254902 1.0
0.5111880588235294 0.10172982352941176 0.18131482352941175 1.0
0.5081123725490196 0.10049954901960785 0.1810072156862745 1.0
0.5050366862745098 0.09926927450980393 0.18069960784313727 1.0
0.501961 0.098039 0.180392 1.0
0.49703982352941173 0.09650111764705882 0.17916172549019607 1.0
0.4921186470588235 0.09496323529411765 0.17793145098039215 1.0
0.48719747058823526 0.09342535294117647 0.17670117647058822 1.0
0.48227629411764705 0.09188747058823529 0.1754709019607843 1.0
0.4773551176470588 0.09034958823529413 0.1742406274509804 1.0
0.4724339411764706 0.08881170588235295 0.17301035294117648 1.0
0.4675127647058823 0.08727382352941176 0.17178007843137255 1.0
0.4625915882352942 0.08573594117647063 0.17054980392156865 1.0
0.45767041176470585 0.08419805882352942 0.1693195294117647 1.0
0.45274923529411765 0.08266017647058824 0.16808925490196078 1.0
0.4478280588235294 0.08112229411764706 0.16685898039215685 1.0
0.4429068823529412 0.07958441176470588 0.16562870588235293 1.0
0.4388315294117647 0.07820033333333333 0.1646290980392157 1.0
0.4372936470588235 0.07727766666666666 0.16432149019607842 1.0
0.43575576470588234 0.076355 0.16401388235294118 1.0
0.4342178823529412 0.07543233333333334 0.1637062745098039 1.0
0.43268 0.07450966666666667 0.16339866666666666 1.0
0.4311421176470588 0.073587 0.16309105882352942 1.0
0.4296042352941176 0.07266433333333333 0.16278345098039215 1.0
0.42806635294117645 0.07174166666666668 0.1624758431372549 1.0
0.4265284705882353 0.07081900000000001 0.16216823529411764 1.0
0.4249905882352941 0.06989633333333334 0.1618606274509804 1.0
0.42345270588235295 0.06897366666666667 0.16155301960784316 1.0
0.4219148235294118 0.06805100000000003 0.1612454117647059 1.0
0.42037694117647056 0.06712833333333333 0.16093780392156865 1.0
0.41653223529411765 0.06605182352941177 0.15986129411764707 1.0
0.4103807058823529 0.0648214705882353 0.15801588235294117 1.0
0.4042291764705882 0.06359111764705883 0.1561704705882353 1.0
0.39807764705882354 0.06236076470588235 0.15432505882352943 1.0
0.3919261176470588 0.061130411764705885 0.15247964705882353 1.0
0.3857745882352941 0.05990005882352941 0.15063423529411765 1.0
0.3796230588235294 0.05866970588235294 0.14878882352941175 1.0
0.3734715294117647 0.05743935294117647 0.14694341176470588 1.0
0.36732 0.056209 0.145098 1.0
0.36116847058823526 0.05497864705882353 0.1432525882352941 1.0
0.3550169411764706 0.05374829411764706 0.14140717647058823 1.0
0.34886541176470587 0.05251794117647059 0.13956176470588233 1.0
0.34271388235294115 0.05128758823529411 0.13771635294117646 1.0
0.3374851176470588 0.050288 0.1361015882352941 1.0
0.3325639411764707 0.04936533333333336 0.13456370588235297 1.0
0.32764276470588233 0.04844266666666666 0.13302582352941175 1.0
0.3227215882352941 0.04752 0.13148794117647059 1.0
0.31780041176470586 0.04659733333333333 0.1299500588235294 1.0
0.31287923529411765 0.04567466666666667 0.12841217647058822 1.0
0.3079580588235294 0.044752 0.12687429411764706 1.0
0.3030368823529412 0.04382933333333333 0.1253364117647059 1.0
0.2981157058823529 0.04290666666666666 0.1237985294117647 1.0
0.2931945294117647 0.041984 0.12226064705882353 1.0
0.28827335294117645 0.04106133333333333 0.12072276470588235 1.0
0.28335217647058825 0.04013866666666667 0.11918488235294118 1.0
0.278431 0.039216 0.117647 1.0
