0.988235 0.941176 0.960784 1.0
0.9851592745098039 0.9350245490196079 0.9555552549019608 1.0
0.9820835490196078 0.9288730980392157 0.9503265098039215 1.0
0.9790078235294117 0.9227216470588235 0.9450977647058824 1.0
0.9759320980392157 0.9165701960784314 0.9398690196078431 1.0
0.9728563725490196 0.9104187450980392 0.9346402745098039 1.0
0.9697806470588235 0.9042672941176471 0.9294115294117647 1.0
0.9667049215686274 0.8981158431372549 0.9241827843137255 1.0
0.9636291960784313 0.8919643921568627 0.9189540392156863 1.0
0.9605534705882353 0.8858129411764706 0.913725294117647 1.0
0.9574777450980392 0.8796614901960784 0.9084965490196079 1.0
0.9544020196078431 0.8735100392156863 0.9032678039215686 1.0
0.951326294117647 0.8673585882352941 0.8980390588235294 1.0
0.9482505686274509 0.8612071372549019 0.8928103137254902 1.0
0.9451748431372549 0.8550556862745098 0.887581568627451 1.0
0.9420991176470588 0.8489042352941176 0.8823528235294118 1.0
0.9390233921568627 0.8427527843137255 0.8771240784313725 1.0
0.9359476666666666 0.8366013333333333 0.8718953333333334 1.0
0.9328719411764705 0.8304498823529411 0.8666665882352942 1.0
0.9297962156862745 0.824298431372549 0.8614378431372549 1.0
0.9267204901960784 0.8181469803921568 0.8562090980392157 1.0
0.9236447647058823 0.8119955294117647 0.8509803529411765 1.0
0.9205690392156862 0.8058440784313725 0.8457516078431373 1.0
0.9174933137254901 0.7996926274509804 0.840522862745098 1.0
0.9144175882352941 0.7935411764705882 0.8352941176470589 1.0
0.911341862745098 0.787389725490196 0.8300653725490197 1.0
0.9066513725490195 0.7807 0.8239139019607844 1.0
0.9003461176470587 0.7734719999999999 0.816839705882353 1.0
0.894040862745098 0.7662439999999999 0.8097655098039216 1.0
0.8877356078431372 0.7590159999999999 0.8026913137254903 1.0
0.8814303529411764 0.7517879999999999 0.7956171176470589 1.0
0.8751250980392157 0.74456 0.7885429215686275 1.0
0.8688198431372549 0.737332 0.7814687254901961 1.0
0.8625145882352941 0.730104 0.7743945294117648 1.0
0.8562093333333333 0.722876 0.7673203333333334 1.0
0.8499040784313725 0.715648 0.760246137254902 1.0
0.8435988235294117 0.7084199999999999 0.7531719411764707 1.0
0.837293568627451 0.701192 0.7460977450980393 1.0
0.8309883137254902 0.693964 0.7390235490196079 1.0
0.8246830588235294 0.686736 0.7319493529411765 1.0
0.8183778039215686 0.679508 0.7248751568627452 1.0
0.8120725490196079 0.67228 0.7178009607843139 1.0
0.805767294117647 0.665052 0.7107267647058824 1.0
0.7994620392156863 0.657824 0.7036525686274511 1.0
0.7931567843137255 0.650596 0.6965783725490197 1.0
0.7868515294117647 0.643368 0.6895041764705884 1.0
0.780546274509804 0.6361399999999999 0.682429980392157 1.0
0.7742410196078431 0.6289119999999999 0.6753557843137256 1.0
0.7679357647058824 0.621684 0.6682815882352942 1.0
0.7616305098039217 0.614456 0.6612073921568629 1.0
0.7553252549019608 0.607228 0.6541331960784315 1.0
0.74902 0.6 0.647059 1.0
0.745175294117647 0.5943098823529411 0.6416764509803922 1.0
0.7413305882352942 0.5886197647058824 0.6362939019607844 1.0
0.7374858823529412 0.5829296470588236 0.6309113529411765 1.0
0.7336411764705882 0.5772395294117647 0.6255288039215687 1.0
0.7297964705882353 0.5715494117647059 0.6201462549019608 1.0
0.7259517647058824 0.5658592941176471 0.6147637058823531 1.0
0.7221070588235294 0.5601691764705882 0.6093811568627452 1.0
0.7182623529411765 0.5544790588235294 0.6039986078431373 1.0
0.7144176470588235 0.5487889411764706 0.5986160588235294 1.0
0.7105729411764706 0.5430988235294117 0.5932335098039216 1.0
0.7067282352941177 0.5374087058823529 0.5878509607843138 1.0
0.7028835294117647 0.531718588235294 0.5824684117647059 1.0
0.6990388235294118 0.5260284705882353 0.5770858627450981 1.0
0.6951941176470589 0.5203383529411765 0.5717033137254902 1.0
0.691349411764706 0.5146482352941177 0.5663207647058824 1.0
0.6875047058823529 0.5089581176470588 0.5609382156862746 1.0
0.68366 0.5032679999999999 0.5555556666666667 1.0
0.6798152941176471 0.49757788235294115 0.5501731176470589 1.0
0.6759705882352941 0.49188776470588236 0.544790568627451 1.0
0.6721258823529412 0.4861976470588235 0.5394080196078432 1.0
0.6682811764705883 0.48050752941176467 0.5340254705882354 1.0
0.6644364705882353 0.4748174117647058 0.5286429215686275 1.0
0.6605917647058824 0.4691272941176471 0.5232603725490197 1.0
0.6567470588235295 0.46343717647058824 0.5178778235294118 1.0
0.6529023529411765 0.4577470588235294 0.5124952745098039 1.0
0.6489807843137255 0.4529796666666666 0.5077278823529412 1.0
0.6449823529411765 0.44913499999999995 0.5035756470588235 1.0
0.6409839215686275 0.4452903333333333 0.4994234117647059 1.0
0.6369854901960784 0.4414456666666666 0.49527117647058827 1.0
0.6329870588235295 0.43760099999999996 0.4911189411764706 1.0
0.6289886274509804 0.43375633333333335 0.486966705882353 1.0
0.6249901960784313 0.42991166666666664 0.48281447058823534 1.0
0.6209917647058824 0.426067 0.47866223529411767 1.0
0.6169933333333333 0.4222223333333333 0.47451000000000004 1.0
0.6129949019607843 0.41837766666666665 0.47035776470588236 1.0
0.6089964705882353 0.414533 0.46620552941176474 1.0
0.6049980392156863 0.4106883333333333 0.46205329411764706 1.0
0.6009996078431372 0.40684366666666666 0.45790105882352944 1.0
0.5970011764705883 0.40299900000000005 0.4537488235294118 1.0
0.5930027450980392 0.39915433333333333 0.44959658823529414 1.0
0.5890043137254902 0.39530966666666667 0.44544435294117646 1.0
0.5850058823529412 0.39146499999999995 0.44129211764705883 1.0
0.5810074509803921 0.38762033333333334 0.4371398823529412 1.0
0.5770090196078431 0.3837756666666666 0.43298764705882353 1.0
0.573010588235294 0.379931 0.4288354117647059 1.0
0.5690121568627451 0.3760863333333333 0.42468317647058823 1.0
0.5650137254901961 0.3722416666666667 0.42053094117647066 1.0
0.5610152941176471 0.368397 0.41637870588235293 1.0
0.557016862745098 0.3645523333333333 0.4122264705882353 1.0
0.553018431372549 0.36070766666666665 0.4080742352941177 1.0
0.54902 0.356863 0.403922 1.0
0.5471745490196078 0.35470998039215684 0.40161517647058825 1.0
0.5453290980392156 0.3525569607843137 0.39930835294117645 1.0
0.5434836470588235 0.35040394117647056 0.3970015294117647 1.0
0.5416381960784313 0.34825092156862747 0.394694705882353 1.0
0.5397927450980392 0.34609790196078427 0.3923878823529412 1.0
0.537947294117647 0.3439448823529412 0.3900810588235294 1.0
0.5361018431372548 0.34179186274509804 0.38777423529411764 1.0
0.5342563921568627 0.3396388431372549 0.3854674117647059 1.0
0.5324109411764706 0.33748582352941175 0.38316058823529414 1.0
0.5305654901960783 0.3353328039215686 0.38085376470588234 1.0
0.5287200392156862 0.33317978431372547 0.3785469411764706 1.0
0.5268745882352941 0.3310267647058824 0.3762401176470589 1.0
0.525029137254902 0.3288737450980392 0.3739332941176471 1.0
0.5231836862745097 0.32672072549019604 0.3716264705882353 1.0
0.5213382352941176 0.32456770588235295 0.36931964705882353 1.0
0.5194927843137255 0.3224146862745098 0.3670128235294118 1.0
0.5176473333333333 0.32026166666666667 0.36470600000000003 1.0
0.5158018823529411 0.3181086470588235 0.3623991764705882 1.0
0.513956431372549 0.3159556274509804 0.3600923529411765 1.0
0.5121109803921569 0.3138026078431373 0.3577855294117648 1.0
0.5102655294117647 0.3116495882352941 0.355478705882353 1.0
0.5084200784313725 0.30949656862745095 0.35317188235294117 1.0
0.5065746274509804 0.3073435490196078 0.3508650588235294 1.0
0.5047291764705882 0.30519052941176467 0.34855823529411767 1.0
0.5028837254901961 0.3030375098039215 0.3462514117647059 1.0
0.5011151764705882 0.3008075882352941 0.34386770588235294 1.0
0.4994235294117647 0.2985007647058823 0.34140711764705883 1.0
0.4977318823529412 0.2961939411764706 0.33894652941176473 1.0
0.4960402352941176 0.2938871176470588 0.3364859411764706 1.0
0.49434858823529415 0.29158029411764713 0.3340253529411766 1.0
0.4926569411764706 0.28927347058823527 0.33156476470588236 1.0
0.49096529411764706 0.2869666470588235 0.32910417647058826 1.0
0.48927364705882354 0.28465982352941177 0.32664358823529416 1.0
0.487582 0.28235299999999997 0.324183 1.0
0.48589035294117644 0.2800461764705882 0.3217224117647059 1.0
0.4841987058823529 0.27773935294117646 0.3192618235294118 1.0
0.4825070588235294 0.2754325294117647 0.3168012352941177 1.0
0.4808154117647059 0.2731257058823529 0.31434064705882353 1.0
0.47912376470588236 0.27081888235294116 0.3118800588235294 1.0
0.47743211764705884 0.2685120588235294 0.3094194705882353 1.0
0.4757404705882353 0.26620523529411766 0.3069588823529412 1.0
0.47404882352941174 0.26389841176470585 0.30449829411764706 1.0
0.4723571764705882 0.2615915882352941 0.30203770588235296 1.0
0.4706655294117647 0.25928476470588235 0.29957711764705885 1.0
0.4689738823529412 0.2569779411764706 0.29711652941176475 1.0
0.4672822352941177 0.25467111764705885 0.29465594117647065 1.0
0.46559058823529414 0.25236429411764705 0.2921953529411765 1.0
0.46389894117647057 0.2500574705882353 0.2897347647058824 1.0
0.46220729411764705 0.24775064705882352 0.2872741764705883 1.0
0.46051564705882353 0.24544382352941174 0.2848135882352941 1.0
0.458824 0.243137 0.282353 1.0
0.45728611764705884 0.24098398039215685 0.28004617647058827 1.0
0.4557482352941177 0.2388309607843137 0.27773935294117646 1.0
0.45421035294117645 0.2366779411764706 0.2754325294117647 1.0
0.4526724705882353 0.23452492156862745 0.27312570588235296 1.0
0.4511345882352941 0.2323719019607843 0.2708188823529412 1.0
0.44959670588235295 0.23021888235294116 0.2685120588235294 1.0
0.4480588235294118 0.22806586274509805 0.26620523529411766 1.0
0.44652094117647056 0.2259128431372549 0.2638984117647059 1.0
0.4449830588235294 0.22375982352941176 0.26159158823529416 1.0
0.44344517647058823 0.22160680392156862 0.25928476470588235 1.0
0.4419072941176471 0.21945378431372556 0.25697794117647066 1.0
0.4403694117647059 0.21730076470588236 0.25467111764705885 1.0
0.43883152941176473 0.21514774509803922 0.25236429411764705 1.0
0.4372936470588235 0.21299472549019607 0.2500574705882353 1.0
0.43575576470588234 0.21084170588235296 0.24775064705882355 1.0
0.4342178823529412 0.20868868627450982 0.24544382352941177 1.0
0.43268 0.20653566666666667 0.24313700000000002 1.0
0.4311421176470588 0.20438264705882353 0.24083017647058824 1.0
0.4296042352941176 0.2022296274509804 0.2385233529411765 1.0
0.42806635294117645 0.20007660784313727 0.23621652941176471 1.0
0.4265284705882353 0.19792358823529413 0.23390970588235294 1.0
0.4249905882352941 0.19577056862745099 0.2316028823529412 1.0
0.42345270588235295 0.19361754901960787 0.2292960588235294 1.0
0.42191482352941173 0.19146452941176473 0.22698923529411766 1.0
0.42037694117647056 0.18931150980392158 0.22468241176470588 1.0
0.4188390588235294 0.18746607843137256 0.22260629411764707 1.0
0.4173011764705883 0.1859282352941177 0.22076088235294122 1.0
0.41576329411764706 0.18439039215686276 0.2189154705882353 1.0
0.41422541176470584 0.18285254901960785 0.21707005882352942 1.0
0.4126875294117647 0.18131470588235296 0.21522464705882352 1.0
0.4111496470588235 0.17977686274509805 0.21337923529411765 1.0
0.40961176470588234 0.17823901960784316 0.21153382352941177 1.0
0.4080738823529412 0.17670117647058825 0.20968841176470587 1.0
0.406536 0.17516333333333334 0.207843 1.0
0.40499811764705884 0.17362549019607845 0.20599758823529413 1.0
0.4034602352941176 0.17208764705882354 0.20415217647058823 1.0
0.40192235294117645 0.17054980392156865 0.20230676470588235 1.0
0.4003844705882353 0.16901196078431374 0.20046135294117648 1.0
0.3988465882352941 0.16747411764705883 0.19861594117647058 1.0
0.39730870588235295 0.16593627450980394 0.1967705294117647 1.0
0.3957708235294118 0.16439843137254903 0.19492511764705883 1.0
0.39423294117647056 0.16286058823529412 0.19307970588235293 1.0
0.39269505882352945 0.16132274509803926 0.1912342941176471 1.0
0.39115717647058823 0.15978490196078432 0.18938888235294116 1.0
0.38961929411764706 0.15824705882352944 0.18754347058823528 1.0
0.3880814117647059 0.15670921568627452 0.1856980588235294 1.0
0.38654352941176473 0.15517137254901964 0.18385264705882354 1.0
0.38500564705882356 0.15363352941176472 0.18200723529411764 1.0
0.38346776470588234 0.1520956862745098 0.18016182352941176 1.0
0.3819298823529412 0.1505578431372549 0.17831641176470586 1.0
0.380392 0.14902 0.176471 1.0
0.37885411764705884 0.1476358823529412 0.17462554901960783 1.0
0.3773162352941177 0.14625176470588236 0.17278009803921568 1.0
0.37577835294117645 0.14486764705882355 0.17093464705882352 1.0
0.3742404705882353 0.14348352941176473 0.16908919607843137 1.0
0.3727025882352941 0.1420994117647059 0.16724374509803921 1.0
0.37116470588235295 0.14071529411764708 0.16539829411764706 1.0
0.3696268235294118 0.13933117647058824 0.1635528431372549 1.0
0.3680889411764706 0.13794705882352945 0.16170739215686278 1.0
0.3665510588235294 0.1365629411764706 0.15986194117647057 1.0
0.36501317647058823 0.13517882352941177 0.1580164901960784 1.0
0.36347529411764706 0.13379470588235295 0.15617103921568626 1.0
0.3619374117647059 0.1324105882352941 0.1543255882352941 1.0
0.3603995294117647 0.1310264705882353 0.15248013725490195 1.0
0.3588616470588235 0.1296423529411765 0.1506346862745098 1.0
0.35732376470588234 0.12825823529411765 0.14878923529411764 1.0
0.3557858823529412 0.12687411764705883 0.14694378431372548 1.0
0.354248 0.12549000000000002 0.14509833333333333 1.0
0.3527101176470588 0.12410588235294118 0.14325288235294117 1.0
0.3511722352941176 0.12272176470588236 0.14140743137254902 1.0
0.34963435294117645 0.12133764705882354 0.13956198039215686 1.0
0.3480964705882353 0.11995352941176471 0.1377165294117647 1.0
0.3465585882352941 0.1185694117647059 0.13587107843137256 1.0
0.3450207058823529 0.11718529411764707 0.1340256274509804 1.0
0.3434828235294118 0.11580117647058828 0.13218017647058827 1.0
0.34194494117647056 0.11441705882352943 0.1303347254901961 1.0
0.33989446405228757 0.11269977124183007 0.12825860130718955 1.0
0.3373313921568627 0.1106493137254902 0.12595180392156863 1.0
0.3347683202614379 0.10859885620915033 0.1236450065359477 1.0
0.33220524836601306 0.10654839869281045 0.12133820915032678 1.0
0.3296421764705882 0.10449794117647059 0.11903141176470587 1.0
0.32707910457516337 0.1024474836601307 0.11672461437908495 1.0
0.3245160326797385 0.10039702614379084 0.11441781699346404 1.0
0.3219529607843137 0.09834656862745096 0.11211101960784312 1.0
0.31938988888888886 0.0962961111111111 0.10980422222222219 1.0
0.316826816993464 0.09424565359477122 0.10749742483660128 1.0
0.31426374509803917 0.09219519607843135 0.10519062745098036 1.0
0.3117006732026143 0.09014473856209147 0.10288383006535944 1.0
0.3091376013071895 0.08809428104575161 0.10057703267973853 1.0
0.30657452941176466 0.08604382352941173 0.0982702352941176 1.0
0.3040114575163399 0.08399336601307192 0.09596343790849676 1.0
0.30149962745098036 0.08196852941176468 0.09357974509803917 1.0
0.2991927647058823 0.0800461764705882 0.09088847058823525 1.0
0.29688590196078424 0.07812382352941173 0.08819719607843134 1.0
0.29457903921568623 0.07620147058823527 0.08550592156862742 1.0
0.2922721764705882 0.0742791176470588 0.08281464705882349 1.0
0.28996531372549017 0.07235676470588233 0.08012337254901958 1.0
0.2876584509803921 0.07043441176470587 0.07743209803921566 1.0
0.2853515882352941 0.0685120588235294 0.07474082352941175 1.0
0.28304472549019605 0.06658970588235293 0.07204954901960783 1.0
0.28073786274509804 0.06466735294117647 0.06935827450980392 1.0
0.278431 0.062745 0.066667 1.0
