1.0 0.921569 0.8 1.0
0.9990388235294118 0.9150330196078431 0.787120343137255 1.0
0.9980776470588235 0.9084970392156863 0.7742406862745098 1.0
0.9971164705882353 0.9019610588235294 0.7613610294117648 1.0
0.996155294117647 0.8954250784313725 0.7484813725490197 1.0
0.9951941176470588 0.8888890980392157 0.7356017156862745 1.0
0.9942329411764707 0.8823531176470588 0.7227220588235295 1.0
0.9932717647058824 0.875817137254902 0.7098424019607844 1.0
0.9923105882352942 0.8692811568627451 0.6969627450980392 1.0
0.9913494117647059 0.8627451764705882 0.6840830882352942 1.0
0.9903882352941177 0.8562091960784314 0.6712034313725491 1.0
0.9894270588235294 0.8496732156862745 0.658323774509804 1.0
0.9884658823529412 0.8431372352941177 0.6454441176470589 1.0
0.987504705882353 0.8366012549019608 0.6325644607843137 1.0
0.9865435294117647 0.8300652745098039 0.6196848039215687 1.0
0.9855823529411765 0.8235292941176471 0.6068051470588236 1.0
0.9846211764705882 0.8169933137254902 0.5939254901960785 1.0
0.98366 0.8104573333333334 0.5810458333333334 1.0
0.9826988235294118 0.8039213529411765 0.5681661764705883 1.0
0.9817376470588236 0.7973853725490196 0.5552865196078431 1.0
0.9807764705882354 0.7908493921568628 0.5424068627450982 1.0
0.9800459705882353 0.7850054705882353 0.5328720588235295 1.0
0.9794692549019608 0.7796229215686274 0.5255671568627451 1.0
0.9788925392156863 0.7742403725490197 0.5182622549019609 1.0
0.9783158235294118 0.7688578235294118 0.5109573529411765 1.0
0.9777391078431373 0.7634752745098039 0.5036524509803922 1.0
0.9771623921568627 0.7580927254901961 0.49634754901960787 1.0
0.9765856764705882 0.7527101764705882 0.48904264705882355 1.0
0.9760089607843138 0.7473276274509805 0.48173774509803924 1.0
0.9754322450980393 0.7419450784313726 0.474432843137255 1.0
0.9748555294117648 0.7365625294117647 0.4671279411764706 1.0
0.9742788137254902 0.7311799803921569 0.45982303921568635 1.0
0.9737020980392157 0.725797431372549 0.452518137254902 1.0
0.9731253823529412 0.7204148823529413 0.4452132352941177 1.0
0.9725486666666667 0.7150323333333334 0.43790833333333334 1.0
0.9719719509803921 0.7096497843137255 0.4306034313725491 1.0
0.9713952352941176 0.7042672352941177 0.4232985294117647 1.0
0.9708185196078432 0.6988846862745098 0.41599362745098045 1.0
0.9702418039215687 0.693502137254902 0.4086887254901961 1.0
0.9696650882352942 0.6881195882352942 0.4013838235294118 1.0
0.9690883725490196 0.6827370392156863 0.39407892156862745 1.0
0.968524477124183 0.6771494444444445 0.38690218954248373 1.0
0.9680118627450981 0.6707416666666667 0.38023813725490196 1.0
0.9674992483660131 0.6643338888888889 0.3735740849673203 1.0
0.9669866339869281 0.6579261111111111 0.3669100326797386 1.0
0.9664740196078432 0.6515183333333334 0.36024598039215694 1.0
0.9659614052287582 0.6451105555555556 0.35358192810457517 1.0
0.9654487908496732 0.6387027777777778 0.3469178758169935 1.0
0.9649361764705883 0.632295 0.3402538235294118 1.0
0.9644235620915033 0.6258872222222223 0.33358977124183015 1.0
0.9639109477124183 0.6194794444444445 0.3269257189542484 1.0
0.9633983333333334 0.6130716666666667 0.32026166666666667 1.0
0.9628857189542483 0.6066638888888889 0.31359761437908495 1.0
0.9623731045751633 0.6002561111111112 0.30693356209150335 1.0
0.9618604901960784 0.5938483333333333 0.3002695098039216 1.0
0.9613478758169934 0.5874405555555555 0.2936054575163399 1.0
0.9608352614379084 0.5810327777777778 0.28694140522875816 1.0
0.960092 0.5753170588235295 0.2828147647058824 1.0
0.9593231111111111 0.5696782352941177 0.27897005882352943 1.0
0.9585542222222222 0.564039411764706 0.27512535294117646 1.0
0.9577853333333333 0.5584005882352941 0.27128064705882354 1.0
0.9570164444444444 0.5527617647058825 0.2674359411764706 1.0
0.9562475555555555 0.5471229411764706 0.26359123529411765 1.0
0.9554786666666666 0.5414841176470588 0.25974652941176474 1.0
0.9547097777777778 0.5358452941176471 0.25590182352941176 1.0
0.9539408888888888 0.5302064705882353 0.25205711764705885 1.0
0.953172 0.5245676470588236 0.24821241176470593 1.0
0.9524031111111111 0.5189288235294118 0.24436770588235296 1.0
0.9516342222222222 0.51329 0.24052300000000001 1.0
0.9508653333333333 0.5076511764705882 0.23667829411764707 1.0
0.9500964444444444 0.5020123529411765 0.23283358823529413 1.0
0.9493275555555555 0.4963735294117647 0.22898888235294118 1.0
0.9482510588235294 0.4915036078431373 0.2254517843137255 1.0
0.9469694901960785 0.48714628758169937 0.22211975816993465 1.0
0.9456879215686275 0.48278896732026155 0.21878773202614385 1.0
0.9444063529411765 0.4784316470588236 0.21545570588235294 1.0
0.9431247843137255 0.47407432679738565 0.21212367973856208 1.0
0.9418432156862745 0.4697170065359477 0.20879165359477125 1.0
0.9405616470588235 0.46535968627450985 0.2054596274509804 1.0
0.9392800784313725 0.46100236601307193 0.20212760130718954 1.0
0.9379985098039215 0.456645045751634 0.19879557516339869 1.0
0.9367169411764706 0.45228772549019614 0.19546354901960783 1.0
0.9354353725490197 0.44793040522875827 0.19213152287581703 1.0
0.9341538039215687 0.4435730849673203 0.18879949673202615 1.0
0.9328722352941177 0.4392157647058824 0.1854674705882353 1.0
0.9315906666666667 0.4348584444444445 0.18213544444444443 1.0
0.9303090980392157 0.43050112418300657 0.1788034183006536 1.0
0.9290275294117647 0.42614380392156864 0.17585584313725489 1.0
0.9277459607843137 0.4217864836601308 0.1738053202614379 1.0
0.9264643921568627 0.41742916339869285 0.1717547973856209 1.0
0.9251828235294118 0.413071843137255 0.16970427450980394 1.0
0.9239012549019607 0.408714522875817 0.16765375163398694 1.0
0.9226196862745097 0.40435720261437913 0.16560322875816993 1.0
0.9213381176470589 0.3999998823529412 0.16355270588235293 1.0
0.9200565490196079 0.3956425620915033 0.16150218300653596 1.0
0.9187749803921569 0.39128524183006536 0.15945166013071896 1.0
0.9174934117647059 0.38692792156862743 0.15740113725490196 1.0
0.9162118431372549 0.38257060130718956 0.15535061437908498 1.0
0.9149302745098039 0.3782132810457517 0.153300091503268 1.0
0.9136487058823529 0.3738559607843137 0.15124956862745098 1.0
0.9123671372549019 0.36949864052287584 0.14919904575163398 1.0
0.9110855686274509 0.3651413202614379 0.147148522875817 1.0
0.909804 0.360784 0.145098 1.0
0.9088428235294117 0.3573238039215686 0.14413682352941176 1.0
0.9078816470588235 0.35386360784313725 0.14317564705882352 1.0
0.9069204705882352 0.35040341176470585 0.1422144705882353 1.0
0.905959294117647 0.34694321568627456 0.14125329411764706 1.0
0.9049981176470587 0.3434830196078431 0.14029211764705882 1.0
0.9040369411764706 0.34002282352941177 0.13933094117647057 1.0
0.9030757647058824 0.33656262745098037 0.13836976470588236 1.0
0.9021145882352941 0.333102431372549 0.13740858823529412 1.0
0.9011534117647059 0.3296422352941176 0.13644741176470587 1.0
0.9001922352941176 0.3261820392156863 0.13548623529411763 1.0
0.8992310588235294 0.3227218431372549 0.13452505882352941 1.0
0.8982698823529411 0.31926164705882354 0.13356388235294117 1.0
0.8973087058823529 0.31580145098039214 0.13260270588235293 1.0
0.8963475294117647 0.31234125490196074 0.13164152941176469 1.0
0.8953863529411764 0.3088810588235294 0.13068035294117647 1.0
0.8944251764705882 0.305420862745098 0.12971917647058823 1.0
0.8934639999999999 0.30196066666666666 0.12875799999999998 1.0
0.8925028235294117 0.29850047058823526 0.12779682352941174 1.0
0.8915416470588235 0.2950402745098039 0.12683564705882353 1.0
0.8905804705882353 0.29158007843137257 0.12587447058823528 1.0
0.8894270588235293 0.28696647058823527 0.1247210588235294 1.0
0.8881454901960785 0.28158392156862744 0.12343949019607842 1.0
0.8868639215686275 0.2762013725490196 0.12215792156862744 1.0
0.8855823529411765 0.2708188235294118 0.12087635294117646 1.0
0.8843007843137255 0.26543627450980395 0.11959478431372549 1.0
0.8830192156862745 0.2600537254901961 0.11831321568627451 1.0
0.8817376470588235 0.25467117647058823 0.11703164705882353 1.0
0.8804560784313725 0.2492886274509804 0.11575007843137256 1.0
0.8791745098039215 0.24390607843137257 0.11446850980392158 1.0
0.8778929411764707 0.2385235294117649 0.11318694117647063 1.0
0.8766113725490197 0.23314098039215692 0.11190537254901962 1.0
0.8753298039215687 0.22775843137254909 0.11062380392156865 1.0
0.8740482352941177 0.22237588235294126 0.10934223529411766 1.0
0.8727666666666667 0.21699333333333343 0.1080606666666667 1.0
0.8714850980392157 0.2116107843137256 0.1067790980392157 1.0
0.8699728627450981 0.206612705882353 0.10542064705882356 1.0
0.8679224052287582 0.20251172549019614 0.10388280392156865 1.0
0.8658719477124184 0.19841074509803927 0.10234496078431375 1.0
0.8638214901960785 0.1943097647058824 0.10080711764705885 1.0
0.8617710326797386 0.19020878431372554 0.09926927450980394 1.0
0.8597205751633987 0.18610780392156867 0.09773143137254904 1.0
0.8576701176470588 0.1820068235294118 0.09619358823529413 1.0
0.855619660130719 0.17790584313725494 0.09465574509803923 1.0
0.8535692026143791 0.17380486274509807 0.09311790196078433 1.0
0.8515187450980393 0.1697038823529412 0.09158005882352942 1.0
0.8494682875816995 0.16560290196078445 0.09004221568627456 1.0
0.8474178300653594 0.16150192156862747 0.0885043725490196 1.0
0.8453673725490196 0.1574009411764706 0.0869665294117647 1.0
0.8433169150326797 0.15329996078431374 0.08542868627450981 1.0
0.8412664575163399 0.14919898039215687 0.0838908431372549 1.0
0.839216 0.145098 0.082353 1.0
0.836652862745098 0.14330381699346406 0.083121954248366 1.0
0.8340897254901961 0.14150963398692812 0.08389090849673202 1.0
0.8315265882352941 0.13971545098039218 0.08465986274509803 1.0
0.8289634509803921 0.13792126797385623 0.08542881699346405 1.0
0.8264003137254902 0.13612708496732026 0.08619777124183006 1.0
0.8238371764705883 0.13433290196078432 0.08696672549019607 1.0
0.8212740392156863 0.13253871895424837 0.08773567973856208 1.0
0.8187109019607843 0.13074453594771243 0.0885046339869281 1.0
0.8161477647058824 0.1289503529411765 0.0892735882352941 1.0
0.8135846274509804 0.12715616993464054 0.09004254248366012 1.0
0.8110214901960785 0.12536198692810463 0.09081149673202611 1.0
0.8084583529411765 0.12356780392156864 0.09158045098039214 1.0
0.8058952156862745 0.1217736209150327 0.09234940522875816 1.0
0.8033320784313727 0.11997943790849674 0.09311835947712417 1.0
0.8007689411764707 0.1181852549019608 0.09388731372549018 1.0
0.7976675816993465 0.1171087320261438 0.09465622222222221 1.0
0.7943355555555557 0.11633977777777779 0.0954251111111111 1.0
0.7910035294117648 0.11557082352941177 0.09619399999999999 1.0
0.787671503267974 0.11480186928104576 0.09696288888888888 1.0
0.7843394771241831 0.11403291503267975 0.09773177777777776 1.0
0.7810074509803923 0.11326396078431374 0.09850066666666665 1.0
0.7776754248366013 0.11249500653594771 0.09926955555555556 1.0
0.7743433986928105 0.1117260522875817 0.10003844444444444 1.0
0.7710113725490196 0.11095709803921569 0.10080733333333333 1.0
0.7676793464052288 0.11018814379084968 0.10157622222222222 1.0
0.7643473202614379 0.10941918954248367 0.10234511111111111 1.0
0.7610152941176471 0.10865023529411767 0.10311399999999998 1.0
0.7576832679738562 0.10788128104575163 0.10388288888888889 1.0
0.7543512418300654 0.10711232679738562 0.10465177777777779 1.0
0.7510192156862745 0.10634337254901961 0.10542066666666668 1.0
0.7477896993464053 0.106087045751634 0.10659967320261439 1.0
0.7447139477124183 0.10659966013071896 0.10839385620915033 1.0
0.7416381960784314 0.10711227450980393 0.11018803921568629 1.0
0.7385624444444444 0.1076248888888889 0.11198222222222223 1.0
0.7354866928104575 0.10813750326797386 0.11377640522875818 1.0
0.7324109411764705 0.10865011764705883 0.11557058823529412 1.0
0.7293351895424837 0.1091627320261438 0.11736477124183008 1.0
0.7262594379084967 0.10967534640522876 0.11915895424836602 1.0
0.7231836862745098 0.11018796078431373 0.12095313725490196 1.0
0.7201079346405228 0.11070057516339869 0.12274732026143792 1.0
0.7170321830065359 0.11121318954248366 0.12454150326797386 1.0
0.713956431372549 0.11172580392156863 0.1263356862745098 1.0
0.7108806797385622 0.11223841830065358 0.1281298692810457 1.0
0.7078049281045751 0.11275103267973857 0.1299240522875817 1.0
0.7047291764705882 0.11326364705882354 0.13171823529411764 1.0
0.7015509019607843 0.113725 0.1334355294117647 1.0
0.6974499215686274 0.113725 0.13446082352941177 1.0
0.6933489411764705 0.113725 0.13548611764705884 1.0
0.6892479607843137 0.113725 0.13651141176470588 1.0
0.6851469803921568 0.113725 0.13753670588235295 1.0
0.6810459999999999 0.113725 0.13856200000000002 1.0
0.6769450196078431 0.113725 0.13958729411764706 1.0
0.6728440392156863 0.113725 0.14061258823529413 1.0
0.6687430588235294 0.113725 0.1416378823529412 1.0
0.6646420784313725 0.113725 0.14266317647058824 1.0
0.6605410980392157 0.113725 0.1436884705882353 1.0
0.6564401176470588 0.113725 0.14471376470588238 1.0
0.6523391372549019 0.113725 0.14573905882352944 1.0
0.6482381568627452 0.113725 0.14676435294117646 1.0
0.6441371764705882 0.113725 0.14778964705882355 1.0
0.6400361960784313 0.113725 0.14881494117647062 1.0
0.6367553882352941 0.11421717254901961 0.15025024313725494 1.0
0.6336796235294118 0.11483238823529412 0.15178804705882354 1.0
0.6306038588235294 0.11544760392156864 0.15332585098039217 1.0
0.6275280941176471 0.11606281960784315 0.1548636549019608 1.0
0.6244523294117647 0.11667803529411765 0.15640145882352943 1.0
0.6213765647058823 0.11729325098039216 0.15793926274509804 1.0
0.6183008 0.11790846666666667 0.15947706666666667 1.0
0.6152250352941177 0.11852368235294117 0.1610148705882353 1.0
0.6121492705882353 0.11913889803921568 0.1625526745098039 1.0
0.609073505882353 0.11975411372549019 0.16409047843137253 1.0
0.6059977411764707 0.1203693294117647 0.16562828235294116 1.0
0.6029219764705882 0.1209845450980392 0.1671660862745098 1.0
0.5997693176470589 0.12155361960784314 0.16867313725490193 1.0
0.5951556705882355 0.1212460117647059 0.16959588235294112 1.0
0.5905420235294118 0.12093840392156863 0.17051862745098037 1.0
0.5859283764705883 0.12063079607843137 0.1714413725490196 1.0
0.5813147294117648 0.12032318823529412 0.1723641176470588 1.0
0.5767010823529412 0.12001558039215686 0.17328686274509802 1.0
0.5720874352941177 0.1197079725490196 0.17420960784313724 1.0
0.5674737882352942 0.11940036470588235 0.17513235294117646 1.0
0.5628601411764705 0.11909275686274509 0.17605509803921568 1.0
0.558246494117647 0.11878514901960784 0.1769778431372549 1.0
0.5536328470588235 0.1184775411764706 0.17790058823529412 1.0
0.5490191999999999 0.11816993333333334 0.17882333333333333 1.0
0.5444055529411764 0.11786232549019608 0.17974607843137255 1.0
0.5399457058823529 0.1178007843137255 0.18077647058823532 1.0
0.535844725490196 0.11831339869281046 0.18205803921568628 1.0
0.5317437450980391 0.11882601307189543 0.18333960784313727 1.0
0.5276427647058823 0.1193386274509804 0.18462117647058823 1.0
0.5235417843137256 0.11985124183006535 0.1859027450980392 1.0
0.5194408039215686 0.12036385620915033 0.18718431372549021 1.0
0.5153398235294118 0.1208764705882353 0.18846588235294118 1.0
0.5112388431372549 0.12138908496732026 0.18974745098039217 1.0
0.507137862745098 0.12190169934640523 0.19102901960784316 1.0
0.5030368823529412 0.12241431372549019 0.19231058823529412 1.0
0.4989359019607843 0.12292692810457516 0.1935921568627451 1.0
0.4948349215686274 0.12343954248366013 0.19487372549019608 1.0
0.49073394117647057 0.12395215686274509 0.19615529411764707 1.0
0.48663296078431373 0.12446477124183006 0.19743686274509806 1.0
0.48253198039215683 0.12497738562091502 0.19871843137254902 1.0
0.478431 0.12549 0.2 1.0
