0.496845 0.099626 0.0 1.0
0.501412 0.111589 0.003827 1.0
0.505948 0.122812 0.007536 1.0
0.51049 0.13362 0.011176 1.0
0.515017 0.143973 0.014691 1.0
0.519529 0.153965 0.017936 1.0
0.524028 0.163733 0.02102 1.0
0.528514 0.173192 0.023941 1.0
0.532977 0.182467 0.026768 1.0
0.537418 0.191589 0.02974 1.0
0.541815 0.200535 0.032886 1.0
0.546205 0.20938 0.036371 1.0
0.550547 0.218097 0.03985 1.0
0.554865 0.226705 0.043275 1.0
0.559151 0.235223 0.046908 1.0
0.563416 0.243617 0.050381 1.0
0.56764 0.251989 0.053844 1.0
0.571835 0.260262 0.057332 1.0
0.576012 0.268483 0.06081 1.0
0.580145 0.27665 0.064287 1.0
0.58425 0.284743 0.067738 1.0
0.588325 0.29281 0.071178 1.0
0.592391 0.300829 0.074547 1.0
0.59641 0.308833 0.077891 1.0
0.600407 0.316771 0.081344 1.0
0.604386 0.324676 0.084709 1.0
0.608336 0.332582 0.088059 1.0
0.612252 0.340432 0.091425 1.0
0.616159 0.348266 0.094762 1.0
0.620044 0.356084 0.098071 1.0
0.623904 0.363867 0.101346 1.0
0.627742 0.371641 0.104624 1.0
0.631566 0.37941 0.107945 1.0
0.635369 0.387155 0.111286 1.0
0.639163 0.394901 0.114522 1.0
0.642941 0.402629 0.11786 1.0
0.646709 0.410367 0.121118 1.0
0.650464 0.418074 0.124428 1.0
0.654209 0.425794 0.127755 1.0
0.657953 0.433508 0.131082 1.0
0.661687 0.441231 0.134416 1.0
0.665412 0.448963 0.137762 1.0
0.669142 0.456684 0.141122 1.0
0.672873 0.464433 0.144496 1.0
0.676601 0.472178 0.147905 1.0
0.680329 0.479939 0.15134 1.0
0.684071 0.487719 0.154835 1.0
0.687827 0.495507 0.158398 1.0
0.691588 0.50332 0.161996 1.0
0.695366 0.511166 0.165603 1.0
0.699156 0.519045 0.16938 1.0
0.702975 0.526947 0.173152 1.0
0.706813 0.534877 0.177058 1.0
0.710674 0.542854 0.181032 1.0
0.71456 0.550866 0.185175 1.0
0.718485 0.55892 0.189387 1.0
0.722442 0.567038 0.193767 1.0
0.726444 0.575192 0.198261 1.0
0.730485 0.583405 0.202947 1.0
0.734572 0.591684 0.207814 1.0
0.738704 0.600015 0.212854 1.0
0.742889 0.608418 0.218131 1.0
0.747123 0.616876 0.223611 1.0
0.751418 0.625398 0.229326 1.0
0.75576 0.633996 0.235325 1.0
0.760163 0.642647 0.241558 1.0
0.764626 0.651366 0.248089 1.0
0.769138 0.660138 0.254901 1.0
0.773709 0.668966 0.261999 1.0
0.778335 0.67784 0.269434 1.0
0.783001 0.686744 0.277165 1.0
0.787711 0.69568 0.285203 1.0
0.792457 0.704622 0.293581 1.0
0.797224 0.713566 0.302268 1.0
0.80201 0.722486 0.31128 1.0
0.806806 0.731375 0.320593 1.0
0.811588 0.74021 0.330173 1.0
0.816353 0.748957 0.340035 1.0
0.821078 0.757611 0.350147 1.0
0.825755 0.766142 0.360474 1.0
0.830371 0.774522 0.371026 1.0
0.834903 0.782742 0.381762 1.0
0.839338 0.790773 0.392642 1.0
0.843655 0.798596 0.403654 1.0
0.84785 0.806194 0.414747 1.0
0.851905 0.813544 0.425906 1.0
0.855801 0.820643 0.437113 1.0
0.859527 0.827476 0.448313 1.0
0.863076 0.834035 0.459504 1.0
0.866428 0.840307 0.470649 1.0
0.869582 0.846288 0.481729 1.0
0.872531 0.851993 0.492717 1.0
0.87526 0.857403 0.503618 1.0
0.877767 0.86254 0.514408 1.0
0.880043 0.867387 0.525057 1.0
0.882089 0.871973 0.535567 1.0
0.883897 0.876287 0.545948 1.0
0.885456 0.88035 0.556154 1.0
0.886771 0.884173 0.566222 1.0
0.887829 0.887752 0.576132 1.0
0.888639 0.891111 0.585868 1.0
0.889183 0.894257 0.595438 1.0
0.889462 0.897197 0.604853 1.0
0.889474 0.899939 0.614094 1.0
0.889213 0.902497 0.623186 1.0
0.888675 0.904879 0.632101 1.0
0.887849 0.907092 0.640851 1.0
0.886743 0.909141 0.649445 1.0
0.88534 0.911042 0.657868 1.0
0.883645 0.912793 0.666117 1.0
0.881647 0.914403 0.674206 1.0
0.879342 0.91587 0.682122 1.0
0.87673 0.917216 0.689876 1.0
0.873812 0.91842 0.697447 1.0
0.870576 0.919502 0.70485 1.0
0.867026 0.920459 0.712073 1.0
0.863164 0.921295 0.719118 1.0
0.858974 0.922011 0.72598 1.0
0.854472 0.922602 0.732657 1.0
0.849654 0.923073 0.739148 1.0
0.844516 0.923422 0.745441 1.0
0.839064 0.923648 0.751554 1.0
0.833303 0.92375 0.757464 1.0
0.827233 0.923728 0.763181 1.0
0.820858 0.923578 0.768703 1.0
0.814185 0.923298 0.77403 1.0
0.807223 0.922886 0.779162 1.0
0.79997 0.92234 0.7841 1.0
0.792431 0.921655 0.788832 1.0
0.784623 0.920824 0.793371 1.0
0.776542 0.919856 0.797707 1.0
0.768196 0.918734 0.801854 1.0
0.759602 0.917467 0.805806 1.0
0.750772 0.916029 0.809568 1.0
0.741691 0.914442 0.813132 1.0
0.732395 0.912681 0.816514 1.0
0.722868 0.910753 0.819696 1.0
0.713142 0.908647 0.822701 1.0
0.703222 0.906364 0.825512 1.0
0.693114 0.903893 0.82814 1.0
0.682827 0.901238 0.830587 1.0
0.672388 0.89839 0.832843 1.0
0.661799 0.895352 0.834922 1.0
0.651074 0.892115 0.836817 1.0
0.640238 0.888678 0.838527 1.0
0.629296 0.885038 0.840063 1.0
0.618282 0.8812 0.841411 1.0
0.607206 0.877157 0.842583 1.0
0.596077 0.872922 0.843568 1.0
0.584937 0.86849 0.844384 1.0
0.573789 0.863858 0.84502 1.0
0.562674 0.859031 0.845478 1.0
0.551593 0.854022 0.845762 1.0
0.54058 0.848838 0.845876 1.0
0.529662 0.843474 0.84582 1.0
0.518858 0.837953 0.845599 1.0
0.508186 0.832268 0.845215 1.0
0.49767 0.826435 0.844672 1.0
0.487327 0.820459 0.843969 1.0
0.477178 0.814357 0.843121 1.0
0.467254 0.808137 0.84213 1.0
0.457548 0.801802 0.840993 1.0
0.448093 0.795369 0.839727 1.0
0.438894 0.78885 0.838326 1.0
0.429973 0.782245 0.836809 1.0
0.421314 0.775567 0.835174 1.0
0.41296 0.768827 0.833431 1.0
0.404865 0.762037 0.831588 1.0
0.39707 0.755206 0.829645 1.0
0.38957 0.748331 0.827608 1.0
0.38235 0.741419 0.825492 1.0
0.375417 0.734495 0.823301 1.0
0.368773 0.727543 0.821037 1.0
0.362383 0.720579 0.818704 1.0
0.356266 0.71361 0.816321 1.0
0.350401 0.706638 0.813871 1.0
0.344767 0.699655 0.811381 1.0
0.339388 0.69269 0.808842 1.0
0.334215 0.685718 0.806262 1.0
0.329259 0.678754 0.803644 1.0
0.324478 0.671805 0.800996 1.0
0.319917 0.664865 0.798319 1.0
0.315514 0.657949 0.795616 1.0
0.311269 0.651037 0.792896 1.0
0.307176 0.644139 0.790151 1.0
0.303223 0.63727 0.787394 1.0
0.299421 0.630415 0.784624 1.0
0.295709 0.623578 0.781839 1.0
0.292126 0.616757 0.779042 1.0
0.288637 0.609952 0.776243 1.0
0.285227 0.603177 0.773433 1.0
0.281932 0.596418 0.770627 1.0
0.278695 0.589674 0.767809 1.0
0.275536 0.582959 0.765001 1.0
0.272407 0.576276 0.762181 1.0
0.269386 0.569588 0.759366 1.0
0.266385 0.562945 0.756558 1.0
0.263447 0.556303 0.753748 1.0
0.260532 0.549699 0.750948 1.0
0.257663 0.543111 0.748143 1.0
0.254858 0.536546 0.745342 1.0
0.252055 0.529996 0.742553 1.0
0.24928 0.523472 0.739769 1.0
0.246538 0.516968 0.736982 1.0
0.243816 0.510478 0.734207 1.0
0.241139 0.504023 0.731435 1.0
0.23846 0.497585 0.728673 1.0
0.235832 0.491168 0.725921 1.0
0.233172 0.484751 0.723166 1.0
0.230563 0.478376 0.720425 1.0
0.227981 0.472024 0.717696 1.0
0.22538 0.465671 0.714962 1.0
0.222818 0.459363 0.71224 1.0
0.220261 0.453062 0.709531 1.0
0.217698 0.44678 0.706824 1.0
0.21514 0.440515 0.704119 1.0
0.212618 0.434272 0.701424 1.0
0.210094 0.428057 0.698736 1.0
0.207584 0.421842 0.696062 1.0
0.205069 0.415662 0.693386 1.0
0.202559 0.409496 0.690714 1.0
0.200048 0.403347 0.688058 1.0
0.197574 0.397204 0.685404 1.0
0.195089 0.391098 0.682752 1.0
0.192594 0.384984 0.680105 1.0
0.190104 0.378904 0.677478 1.0
0.187646 0.37283 0.67484 1.0
0.185147 0.366784 0.672216 1.0
0.18262 0.360728 0.669595 1.0
0.180129 0.354723 0.666972 1.0
0.17766 0.348701 0.664362 1.0
0.175131 0.342707 0.661761 1.0
0.172593 0.336706 0.65915 1.0
0.170075 0.330723 0.656558 1.0
0.167525 0.324753 0.653958 1.0
0.164939 0.318804 0.651369 1.0
0.162384 0.312849 0.64878 1.0
0.159737 0.306914 0.646193 1.0
0.15712 0.30097 0.643609 1.0
0.154458 0.295044 0.64103 1.0
0.15176 0.289137 0.638458 1.0
0.149038 0.283217 0.635885 1.0
0.146267 0.277303 0.633315 1.0
0.14346 0.27138 0.630749 1.0
0.140601 0.265474 0.62818 1.0
0.137689 0.259574 0.625609 1.0
0.134704 0.253654 0.623048 1.0
0.131632 0.247744 0.620488 1.0
0.128492 0.241818 0.617918 1.0
0.12528 0.235896 0.615354 1.0
0.121937 0.22993 0.612792 1.0
0.118594 0.223993 0.610234 1.0
0.115017 0.218053 0.60768 1.0
0.111419 0.212093 0.605113 1.0
0.107611 0.20611 0.602552 1.0
0.103699 0.200063 0.599992 1.0
