0.451374 0.223459 0.341871 1.0
0.454179 0.222444 0.336099 1.0
0.456965 0.221584 0.330428 1.0
0.459746 0.220902 0.324834 1.0
0.462509 0.220346 0.319346 1.0
0.465269 0.219936 0.313938 1.0
0.468026 0.21968 0.308619 1.0
0.470782 0.219577 0.303367 1.0
0.473519 0.219624 0.298218 1.0
0.476275 0.219821 0.293158 1.0
0.479024 0.220172 0.288184 1.0
0.481779 0.220673 0.283304 1.0
0.48453 0.221302 0.278502 1.0
0.487308 0.222079 0.27379 1.0
0.490079 0.223041 0.269167 1.0
0.492862 0.224106 0.264606 1.0
0.49567 0.225363 0.260159 1.0
0.4985 0.22677 0.255786 1.0
0.501335 0.228325 0.251528 1.0
0.504195 0.229992 0.247331 1.0
0.507065 0.23188 0.24322 1.0
0.509968 0.233866 0.239229 1.0
0.512896 0.23605 0.235334 1.0
0.515844 0.23835 0.231514 1.0
0.518842 0.240823 0.227787 1.0
0.521842 0.243453 0.224136 1.0
0.524894 0.246246 0.220647 1.0
0.527969 0.2492 0.217203 1.0
0.531082 0.252307 0.213873 1.0
0.534225 0.255563 0.210643 1.0
0.537416 0.258987 0.207528 1.0
0.54063 0.262549 0.204524 1.0
0.543886 0.266281 0.201585 1.0
0.547179 0.270169 0.198791 1.0
0.550515 0.274192 0.196132 1.0
0.553885 0.278386 0.193559 1.0
0.557305 0.282735 0.191089 1.0
0.560748 0.287203 0.18877 1.0
0.564244 0.29186 0.186548 1.0
0.567772 0.296649 0.184461 1.0
0.57134 0.301568 0.182483 1.0
0.574948 0.306664 0.180655 1.0
0.578598 0.311864 0.178977 1.0
0.582284 0.31724 0.17743 1.0
0.586017 0.322749 0.175966 1.0
0.589771 0.328376 0.17473 1.0
0.593578 0.334152 0.173585 1.0
0.597416 0.340051 0.172608 1.0
0.601285 0.346065 0.171791 1.0
0.605194 0.352226 0.171139 1.0
0.609146 0.358507 0.170652 1.0
0.613114 0.364912 0.170337 1.0
0.617133 0.371432 0.170196 1.0
0.621178 0.37808 0.170234 1.0
0.625257 0.384833 0.170456 1.0
0.629367 0.391713 0.170869 1.0
0.633516 0.398692 0.17148 1.0
0.63769 0.405793 0.172295 1.0
0.641897 0.412993 0.173322 1.0
0.646135 0.42029 0.174579 1.0
0.650407 0.427708 0.176 1.0
0.654703 0.435222 0.177736 1.0
0.659036 0.442831 0.179619 1.0
0.663407 0.450539 0.181754 1.0
0.667798 0.458344 0.184159 1.0
0.672217 0.466246 0.186797 1.0
0.676668 0.474246 0.189683 1.0
0.68114 0.482334 0.192826 1.0
0.685655 0.490514 0.196242 1.0
0.690187 0.498775 0.199872 1.0
0.694745 0.507119 0.203841 1.0
0.699332 0.515544 0.20803 1.0
0.703944 0.524059 0.212508 1.0
0.708579 0.532648 0.217265 1.0
0.713225 0.541296 0.222288 1.0
0.717895 0.550029 0.22761 1.0
0.722571 0.558812 0.23318 1.0
0.727265 0.567668 0.239068 1.0
0.731968 0.576577 0.245213 1.0
0.736664 0.585526 0.251677 1.0
0.74136 0.594511 0.258373 1.0
0.746052 0.603542 0.265369 1.0
0.750732 0.612587 0.27263 1.0
0.755385 0.621656 0.280165 1.0
0.760006 0.630745 0.287962 1.0
0.764599 0.639821 0.296021 1.0
0.769139 0.648887 0.304326 1.0
0.773631 0.657933 0.312873 1.0
0.778064 0.666936 0.321653 1.0
0.782419 0.675905 0.330656 1.0
0.786695 0.68481 0.339884 1.0
0.790867 0.693646 0.349292 1.0
0.794942 0.7024 0.358881 1.0
0.798901 0.711061 0.368667 1.0
0.802727 0.719608 0.378588 1.0
0.806422 0.728028 0.388664 1.0
0.809958 0.736314 0.398854 1.0
0.813335 0.744458 0.409164 1.0
0.816545 0.752436 0.419568 1.0
0.819561 0.760246 0.430039 1.0
0.822394 0.767865 0.440566 1.0
0.82501 0.775295 0.451146 1.0
0.827418 0.782521 0.461742 1.0
0.829604 0.789531 0.472346 1.0
0.831554 0.796313 0.482931 1.0
0.833258 0.802869 0.493494 1.0
0.834717 0.809192 0.504023 1.0
0.835918 0.815263 0.514486 1.0
0.836858 0.821087 0.524871 1.0
0.837531 0.826662 0.53517 1.0
0.837927 0.831978 0.545375 1.0
0.838045 0.837031 0.555455 1.0
0.837883 0.841824 0.565417 1.0
0.837435 0.846348 0.57525 1.0
0.836696 0.850614 0.584935 1.0
0.835669 0.854618 0.594457 1.0
0.834353 0.858353 0.603824 1.0
0.832739 0.861831 0.613005 1.0
0.830839 0.865039 0.622016 1.0
0.828643 0.867997 0.630853 1.0
0.826153 0.870685 0.639486 1.0
0.823373 0.873124 0.647922 1.0
0.820303 0.875309 0.656171 1.0
0.81695 0.877238 0.664202 1.0
0.813306 0.878922 0.672031 1.0
0.809388 0.880359 0.679644 1.0
0.805181 0.881555 0.687053 1.0
0.800706 0.882504 0.694237 1.0
0.795954 0.88322 0.701215 1.0
0.790939 0.883702 0.70797 1.0
0.785664 0.883948 0.714502 1.0
0.780124 0.883963 0.720819 1.0
0.774335 0.88375 0.726915 1.0
0.768301 0.883309 0.732792 1.0
0.762029 0.882644 0.738441 1.0
0.755527 0.881765 0.743873 1.0
0.748792 0.880661 0.749079 1.0
0.741841 0.879343 0.754074 1.0
0.734683 0.877813 0.758841 1.0
0.727313 0.876068 0.763388 1.0
0.719756 0.874113 0.767719 1.0
0.712006 0.871955 0.771837 1.0
0.704082 0.869584 0.775732 1.0
0.695993 0.867012 0.779414 1.0
0.687741 0.864247 0.782882 1.0
0.679339 0.861273 0.786143 1.0
0.67081 0.858109 0.789187 1.0
0.66215 0.854755 0.792019 1.0
0.653362 0.851204 0.794649 1.0
0.644479 0.847473 0.797069 1.0
0.635505 0.843557 0.799296 1.0
0.626448 0.839467 0.80131 1.0
0.617323 0.835195 0.80313 1.0
0.608145 0.830754 0.804757 1.0
0.598912 0.826142 0.80619 1.0
0.589646 0.82137 0.807431 1.0
0.580374 0.816441 0.808484 1.0
0.571083 0.811354 0.809355 1.0
0.561811 0.80612 0.810038 1.0
0.552547 0.800742 0.810547 1.0
0.543317 0.795225 0.810885 1.0
0.534125 0.789579 0.811051 1.0
0.524999 0.783805 0.811048 1.0
0.515929 0.777906 0.810881 1.0
0.506955 0.771892 0.810554 1.0
0.498077 0.765771 0.810073 1.0
0.489276 0.759536 0.809444 1.0
0.480607 0.75321 0.808662 1.0
0.472072 0.746795 0.807735 1.0
0.463654 0.74029 0.806671 1.0
0.455394 0.733701 0.805462 1.0
0.447279 0.727034 0.80413 1.0
0.439337 0.720299 0.802661 1.0
0.431578 0.713497 0.80107 1.0
0.423976 0.706638 0.79936 1.0
0.416583 0.699711 0.797521 1.0
0.40938 0.692747 0.79557 1.0
0.402372 0.685723 0.793511 1.0
0.395598 0.678655 0.79133 1.0
0.389026 0.671549 0.789048 1.0
0.382671 0.664406 0.786657 1.0
0.376562 0.657236 0.784158 1.0
0.37066 0.650026 0.781553 1.0
0.365016 0.642789 0.778844 1.0
0.359615 0.635525 0.776036 1.0
0.354461 0.628244 0.773123 1.0
0.349553 0.620936 0.770113 1.0
0.344901 0.613599 0.766998 1.0
0.340512 0.606253 0.763782 1.0
0.336374 0.598893 0.760465 1.0
0.332529 0.591514 0.75704 1.0
0.32893 0.584115 0.75351 1.0
0.325587 0.576714 0.749871 1.0
0.322555 0.56928 0.746129 1.0
0.319777 0.561855 0.742275 1.0
0.317272 0.554406 0.738302 1.0
0.315046 0.546949 0.734221 1.0
0.313109 0.539477 0.730018 1.0
0.311441 0.532009 0.725695 1.0
0.310071 0.524525 0.721239 1.0
0.308966 0.517042 0.716673 1.0
0.308112 0.509546 0.711966 1.0
0.307548 0.502054 0.707132 1.0
0.30726 0.494561 0.702158 1.0
0.307234 0.487065 0.697056 1.0
0.307463 0.479578 0.691816 1.0
0.307949 0.472098 0.686432 1.0
0.308702 0.464628 0.680904 1.0
0.309677 0.457161 0.675245 1.0
0.310879 0.449728 0.669443 1.0
0.312279 0.442319 0.663499 1.0
0.313934 0.43493 0.657412 1.0
0.315778 0.427577 0.651184 1.0
0.317795 0.420253 0.644817 1.0
0.320009 0.412992 0.638326 1.0
0.322377 0.405774 0.631704 1.0
0.324886 0.398606 0.624954 1.0
0.327554 0.391516 0.618086 1.0
0.330353 0.384484 0.61111 1.0
0.33327 0.377545 0.604024 1.0
0.336267 0.370682 0.596835 1.0
0.339387 0.363923 0.589549 1.0
0.342566 0.35728 0.582191 1.0
0.3458 0.350728 0.574756 1.0
0.349117 0.344276 0.567267 1.0
0.352467 0.33797 0.559714 1.0
0.355866 0.331794 0.55212 1.0
0.359272 0.325743 0.544484 1.0
0.36271 0.319862 0.536836 1.0
0.366167 0.314106 0.529165 1.0
0.369611 0.308515 0.521481 1.0
0.373061 0.303063 0.513821 1.0
0.376517 0.297796 0.506155 1.0
0.379939 0.292691 0.498537 1.0
0.38336 0.287752 0.490941 1.0
0.38674 0.283009 0.483366 1.0
0.390111 0.278418 0.475862 1.0
0.39346 0.274009 0.468397 1.0
0.396772 0.269784 0.460998 1.0
0.400064 0.265728 0.453665 1.0
0.403326 0.261851 0.446404 1.0
0.406547 0.258146 0.439213 1.0
0.409741 0.254658 0.43212 1.0
0.412905 0.251321 0.425087 1.0
0.416023 0.248166 0.418135 1.0
0.419122 0.24515 0.411283 1.0
0.422176 0.242352 0.404511 1.0
0.425224 0.23972 0.397844 1.0
0.428226 0.237276 0.391261 1.0
0.431207 0.234977 0.384755 1.0
0.434145 0.23282 0.378357 1.0
0.437082 0.230864 0.37204 1.0
0.439979 0.229066 0.365832 1.0
0.44286 0.227428 0.359703 1.0
0.445706 0.225957 0.353661 1.0
0.448555 0.224596 0.347728 1.0
