0.20142509978339596 0.07730778455372403 0.09342024025258441 1.0
0.2062319592710875 0.07906207768979726 0.0954160607199892 1.0
0.21104288928844367 0.08079536357043612 0.09737846202556905 1.0
0.21585808229568076 0.0825080620322623 0.09930725029816906 1.0
0.22067771037833434 0.08420058748958639 0.10120220636674779 1.0
0.22550195828855651 0.08587332122435218 0.1030630633154645 1.0
0.23033109096236976 0.08752655129320325 0.10488945583903528 1.0
0.23516512449149574 0.08916077192669072 0.10668115675893511 1.0
0.2400041538413339 0.09077639059472936 0.10843784768675652 1.0
0.24484825424691725 0.0923738181398808 0.11015918803242933 1.0
0.2496974811012196 0.0939534705239238 0.11184481555981893 1.0
0.2545518697677066 0.09551577058896976 0.11349434692659982 1.0
0.25941143532016736 0.09706114983944272 0.1151073782157038 1.0
0.264276172212543 0.09859005025060077 0.11668348546544463 1.0
0.26914605388122553 0.10010292610863289 0.11822222520527409 1.0
0.274021032282114 0.10160024588671451 0.11972313500403775 1.0
0.27890103736459493 0.10308249416073148 0.12118573403754113 1.0
0.28378597648455317 0.1045501735676683 0.1226095236822268 1.0
0.288675733758515 0.10600380680888982 0.12399398814177381 1.0
0.29357055962665524 0.10744355920473259 0.12533821802107217 1.0
0.29847081230161276 0.10886948326835888 0.1266411225341654 1.0
0.3033754705455499 0.11028297760402195 0.12790291577675916 1.0
0.3082843160981594 0.11168466706155139 0.12912301384353686 1.0
0.31319710296718656 0.11307520782897981 0.1303008196341493 1.0
0.3181135564546491 0.1144552897453309 0.13143572387096988 1.0
0.32303375940169016 0.11582525119247819 0.13252667627257145 1.0
0.3279584359813158 0.11718478671049504 0.13357181102386587 1.0
0.33288584148568934 0.11853607311571729 0.13457197257689377 1.0
0.33781557082458713 0.11987996350362376 0.13552650975142372 1.0
0.34274718422506784 0.12121735735165037 0.13643476622333509 1.0
0.34768176765689146 0.12254760801309794 0.1372941239039429 1.0
0.3526179187878999 0.1238726093833323 0.13810491563926516 1.0
0.35755445704985195 0.12519405579125398 0.13886723866025652 1.0
0.36249085114647767 0.12651299597084376 0.13958034188547497 1.0
0.3674287950126608 0.1278281902872999 0.14024031928378672 1.0
0.37236522459126536 0.12914332839785428 0.14084965590250983 1.0
0.3772994043575394 0.13045972303789496 0.14140771908791472 1.0
0.3822328244976108 0.1317763828069311 0.1419104659088264 1.0
0.3871627501840784 0.13309673290730561 0.14235996772822732 1.0
0.3920880611619059 0.1344225444091708 0.14275598296936395 1.0
0.3970102845366912 0.1357528321160994 0.14309390470587963 1.0
0.40192579080296476 0.13709203354589128 0.1433773252895977 1.0
0.4068349561616131 0.13844040822207557 0.14360330490253082 1.0
0.4117365731263126 0.1397998954736641 0.14377140123784765 1.0
0.41662859550205195 0.1411733354490504 0.14388269478630267 1.0
0.42151154649274847 0.14256088427165134 0.14393347934541428 1.0
0.4263818625509953 0.14396700745416913 0.14392769128481042 1.0
0.43124081811444076 0.1453911021832319 0.14385986065138834 1.0
0.4360843175580979 0.1468382080621888 0.14373520701067508 1.0
0.44091333990410386 0.1483080544589622 0.14354848920332627 1.0
0.44572406205023357 0.1498053889889407 0.14330472026717547 1.0
0.4505169861034231 0.1513304477119506 0.14299935588979007 1.0
0.45528866783386385 0.1528875528172431 0.14263694472116245 1.0
0.46003870727491286 0.15447785830656802 0.1422148901612839 1.0
0.46476456690513684 0.15610469323825324 0.1417359354431781 1.0
0.4694647696847664 0.1577702615986553 0.14120030463281436 1.0
0.47413774607368825 0.15947682441790928 0.14060852353724862 1.0
0.47878116358107 0.1612273475797828 0.13996359537410713 1.0
0.48339403921964325 0.16302339602587565 0.13926467885684343 1.0
0.48797400804053465 0.16486782107194164 0.1385155272254654 1.0
0.4925195693223419 0.16676253875604496 0.13771754804851333 1.0
0.4970292850743541 0.1687093212494573 0.13687220452880053 1.0
0.5015013418271375 0.17071018505354912 0.13598285247774317 1.0
0.5059344608615838 0.17276653787292737 0.13505133488295074 1.0
0.5103272555076002 0.1748797680652767 0.1340804814887888 1.0
0.5146784999821306 0.17705099260663987 0.13307310306687356 1.0
0.5189871207659748 0.1792810660321904 0.13203201706253026 1.0
0.523252162801323 0.18157060813035572 0.13096023978686738 1.0
0.527472914539948 0.18391991444448128 0.12986023503510422 1.0
0.5316485781433754 0.18632919444334814 0.12873602151072178 1.0
0.5357788119794711 0.18879820033176903 0.12758961516177264 1.0
0.5398632980453529 0.1913265486380362 0.12642368870324858 1.0
0.5439016755531911 0.1939137144580994 0.12524273882608353 1.0
0.5478941342086204 0.19655878570986346 0.1240472431523339 1.0
0.5518406011876046 0.1992608233247843 0.12284162872245952 1.0
0.555741360477756 0.20201864341060954 0.12162767883002659 1.0
0.5595967825163993 0.20483097403117279 0.12040676415904134 1.0
0.5634071785471536 0.2076963248023982 0.11918391723183733 1.0
0.5671732069794859 0.21061334477761867 0.1179569341314256 1.0
0.570895350247551 0.21358017496689524 0.11673317500313826 1.0
0.5745743340603018 0.21659552977404162 0.11550868349509749 1.0
0.5782108774062354 0.2196573476346848 0.11429033836691277 1.0
0.5818056681759461 0.22276439172751128 0.11307452977345442 1.0
0.585359632424783 0.22591443687853902 0.11186793462439812 1.0
0.5888733531729506 0.22910649778325143 0.11066570611746529 1.0
0.5923480147332496 0.23233801426371692 0.10947622670368401 1.0
0.5957840241257978 0.23560836432854515 0.10829302074153305 1.0
0.5991826510896112 0.23891505357584208 0.10712339897651113 1.0
0.6025444033584952 0.24225720790850225 0.1059638000704014 1.0
0.6058701491001592 0.24563324094920813 0.1048158025498839 1.0
0.6091610396494541 0.24904116366004497 0.103683208302357 1.0
0.6124172967183565 0.25248056554966597 0.10256139627271957 1.0
0.6156402174450264 0.2559493015306805 0.10145541363201463 1.0
0.6188304674185853 0.25944629464232644 0.10036478583811975 1.0
0.6219883549579364 0.26297098819122583 0.09928701461787995 1.0
0.6251150949354874 0.26652151964171683 0.09822607331815666 1.0
0.6282114705640687 0.2700967151118268 0.09718275325572381 1.0
0.6312775931157123 0.2736963322450938 0.09615407260814299 1.0
0.6343140968307461 0.2773194022482146 0.0951406252405616 1.0
0.6373225940474544 0.2809637253536655 0.09414820920814793 1.0
0.6403029049301644 0.2846294803262618 0.09317287627515625 1.0
0.643255450314677 0.2883160464262431 0.09221435672465167 1.0
0.6461807870545832 0.2920226445998113 0.09127322088316059 1.0
0.6490798649799141 0.2957480457349839 0.09035190862912848 1.0
0.6519534890851086 0.2994912417888541 0.0894520780451177 1.0
0.6548014840508611 0.3032523985397312 0.08857115779395228 1.0
0.6576243271404891 0.30703090306660963 0.08770973119670061 1.0
0.6604224780876139 0.31082617808442475 0.08686839073952235 1.0
0.6631963792788751 0.31463768049821594 0.08604773901491819 1.0
0.6659464950830154 0.31846485711823985 0.08524854019761693 1.0
0.6686740068110079 0.3223063950997894 0.0844743190891965 1.0
0.6713784685540788 0.3261627733896343 0.08372242463404078 1.0
0.6740602498156744 0.3300335755312563 0.08299350184989945 1.0
0.6767197045307956 0.33391841175629067 0.08228820834254705 1.0
0.6793571714405546 0.3378169176731946 0.08160721412236313 1.0
0.681972974480738 0.3417287529939577 0.08095120122856311 1.0
0.684567423180977 0.3456536003014258 0.08032086315939044 1.0
0.6871408130714994 0.3495911638591582 0.0797169041072624 1.0
0.6896934260947394 0.35354116846514 0.07914003799874758 1.0
0.6922255310194273 0.35750335835017155 0.07859098734029027 1.0
0.6947373838550107 0.36147749612133784 0.0780704818718305 1.0
0.6972292282645525 0.36546336175057986 0.07757925703187979 1.0
0.6997012959744631 0.3694607516080961 0.07711805223920601 1.0
0.7021538071796382 0.3734694775400308 0.07668760899803154 1.0
0.7045869709427744 0.37748936598970667 0.07628866883556534 1.0
0.707000985586787 0.3815202571614761 0.07592197108269089 1.0
0.7093960390794304 0.3855620042261393 0.0755882505107904 1.0
0.7117723094093528 0.38961447256674286 0.07528823483980665 1.0
0.7141299649529337 0.3936775390635337 0.07502264213486334 1.0
0.7164691648313717 0.3977510914167321 0.07479217811087205 1.0
0.718790059257598 0.40183502750578437 0.0745975333666134 1.0
0.7210927898726464 0.4059292547837214 0.07443938057163166 1.0
0.7233774900712312 0.4100336897052239 0.0743183716309751 1.0
0.7256442853163093 0.41414825718702203 0.0742351348541842 1.0
0.7278932934424962 0.41827289009923774 0.07419027215599128 1.0
0.7301246249482277 0.4224075287863345 0.0741843563168618 1.0
0.7323383832766365 0.4265521206163164 0.0742179283317648 1.0
0.7345353882716817 0.4307060349567023 0.07429319537753659 1.0
0.7367156646423576 0.4348693003618859 0.0744103915368873 1.0
0.7388787494489403 0.439042330864182 0.07456862859096566 1.0
0.7410247212778053 0.4432250991934941 0.0747682863158152 1.0
0.7431536528151156 0.4474175832571065 0.07500970147240951 1.0
0.7452656110665121 0.4516197658271001 0.07529316628527241 1.0
0.7473606575657232 0.45583163424814793 0.07561892717684163 1.0
0.7494388485722312 0.4600531801646511 0.07598718377039929 1.0
0.751501449400536 0.46428348531018143 0.07640057068894035 1.0
0.7535482386381919 0.46852277247935686 0.07685851802683341 1.0
0.7555784292647326 0.47277167553221794 0.07735934440269954 1.0
0.7575920584303714 0.47703020237878196 0.07790304647924226 1.0
0.7595891587998103 0.48129836411445964 0.07848957351759905 1.0
0.7615697586917992 0.485576174840967 0.07911882810663906 1.0
0.7635351559772435 0.4898627402128038 0.07979298836587265 1.0
0.7654855818523201 0.4941579525945941 0.08051210547168902 1.0
0.7674196884953544 0.4984628195279874 0.08127340285315723 1.0
0.7693374880099381 0.5027773670563 0.08207659805554132 1.0
0.7712389886872909 0.5071016234993879 0.08292136945254758 1.0
0.7731249880551478 0.5114350748098054 0.08380866202872514 1.0
0.7749971634096607 0.5157766247025433 0.08474069791771285 1.0
0.7768531656759695 0.5201279334240794 0.08571310136491594 1.0
0.7786929885023088 0.5244890387928055 0.08672540635712725 1.0
0.7805166220614639 0.5288599804136482 0.08777711918476125 1.0
0.7823261306937437 0.5332394286426104 0.0888707859542929 1.0
0.7841211261331867 0.5376277019226174 0.09000512625428583 1.0
0.7859000063657322 0.5420258982281 0.091177184836707 1.0
0.7876627478111992 0.5464340650106904 0.09238637445837944 1.0
0.7894103755328435 0.5508515783238705 0.09363351104642656 1.0
0.791144948993635 0.5552771776345649 0.09492063714767668 1.0
0.7928634178435132 0.5597128604871854 0.09624295938665473 1.0
0.7945657449982464 0.5641586812836011 0.09759983714409604 1.0
0.7962529317489703 0.5686140495102688 0.09899190462101559 1.0
0.7979274645055595 0.5730774789890705 0.1004214627980109 1.0
0.7995858497679293 0.5775511834408552 0.10188351483302316 1.0
0.8012280368308171 0.58203522362021 0.1033774013447088 1.0
0.8028560740659145 0.5865283957952628 0.10490481993198719 1.0
0.8044707409966546 0.5910302911313597 0.10646586664405427 1.0
0.8060691629501393 0.5955426815778211 0.10805665790628646 1.0
0.8076512751425732 0.6000656338781131 0.10967654251132081 1.0
0.8092212933019987 0.6045967120149607 0.11132924818253156 1.0
0.8107760556043208 0.6091378327200271 0.11301075120699847 1.0
0.8123144185459451 0.61368969595671 0.11471930376935885 1.0
0.8138381395305365 0.6182513237945769 0.11645603060920004 1.0
0.8153492559398582 0.6228216087115112 0.11822216870552513 1.0
0.8168438497700268 0.6274028329685674 0.12001338074241882 1.0
0.8183218295752512 0.6319950736315884 0.1218290715633483 1.0
0.8197890431479778 0.6365951069307502 0.12367381506631189 1.0
0.8212397496268511 0.6412061948148844 0.12554190079662433 1.0
0.8226736710596914 0.6458285162251577 0.12743261252248986 1.0
0.8240954168836684 0.6504595882304868 0.12934922447660235 1.0
0.8255020135816338 0.6551010940717903 0.1312886736975443 1.0
0.8268916161790003 0.659754066165306 0.13324900158657804 1.0
0.8282680782241739 0.6644164751020816 0.13523270761703898 1.0
0.8296302321797531 0.6690890043064163 0.1372383190289332 1.0
0.8309751426979781 0.6737732479628292 0.13926317328537827 1.0
0.8323064093623322 0.6784673500649637 0.1413094448639915 1.0
0.8336236702662669 0.6831715585604193 0.14337634389523032 1.0
0.8349233956754665 0.6878877450853391 0.14546096328899222 1.0
0.836209452208899 0.6926139541357441 0.1475655370255327 1.0
0.8374812451634526 0.6973505478666089 0.1496891818583829 1.0
0.8387351652304512 0.7020993985062001 0.15182913668847361 1.0
0.8399758860500933 0.706858185263113 0.15398802380429383 1.0
0.8412015039419409 0.7116279196951651 0.15616420278253146 1.0
0.842408863436233 0.7164102051502189 0.15835539016452635 1.0
0.8436040043728155 0.7212020966440341 0.1605648786739153 1.0
0.8447825998855326 0.7260057762544317 0.1627897017014221 1.0
0.8459425004297634 0.7308223161702667 0.16502833559106364 1.0
0.8470916909310661 0.7356478948636397 0.1672849872513208 1.0
0.8482222682093126 0.7404863725972354 0.1695548732398838 1.0
0.849335492270543 0.7453371669715373 0.17183845137278297 1.0
0.8504363950839656 0.7501979378252858 0.17413811472881977 1.0
0.8515178010463547 0.7550721145067321 0.17644977666339032 1.0
0.8525841071331127 0.759957664139976 0.17877549096429168 1.0
0.8536351063891681 0.7648547324583225 0.1811148665949305 1.0
0.8546660216706047 0.7697655561558608 0.18346529537210746 1.0
0.8556846647048814 0.7746865865799384 0.18583038830394188 1.0
0.856684328386217 0.779620932209099 0.18820664575786408 1.0
0.8576654697805085 0.7845684046728831 0.1905941213680029 1.0
0.8586333372669124 0.7895266856020337 0.19299504873633758 1.0
0.8595800514528922 0.7944993343355387 0.19540560829085712 1.0
0.8605118919067251 0.7994835879345246 0.19782848358212352 1.0
0.8614257659190141 0.8044808542070145 0.2002621028413893 1.0
0.862318731817456 0.8094924397675259 0.20270505145894713 1.0
0.8631990866135879 0.8145147714844941 0.20516074563782605 1.0
0.8640570316077024 0.8195521241156307 0.20762486277323805 1.0
0.8648985892446832 0.8246019286985762 0.21009982056157378 1.0
0.8657217542057287 0.8296650789343075 0.2125846498551076 1.0
0.8665227359996962 0.8347431960854363 0.2150777232526755 1.0
0.8673102956545263 0.839832624842527 0.21758243697965152 1.0
0.8680739840584389 0.8449377672354076 0.2200945521598049 1.0
0.8688209397597313 0.8500556721057835 0.2226167862486262 1.0
0.8695475257414353 0.8551878730451877 0.22514764509140572 1.0
0.8702518466222824 0.8603351573784762 0.22768636189889674 1.0
0.8709403456886846 0.8654949292658646 0.2302352780671254 1.0
0.8716032871795772 0.8706711460791707 0.23279074037482073 1.0
0.8722504095804028 0.8758599106230184 0.2353562666294089 1.0
0.8728735089177709 0.8810645242778995 0.2379288443348343 1.0
0.8734755480931443 0.8862838169179701 0.24050951949086474 1.0
0.8740576468844428 0.8915173698391287 0.24309865337490827 1.0
0.8746134519571162 0.8967676725126847 0.24569403530885914 1.0
0.8751533192048813 0.9020307187484649 0.24829921356877926 1.0
0.8756648875509138 0.9073112946820588 0.2509099777331615 1.0
0.8761579961220333 0.9126056308170313 0.2535296558873601 1.0
0.8766251762717258 0.9179165870428792 0.25615576736941553 1.0
0.8770689942806796 0.9232431892037369 0.2587891932203918 1.0
0.8774903570045399 0.9285851079338152 0.2614302497362179 1.0
0.877883470635509 0.9339444999568265 0.2640771174844134 1.0
0.8782575035190058 0.9393179743031147 0.266732757714961 1.0
0.878599946063634 0.9447101339348285 0.26939327298189086 1.0
0.8789235199162211 0.9501163253664916 0.2720626987422674 1.0
0.8792160143882136 0.9555409855460589 0.27473731073146895 1.0
0.8794851333774609 0.9609813222108515 0.27741955215041897 1.0
0.8797259382267708 0.9664391027363387 0.2801079938733135 1.0
0.8799388863582035 0.9719141474258771 0.282802866589131 1.0
0.8801261631980005 0.9774056784469544 0.2855049064351532 1.0
0.8802811281654138 0.9829160047653974 0.28821225752771834 1.0
0.8804129372223432 0.9884419266545671 0.29092769782159256 1.0
0.8805080058500512 0.9939881188401473 0.2936474048368232 1.0
