1.0 1.0 0.8253487390933515 1.0
1.0 1.0 0.823399538497948 1.0
1.0 0.9972405394268412 0.821162663997153 1.0
1.0 0.9939026825822247 0.8188316366917927 1.0
1.0 0.9904766457911117 0.8164529680901307 1.0
1.0 0.9869824723681956 0.8140497749707748 1.0
1.0 0.9834323603518805 0.8116361384384039 1.0
1.0 0.9798345964649103 0.8092216243765938 1.0
1.0 0.9761952201729472 0.8068131958165597 1.0
1.0 0.9725188553462433 0.8044161686936513 1.0
1.0 0.9688091742251052 0.802034744967916 1.0
1.0 0.9650691774709684 0.7996723343250549 1.0
1.0 0.961301373571653 0.7973317601714303 1.0
1.0 0.9575078992635419 0.795015397819591 1.0
1.0 0.9536906034649318 0.7927252707276239 1.0
1.0 0.9498511076227593 0.7904631196288152 1.0
1.0 0.9459908502474316 0.7882304534930532 1.0
1.0 0.9421111205172892 0.7860285879346893 1.0
1.0 0.9382130841261415 0.783858674717426 1.0
1.0 0.9342978034994518 0.7817217248017135 1.0
1.0 0.9303662538402705 0.7796186266158702 1.0
1.0 0.926419336032343 0.7775501607333558 1.0
1.0 0.9224578871375283 0.7755170118046416 1.0
1.0 0.9184826890259615 0.7735197783635509 1.0
1.0 0.9144944755385854 0.771558980968185 1.0
1.0 0.9104939384830139 0.7696350690230361 1.0
1.0 0.9064817326923436 0.767748426546731 1.0
1.0 0.9024584803242338 0.765899377089638 1.0
1.0 0.8984247745386723 0.7640881879607633 1.0
1.0 0.8943811826635796 0.7623150738896234 1.0
1.0 0.8903282489351196 0.7605802002230827 1.0
1.0 0.8862664968824499 0.7588836857373684 1.0
1.0 0.8821964314133248 0.7572256051300952 1.0
1.0 0.878118540646539 0.7556059912450529 1.0
1.0 0.8740332975289469 0.7540248370729751 1.0
1.0 0.8699411612682314 0.7524820975638712 1.0
1.0 0.8658425786073195 0.7509776912803862 1.0
1.0 0.8617379849620885 0.7495115019166836 1.0
1.0 0.8576278054405444 0.7480833797033136 1.0
1.0 0.8535124557588221 0.7466931427152007 1.0
1.0 0.8493923430670207 0.745340578097144 1.0
1.0 0.8452678666959738 0.7440254432189654 1.0
1.0 0.841139418834433 0.7427474667705204 1.0
1.0 0.8370073851448229 0.7415063498052271 1.0
1.0 0.8328721453245846 0.7403017667393854 1.0
1.0 0.8287340736191879 0.739133366313474 1.0
1.0 0.8245935392920863 0.7380007725206101 1.0
1.0 0.8204509070562056 0.7369035855065525 1.0
1.0 0.8163065374709759 0.7358413824449263 1.0
1.0 0.812160787308419 0.7348137183907504 1.0
1.0 0.8080140098913673 0.7338201271148155 1.0
1.0 0.8038665554065365 0.7328601219210299 1.0
1.0 0.7997187711948354 0.7319331964484674 1.0
1.0 0.7955710020210273 0.7310388254595135 1.0
1.0 0.7914235903246232 0.7301764656152253 1.0
0.9986942481251756 0.7872768764536566 0.7293455562387752 1.0
0.9969850243344779 0.7831311988828213 0.7285455200676356 1.0
0.9952404807817238 0.7789868944172884 0.7277757639949897 1.0
0.9934604439935192 0.7748442983833591 0.7270356798006828 1.0
0.9916447409263623 0.7707037448070122 0.7263246448719124 1.0
0.9897931990396628 0.7665655665812605 0.725642022913736 1.0
0.987905646357706 0.7624300956231607 0.7249871646493877 1.0
0.9859819115214 0.7582976630212042 0.7243594085103072 1.0
0.9840218238305948 0.7541685991737647 0.7237580813157392 1.0
0.9820252132776442 0.7500432339191814 0.7231824989416908 1.0
0.9799919105728606 0.745921896658011 0.7226319669790093 1.0
0.9779217471624165 0.7418049164679158 0.7221057813803143 1.0
0.9758145552392249 0.7376926222116076 0.7216032290954726 1.0
0.9736701677472491 0.7335853426382098 0.7211235886953338 1.0
0.9714884183796838 0.7294834064783761 0.720666130983394 1.0
0.9692691415713784 0.725387142533443 0.7202301195950893 1.0
0.9670121724858581 0.7212968797588747 0.7198148115843936 1.0
0.9647173469972542 0.7172129473422196 0.7194194579974441 1.0
0.962384501667427 0.7131356747757649 0.7190433044328816 1.0
0.9600134737185392 0.7090653919240553 0.718685591588658 1.0
0.9576041010013098 0.7050024290864078 0.7183455557950534 1.0
0.9551562219591488 0.7009471170545399 0.718022429533661 1.0
0.9526696755883605 0.6968997871653986 0.7177154419421573 1.0
0.9501443013945786 0.6928607713492579 0.7174238193046543 1.0
0.947579939345567 0.6888304021731436 0.7171467855274993 1.0
0.9449764298205205 0.6848090128796072 0.7168835626003762 1.0
0.9423336135559643 0.6807969374208732 0.7166333710426251 1.0
0.9396513315883436 0.6767945104883554 0.7163954303346955 1.0
0.9369294251933746 0.672802067537526 0.7161689593346956 1.0
0.9341677358222199 0.6688199448081112 0.7159531766800227 1.0
0.9313661050345251 0.6648484793395659 0.715747301174079 1.0
0.9285243744283515 0.6608880089817721 0.7155505521581168 1.0
0.9256423855670113 0.6569388724008974 0.715362149868274 1.0
0.9227199799028172 0.653001409080326 0.7151813157778906 1.0
0.9197569986977203 0.6490759593165755 0.715007272925218 1.0
0.9167532829408234 0.6451628642100985 0.714839246226663 1.0
0.9137086732627187 0.6412624656508551 0.7146764627757167 1.0
0.9106230098466043 0.6373751062985367 0.7145181521277589 1.0
0.9074961323361056 0.6335011295573121 0.7143635465709332 1.0
0.9043278797397267 0.6296408795449537 0.7142118813833127 1.0
0.9011180903318325 0.6257947010562037 0.7140623950765925 1.0
0.8978666015500534 0.6219629395202223 0.7139143296265643 1.0
0.8945732498889858 0.618145940951959 0.7137669306906378 1.0
0.8912378707900502 0.614344051897279 0.713619447812694 1.0
0.8878602985273503 0.6105576193716767 0.7134711346155626 1.0
0.8844403660893589 0.6067869907923914 0.7133212489814224 1.0
0.8809779050562384 0.6030325139037535 0.713169053220456 1.0
0.8774727454725921 0.5992945366955631 0.7130138142280619 1.0
0.8739247157154114 0.5955734073143246 0.7128548036309718 1.0
0.8703336423569743 0.5918694739671397 0.7126912979226039 1.0
0.8666993500224244 0.5881830848180643 0.7125225785879942 1.0
0.8630216612417329 0.5845145878767413 0.7123479322186544 1.0
0.859300396295731 0.5808643308791143 0.7121666506177167 1.0
0.8555353730558687 0.5772326611600296 0.7119780308957001 1.0
0.851726406817322 0.5736199255175337 0.7117813755572705 1.0
0.8478733101250552 0.57002647006869 0.7115759925793459 1.0
0.8439758925924028 0.5664526400967176 0.7113611954808943 1.0
0.8400339607117004 0.5628987798892882 0.7111363033847947 1.0
0.8360473176564699 0.5593652325678053 0.710900641072101 1.0
0.8320157630746052 0.5558523399075015 0.7106535390290677 1.0
0.8279390928719853 0.5523604421482077 0.7103943334872866 1.0
0.8238170989858735 0.5488898777956461 0.7101223664572814 1.0
0.8196495691474314 0.5454409834131198 0.7098369857558936 1.0
0.8154362866326085 0.5420140934034838 0.7095375450278163 1.0
0.8111770300006221 0.5386095397812961 0.7092234037615885 1.0
0.8068715728191693 0.5352276519350646 0.7088939273003969 1.0
0.8025196833754547 0.5318687563795256 0.7085484868480022 1.0
0.7981211243720364 0.5285331764979094 0.7081864594701013 1.0
0.79367565260642 0.5252212322741724 0.7078072280914572 1.0
0.7891830186332354 0.521933240015194 0.7074101814890859 1.0
0.7846429664077448 0.5186695120629679 0.7069947142818088 1.0
0.7800552329093206 0.5154303564968428 0.7065602269164701 1.0
0.7754195477434245 0.5122160768258975 0.7061061256510995 1.0
0.7707356327204931 0.5090269716715644 0.7056318225353112 1.0
0.7660032014100004 0.5058633344406503 0.7051367353882083 1.0
0.7612219586678246 0.5027254529889409 0.704620287774069 1.0
0.7563916001348757 0.4996136092756051 0.7040819089760707 1.0
0.751511811704783 0.49652807900865953 0.7035210339683204 1.0
0.7465822689582184 0.4934691312817919 0.7029371033864273 1.0
0.741602636561245 0.49043702820288054 0.702329563496873 1.0
0.7365725676248287 0.4874320245145917 0.7016978661654125 1.0
0.7314917030223964 0.48445436720748375 0.7010414688247382 1.0
0.7263596706620367 0.48150429512608345 0.7003598344416309 1.0
0.7211760847096238 0.4785820385684571 0.6996524314838194 1.0
0.7159405447587934 0.47568781887983297 0.6989187338867595 1.0
0.7106526349433084 0.4728218480408925 0.698158221020539 1.0
0.7053119229869328 0.46998432825138153 0.6973703776571103 1.0
0.6999179591854315 0.4671754515097513 0.6965546939380464 1.0
0.6944702753148062 0.4643953991895818 0.6957106653430073 1.0
0.6889683834592688 0.46164434161358664 0.6948377926591051 1.0
0.6834117747517852 0.4589224376260442 0.6939355819513366 1.0
0.6777999180193027 0.4562298341645516 0.6930035445342682 1.0
0.672132258323921 0.45356666583203104 0.6920411969451296 1.0
0.6664082153903539 0.45093305446996984 0.6910480609184814 1.0
0.6606271819089681 0.44832910873391413 0.6900236633626199 1.0
0.6547885217025228 0.4457549236722644 0.6889675363378551 1.0
0.648891567743395 0.4432105803094715 0.6878792170368249 1.0
0.6429356200065816 0.4406961452347552 0.6867582477669744 1.0
0.6369199431420717 0.4382116701974911 0.6856041759353418 1.0
0.6308437639482544 0.435757191710449 0.6844165540357807 1.0
0.6247062686258416 0.433332730662078 0.6831949396387431 1.0
0.61850659978929 0.4309382919390512 0.6819388953837471 1.0
0.6122438532098659 0.42857386406029835 0.6806479889746432 1.0
0.6059170742612304 0.4262394188237547 0.679321793177788 1.0
0.5995252540346997 0.42393491096706737 0.6779598858232374 1.0
0.593067325087029 0.42166027784348137 0.676561849809054 1.0
0.5865421567786228 0.4194154391141328 0.6751272731088241 1.0
0.5799485501543532 0.4172002964579508 0.6736557487824834 1.0
0.573285232312523 0.4150147333003559 0.6721468749905224 1.0
0.5665508501998159 0.412858614561908 0.6706002550116648 1.0
0.5597439637610608 0.4107317864280328 0.6690154972640853 1.0
0.5528630383621406 0.4086340761409053 0.6673922153302331 1.0
0.5459064363920153 0.4065652918145377 0.6657300279853338 1.0
0.538872407935309 0.40452522227405296 0.6640285592296166 1.0
0.5317590803897242 0.40251363692007763 0.6622874383243181 1.0
0.5245644468821878 0.4005302856191275 0.6605062998315122 1.0
0.5172863533133724 0.3985748986207818 0.6586847836577991 1.0
0.5099224838312385 0.39664718650237973 0.656822535101881 1.0
0.5024703444994404 0.39474684014189076 0.6549192049060542 1.0
0.4949272448844329 0.3928735307195286 0.6529744493116255 1.0
0.4872902772342617 0.3910269097485983 0.6509879301182666 1.0
0.4795562928600496 0.38920660913597366 0.6489593147472984 1.0
0.4717218752553695 0.3874122412725136 0.6468882763089037 1.0
0.4637833093953568 0.3856433991536289 0.6447744936732431 1.0
0.45573654654185497 0.3838996565301266 0.6426176515454459 1.0
0.44757716373698314 0.3821805680893504 0.6404174405444435 1.0
0.43930031698703453 0.38048566966654807 0.638173557285588 1.0
0.43090068691084094 0.37881447848630156 0.6358857044670032 1.0
0.4223724153370052 0.3771664934337514 0.63355359095959 1.0
0.41370903096307043 0.37554119535526703 0.6311769319006071 1.0
0.4049033617097101 0.37393804738810965 0.6287554487907273 1.0
0.3959474307770535 0.37235649531855525 0.6262888695944587 1.0
0.38683233258596283 0.37079596796785064 0.6237769288438066 1.0
0.3775480836903555 0.3692558776053034 0.621219367745035 1.0
0.3680834422710785 0.36773562038771646 0.6186159342883735 1.0
0.35842568781226825 0.36623457682431454 0.6159663833604946 1.0
0.34856034978824396 0.3647521122662339 0.6132704768595705 1.0
0.33847087030744094 0.36328757741958706 0.6105279838127041 1.0
0.3281381801406126 0.3618403088810564 0.6077386804954987 1.0
0.3175401595758468 0.3604096296949139 0.604902350553524 1.0
0.3066509437690893 0.3589948499303253 0.6020187851254004 1.0
0.29544001452599206 0.3575952672777536 0.5990877829672113 1.0
0.2838709931025025 0.3562101676632402 0.596109150577921 1.0
0.27190000529358943 0.35483882587932375 0.5930827023254577 1.0
0.25947341935799967 0.3534805062313271 0.5900082605730838 1.0
0.24652463779318828 0.3521344631977333 0.586885655805656 1.0
0.2329694136657226 0.3507999421033645 0.5837147267553462 1.0
0.21869877436005086 0.3494761798040695 0.580495320526352 1.0
0.2035678791715428 0.348162405381638 0.5772272927181094 1.0
0.187377558140974 0.3468578408476616 0.5739105075464633 1.0
0.16984169311422112 0.3455617018550777 0.5705448379622349 1.0
0.15052452498788094 0.3442731984161572 0.5671301657665608 1.0
0.12870540781925183 0.342991535625715 0.5636663817223612 1.0
0.10303276849794851 0.34171591438834953 0.5601533856612235 1.0
0.07034456155626012 0.3404455321485606 0.5565910865849603 1.0
0.021087201353661107 0.33917958362261874 0.5529794027610309 1.0
0.0 0.3379172615311013 0.5493182618109738 1.0
0.0 0.33665775733106107 0.5456076007909312 1.0
0.0 0.3354002619468217 0.5418473662632777 1.0
0.0 0.3341439664984573 0.5380375143583167 1.0
0.0 0.3328880630270453 0.5341780108249056 1.0
0.0 0.3316317452158416 0.5302688310688204 1.0
0.0 0.3303742091065719 0.5263099601775681 1.0
0.0 0.32911465381008354 0.5223013929302655 1.0
0.0 0.32785228221064894 0.5182431337911136 1.0
0.0 0.3265863016632704 0.5141351968848782 1.0
0.0 0.32531592468337395 0.5099776059526732 1.0
0.0 0.32404036962833627 0.5057703942862225 1.0
0.0 0.32275886137033494 0.5015136046386306 1.0
0.0 0.32147063196005476 0.4972072891095419 1.0
0.0 0.32017492128083325 0.49285150900240554 1.0
0.0 0.3188709776928692 0.48844633465137993 1.0
0.0 0.3175580586671599 0.4839918452152073 1.0
0.0 0.3162354314088744 0.47948812843517236 1.0
0.0 0.3149023734699088 0.47493528035401095 1.0
0.0 0.3135581733504056 0.4703334049923708 1.0
0.0 0.31220213108905503 0.4656826139791144 1.0
0.0 0.31083355884203157 0.46098302613143477 1.0
0.0 0.3094517814504481 0.45623476698037063 1.0
0.0 0.3080561369962426 0.45143796823690024 1.0
0.0 0.3066459773464413 0.44659276719331714 1.0
0.0 0.30522066868577163 0.4416993060540801 1.0
0.0 0.3037795920376221 0.4367577311897315 1.0
0.0 0.3023221437733748 0.43176819230681646 1.0
0.0 0.30084773611016236 0.4267308415259908 1.0
0.0 0.2993557975971234 0.4216458323596464 1.0
0.0 0.29784577359025993 0.41651331857942864 1.0
0.0 0.296317126716019 0.4113334529629119 1.0
0.0 0.29476933732375266 0.40610638590745873 1.0
0.0 0.29320190392723394 0.40083226389784254 1.0
0.0 0.2916143436354327 0.3955112278125903 1.0
0.0 0.29000619257278487 0.39014341105209716 1.0
0.0 0.28837700628922314 0.38472893746940695 1.0
0.0 0.2867263601602626 0.3792679190820378 1.0
0.0 0.2850538497774789 0.3737604535403287 1.0
0.0 0.2833590913297501 0.36820662132440624 1.0
0.0 0.28164172197567866 0.36260648263794426 1.0
0.0 0.2799014002076577 0.35696007396229823 1.0
0.0 0.2781378062080983 0.35126740422921704 1.0
0.0 0.2763506421983908 0.34552845056401477 1.0
0.0 0.27453963278124205 0.33974315354362505 1.0
