0.0 0.4196078431372549 0.6431372549019608 1.0
1.0 0.5019607843137255 0.054901960784313725 1.0
0.6705882352941176 0.6705882352941176 0.6705882352941176 1.0
0.34901960784313724 0.34901960784313724 0.34901960784313724 1.0
0.37254901960784315 0.6196078431372549 0.8196078431372549 1.0
0.7843137254901961 0.3215686274509804 0.0 1.0
0.5372549019607843 0.5372549019607843 0.5372549019607843 1.0
0.6352941176470588 0.7843137254901961 0.9254901960784314 1.0
1.0 0.7372549019607844 0.4745098039215686 1.0
0.8117647058823529 0.8117647058823529 0.8117647058823529 1.0
