0.870438 0.849775 0.999921 1.0
0.859835 0.842322 0.995324 1.0
0.849229 0.834876 0.990733 1.0
0.838624 0.827441 0.986142 1.0
0.828027 0.820014 0.981551 1.0
0.817436 0.8126 0.97696 1.0
0.806854 0.805195 0.972375 1.0
0.796269 0.797798 0.967789 1.0
0.785701 0.79041 0.963202 1.0
0.775131 0.783029 0.958622 1.0
0.764578 0.775657 0.95404 1.0
0.75403 0.768289 0.949459 1.0
0.743492 0.760936 0.944885 1.0
0.732962 0.753582 0.94031 1.0
0.722437 0.746238 0.935735 1.0
0.711933 0.738905 0.931162 1.0
0.701432 0.731568 0.926589 1.0
0.690943 0.724242 0.922023 1.0
0.680467 0.716925 0.917454 1.0
0.670014 0.709606 0.91288 1.0
0.659557 0.702288 0.908309 1.0
0.64912 0.694978 0.903731 1.0
0.638686 0.687673 0.899152 1.0
0.628272 0.68036 0.894565 1.0
0.617857 0.673063 0.889964 1.0
0.607467 0.665752 0.885354 1.0
0.597075 0.65844 0.880724 1.0
0.58669 0.651127 0.876076 1.0
0.576326 0.643799 0.8714 1.0
0.565949 0.636475 0.866687 1.0
0.555583 0.629124 0.86194 1.0
0.545234 0.621759 0.857135 1.0
0.534879 0.61438 0.852281 1.0
0.524528 0.606989 0.847345 1.0
0.514186 0.599559 0.842341 1.0
0.503834 0.592104 0.837236 1.0
0.493485 0.584607 0.832024 1.0
0.483146 0.577079 0.826688 1.0
0.472813 0.569503 0.821214 1.0
0.462489 0.5619 0.815589 1.0
0.452196 0.554237 0.809792 1.0
0.441911 0.546534 0.803812 1.0
0.431658 0.538778 0.797628 1.0
0.421427 0.530971 0.791233 1.0
0.411272 0.523126 0.784614 1.0
0.401187 0.515228 0.77775 1.0
0.391176 0.507302 0.770637 1.0
0.381268 0.499335 0.763268 1.0
0.371464 0.491365 0.755647 1.0
0.361828 0.483348 0.747766 1.0
0.352332 0.475354 0.739628 1.0
0.34304 0.467348 0.731226 1.0
0.333935 0.459362 0.72259 1.0
0.325039 0.451404 0.713726 1.0
0.316415 0.443488 0.70464 1.0
0.308015 0.435626 0.695353 1.0
0.299908 0.427822 0.685882 1.0
0.292072 0.420088 0.676244 1.0
0.284509 0.412447 0.666456 1.0
0.277258 0.404874 0.656555 1.0
0.270288 0.397413 0.646536 1.0
0.263592 0.390042 0.636438 1.0
0.257162 0.382785 0.626261 1.0
0.251007 0.37562 0.616039 1.0
0.245081 0.368571 0.605774 1.0
0.239433 0.36161 0.595496 1.0
0.233979 0.354757 0.58521 1.0
0.228757 0.347985 0.574907 1.0
0.223689 0.341308 0.564626 1.0
0.218814 0.334729 0.554362 1.0
0.214087 0.328204 0.544114 1.0
0.209485 0.321765 0.533889 1.0
0.205018 0.315407 0.52371 1.0
0.200637 0.309117 0.513557 1.0
0.196412 0.302848 0.50343 1.0
0.192207 0.296679 0.493351 1.0
0.188129 0.290528 0.483311 1.0
0.184055 0.284439 0.473307 1.0
0.180064 0.278405 0.463347 1.0
0.17611 0.272383 0.453433 1.0
0.172237 0.266433 0.443561 1.0
0.168388 0.2605 0.433714 1.0
0.164586 0.254619 0.423924 1.0
0.160797 0.248756 0.414177 1.0
0.157046 0.242904 0.404464 1.0
0.153319 0.237142 0.394804 1.0
0.149673 0.231371 0.385179 1.0
0.146008 0.225637 0.375606 1.0
0.142376 0.219944 0.366086 1.0
0.138777 0.214278 0.356603 1.0
0.13523 0.208646 0.347169 1.0
0.131711 0.203058 0.33777 1.0
0.128229 0.197514 0.328435 1.0
0.124761 0.192003 0.319147 1.0
0.121343 0.186546 0.309922 1.0
0.118042 0.181118 0.300724 1.0
0.114684 0.175752 0.291618 1.0
0.111494 0.170467 0.282561 1.0
0.108251 0.165194 0.273558 1.0
0.105123 0.160006 0.26461 1.0
0.102084 0.154917 0.255747 1.0
0.099092 0.149907 0.246959 1.0
0.096147 0.144956 0.238246 1.0
0.093305 0.140051 0.229611 1.0
0.090594 0.135308 0.22111 1.0
0.087928 0.130681 0.212658 1.0
0.085292 0.126138 0.204357 1.0
0.082823 0.121681 0.196143 1.0
0.080421 0.11744 0.188082 1.0
0.078086 0.113389 0.180114 1.0
0.075905 0.109466 0.172337 1.0
0.073885 0.105686 0.164736 1.0
0.07186 0.102134 0.157304 1.0
0.069982 0.098819 0.150117 1.0
0.068226 0.095733 0.143111 1.0
0.066537 0.092861 0.136321 1.0
0.064955 0.090276 0.129886 1.0
0.063267 0.087897 0.123622 1.0
0.061329 0.085713 0.117743 1.0
0.059549 0.084005 0.112175 1.0
0.057509 0.082538 0.106931 1.0
0.055684 0.081475 0.101971 1.0
0.05386 0.080759 0.097418 1.0
0.05223 0.080481 0.093171 1.0
0.050913 0.080625 0.089271 1.0
0.049943 0.081198 0.085513 1.0
0.049353 0.08218 0.082189 1.0
0.049079 0.083464 0.079009 1.0
0.049155 0.085141 0.076274 1.0
0.049556 0.087226 0.074 1.0
0.050267 0.089512 0.072019 1.0
0.051322 0.092107 0.0705 1.0
0.052671 0.094931 0.069496 1.0
0.054312 0.097914 0.068834 1.0
0.05624 0.101026 0.068579 1.0
0.058195 0.104316 0.068741 1.0
0.06029 0.107873 0.06926 1.0
0.062176 0.111722 0.07 1.0
0.063928 0.115778 0.071095 1.0
0.065475 0.120052 0.072347 1.0
0.066838 0.124588 0.073908 1.0
0.068268 0.129302 0.075503 1.0
0.069792 0.134182 0.077268 1.0
0.071436 0.139131 0.079173 1.0
0.073206 0.144277 0.081195 1.0
0.075035 0.149518 0.083188 1.0
0.076994 0.15483 0.085288 1.0
0.079073 0.16025 0.087584 1.0
0.081282 0.165794 0.089893 1.0
0.083484 0.171434 0.09232 1.0
0.085728 0.177157 0.094882 1.0
0.088156 0.182922 0.097452 1.0
0.090584 0.188805 0.10012 1.0
0.093019 0.194747 0.102903 1.0
0.095617 0.200704 0.105722 1.0
0.098237 0.206805 0.108578 1.0
0.100855 0.212892 0.111567 1.0
0.1036 0.219082 0.114506 1.0
0.106365 0.225299 0.117582 1.0
0.109139 0.231596 0.120662 1.0
0.111974 0.237913 0.123798 1.0
0.114789 0.244261 0.126976 1.0
0.117727 0.250686 0.130255 1.0
0.120641 0.257151 0.133472 1.0
0.123603 0.263656 0.136737 1.0
0.126616 0.270188 0.14004 1.0
0.129658 0.276752 0.143406 1.0
0.132693 0.283354 0.14675 1.0
0.135725 0.289985 0.150171 1.0
0.13883 0.29667 0.153554 1.0
0.141948 0.30336 0.157002 1.0
0.145094 0.310116 0.160442 1.0
0.148201 0.316874 0.163967 1.0
0.151363 0.323667 0.167446 1.0
0.154545 0.330493 0.17095 1.0
0.157748 0.337355 0.174497 1.0
0.160983 0.344226 0.178066 1.0
0.164239 0.351154 0.181591 1.0
0.167488 0.358094 0.18522 1.0
0.170768 0.365059 0.188816 1.0
0.174089 0.372056 0.192436 1.0
0.177457 0.379094 0.196101 1.0
0.180808 0.386151 0.199746 1.0
0.184249 0.393254 0.203474 1.0
0.187757 0.400396 0.207207 1.0
0.191253 0.407555 0.210958 1.0
0.194872 0.414761 0.214742 1.0
0.198521 0.422 0.218587 1.0
0.202283 0.429298 0.222458 1.0
0.206179 0.436634 0.226391 1.0
0.210132 0.444018 0.230338 1.0
0.21425 0.451448 0.234395 1.0
0.218509 0.458933 0.23847 1.0
0.222944 0.466472 0.24264 1.0
0.227556 0.474069 0.246892 1.0
0.232381 0.481731 0.251239 1.0
0.237454 0.489442 0.25565 1.0
0.242733 0.497231 0.260175 1.0
0.248343 0.505068 0.264792 1.0
0.254208 0.51297 0.26955 1.0
0.260386 0.520928 0.274388 1.0
0.26689 0.528945 0.279377 1.0
0.273759 0.537002 0.284454 1.0
0.280938 0.545093 0.289684 1.0
0.28851 0.553216 0.295022 1.0
0.296432 0.561374 0.300491 1.0
0.304707 0.569536 0.306103 1.0
0.313342 0.577703 0.311781 1.0
0.322318 0.585869 0.317611 1.0
0.331612 0.593999 0.323531 1.0
0.341241 0.602097 0.329559 1.0
0.35116 0.610148 0.335653 1.0
0.361343 0.618143 0.341828 1.0
0.371779 0.626065 0.348071 1.0
0.382451 0.633916 0.354369 1.0
0.393325 0.641666 0.360698 1.0
0.404374 0.649336 0.367086 1.0
0.415582 0.656899 0.373491 1.0
0.426924 0.664355 0.379911 1.0
0.438366 0.671712 0.386331 1.0
0.449904 0.678964 0.392766 1.0
0.461514 0.686116 0.399187 1.0
0.473168 0.693167 0.405617 1.0
0.484878 0.700115 0.412015 1.0
0.496616 0.706977 0.418392 1.0
0.50839 0.713747 0.424768 1.0
0.520147 0.720436 0.431116 1.0
0.531933 0.727052 0.437443 1.0
0.543711 0.7336 0.443742 1.0
0.555481 0.740086 0.45002 1.0
0.567261 0.74651 0.456278 1.0
0.579022 0.752882 0.462515 1.0
0.590772 0.759216 0.468745 1.0
0.602519 0.765515 0.474957 1.0
0.614252 0.771771 0.481133 1.0
0.625984 0.777998 0.487319 1.0
0.637706 0.784202 0.493473 1.0
0.649422 0.790375 0.49962 1.0
0.661122 0.796533 0.50576 1.0
0.672829 0.802676 0.511899 1.0
0.684516 0.80881 0.518032 1.0
0.696216 0.814923 0.524147 1.0
0.707902 0.821031 0.530263 1.0
0.719595 0.827132 0.536376 1.0
0.731277 0.833223 0.542485 1.0
0.742973 0.839311 0.548595 1.0
0.754662 0.84539 0.554696 1.0
0.766349 0.851467 0.5608 1.0
0.778045 0.857543 0.566914 1.0
0.789742 0.863621 0.573024 1.0
0.801441 0.869687 0.579135 1.0
0.813146 0.875759 0.585254 1.0
0.824857 0.881828 0.59137 1.0
0.836576 0.887893 0.597497 1.0
0.848297 0.893962 0.603631 1.0
0.860031 0.900031 0.609764 1.0
