0.8857501584075443 0.8500092494306783 0.8879736506427196 1.0
0.8817304003629071 0.8512737975005604 0.8863839090657927 1.0
0.8772667869758305 0.8518686086489871 0.8843496208560891 1.0
0.8723610130187057 0.8518029913272728 0.8819120109162059 1.0
0.8670032075001085 0.8510964229865687 0.8791202762678636 1.0
0.8611610307698934 0.8497819870622687 0.8760235435209551 1.0
0.8548025591999612 0.8478987510551067 0.8726685825034441 1.0
0.8479040100484441 0.8454895607455856 0.8690903409395166 1.0
0.8404241131515906 0.8426077866784454 0.8653110816517582 1.0
0.83237223104567 0.8392953671803204 0.8613465636515644 1.0
0.8237466358753758 0.8355994317603465 0.8572139556862444 1.0
0.8145906995692638 0.8315549201442615 0.8529309600125876 1.0
0.8049226248916204 0.8272028856375806 0.8485289599363643 1.0
0.7948044632184476 0.8225713055028536 0.8440370764234075 1.0
0.7842832780082694 0.8176903038106033 0.8394927149842676 1.0
0.7734073867358603 0.8125873442036463 0.8349359481413022 1.0
0.7622230875783519 0.8072877301741903 0.8304083955154901 1.0
0.7507875322000505 0.8018114632393283 0.8259456459399159 1.0
0.7391509942318166 0.7961773975747 0.8215823653142527 1.0
0.7273631459722649 0.7904017169014493 0.8173486794685413 1.0
0.7154721700482347 0.7844982111761032 0.8132695635296397 1.0
0.7035231494733661 0.7784787304628742 0.8093651074275611 1.0
0.6915632059930972 0.7723523829221745 0.8056467251878282 1.0
0.679633917863677 0.7661272769111933 0.8021213684816286 1.0
0.6677728618075737 0.759810368087472 0.798791056090104 1.0
0.6560128418668342 0.7534077679127339 0.7956539753156908 1.0
0.6443829294638919 0.7469247347325317 0.7927043963787476 1.0
0.6329086949267025 0.7403658205407395 0.7899331475408037 1.0
0.6216103561704515 0.7337352592415354 0.787330392810333 1.0
0.6105046785779755 0.7270367835864637 0.7848850405523439 1.0
0.599605141513447 0.7202737033353931 0.7825855821631005 1.0
0.5889222461743681 0.7134489394588555 0.7804208200089969 1.0
0.5784645978097187 0.7065649834787944 0.7783794894213311 1.0
0.5682393300568531 0.6996239432109013 0.7764503671795769 1.0
0.5582515041128706 0.6926276038137079 0.7746240614772543 1.0
0.5485057789918136 0.6855773763177645 0.772891091120501 1.0
0.539006391303069 0.6784743681718536 0.7712421847559099 1.0
0.5297573014279947 0.6713194332982207 0.7696682615697947 1.0
0.5207616823528498 0.6641131441191371 0.7681620978692724 1.0
0.5120230284132736 0.6568558679128904 0.7667160331260252 1.0
0.5035448586255499 0.6495477840767192 0.7653227008172957 1.0
0.49533076213899707 0.6421889436228757 0.7639746899826431 1.0
0.48738428996888944 0.6347792649237641 0.7626649135041059 1.0
0.47970888333316714 0.6273184886735698 0.7613871441994483 1.0
0.47230803662191934 0.6198063115583308 0.760134722048757 1.0
0.4651851452587352 0.6122423585926288 0.7589010390562586 1.0
0.4583434065437904 0.6046262060673928 0.7576794975914389 1.0
0.45178570956743047 0.5969574079750154 0.7564634406213258 1.0
0.4455145373974456 0.5892355225961519 0.755246052055021 1.0
0.4395319408598468 0.5814600108852899 0.7540210589899227 1.0
0.4338393633618152 0.5736303895356342 0.7527818075355559 1.0
0.4284375764255218 0.565746194017651 0.7515215643739441 1.0
0.4233265734416643 0.5578069827332439 0.7502335779622932 1.0
0.4185054991827137 0.5498123480235799 0.7489110461272052 1.0
0.41397254725692334 0.5417619292399888 0.7475471283761642 1.0
0.40972492581102954 0.5336554200980937 0.7461349150654973 1.0
0.40575876317441567 0.5254925857035629 0.7446674348709595 1.0
0.4020692389486289 0.5172731851085198 0.7431379667249607 1.0
0.39865042873472406 0.508997069040944 0.7415396398432191 1.0
0.3954953194448222 0.5006641560057674 0.739865605401834 1.0
0.3925958684341243 0.49227442790440884 0.7381090371274833 1.0
0.38994304403913 0.48382792855131623 0.7362631536969297 1.0
0.3875268818158027 0.47532476530834444 0.7343212162277509 1.0
0.3853365297118144 0.4667651154921221 0.7322765277055582 1.0
0.3833603664460122 0.4581492159264094 0.7301224433276174 1.0
0.38158607376640646 0.44947736801534155 0.727852360769298 1.0
0.3800006836764606 0.4407499558031727 0.7254596838888148 1.0
0.3785907930072929 0.43196740036808495 0.7229379108632991 1.0
0.3773425928672123 0.42313019210845093 0.7202805444955697 1.0
0.37624193001934886 0.4142389050888388 0.7174810668196594 1.0
0.37527442148456297 0.4052941985550524 0.7145329134707341 1.0
0.37442554258995797 0.3962968181368401 0.7114294794034896 1.0
0.3736806794283967 0.3872476233240623 0.7081640443634621 1.0
0.3730252114570926 0.3781475828462764 0.7047298126756161 1.0
0.3724445628416904 0.36899781503527557 0.7011197845353959 1.0
0.37192422777650036 0.3597996047737732 0.6973267781167336 1.0
0.37144981811228583 0.3505544295962088 0.693343384915616 1.0
0.37100705635788805 0.3412640181802881 0.6891618716748908 1.0
0.37058191114112593 0.3319303261688108 0.6847742459943943 1.0
0.3701605340663359 0.322555628542361 0.6801721126787629 1.0
0.36972887297925766 0.3131427486905436 0.6753465005939476 1.0
0.3692730833582144 0.3036949414279638 0.6702880209599881 1.0
0.3687793788728948 0.2942160468818824 0.6649867289396304 1.0
0.3682339557842529 0.28471060840702295 0.6594321022904956 1.0
0.3676229326919799 0.27518401531182624 0.6536129810634077 1.0
0.36693228243638476 0.2656426703879275 0.6475175186790291 1.0
0.366148127059309 0.25609399196229754 0.6411332286617697 1.0
0.3652565557885049 0.24654669197440263 0.6344468585365037 1.0
0.3642419575301875 0.23701177618355282 0.6274444352987628 1.0
0.3630889677761211 0.2275018731812912 0.6201115010819446 1.0
0.36178175086515146 0.21803185664091992 0.6124331538544865 1.0
0.3603045001927313 0.2086189433466133 0.6043940422938139 1.0
0.35864094165350113 0.19928327258055398 0.5959786408083528 1.0
0.35677225221284753 0.1900491678908461 0.5871725367505946 1.0
0.35468039872612145 0.18094393878567916 0.5779620529396057 1.0
0.3523482097030024 0.17199825342871827 0.5683342502169575 1.0
0.3497563483005225 0.1632473507002892 0.5582801478421721 1.0
0.34688621560536287 0.15472970680192266 0.5477945358911805 1.0
0.34372127843456535 0.1464863325219655 0.5368759087248776 1.0
0.3402453341879456 0.1385601073465533 0.5255308238653582 1.0
0.3364452896723327 0.13099363675258585 0.5137731715980053 1.0
0.33231173130535036 0.12382703603779789 0.5016261149443344 1.0
0.32784024828531333 0.11709546709844162 0.4891222614235553 1.0
0.3230322675638015 0.11082641974351189 0.4763044290631348 1.0
0.3178956921793857 0.10503657165900061 0.4632271925262278 1.0
0.3124466433531837 0.09973312686404398 0.44994793319766185 1.0
0.3067079141033811 0.09491159532307449 0.43653165911381053 1.0
0.30070905949495025 0.09055459059447252 0.4230518409108866 1.0
0.294486008912102 0.08663952026080135 0.40957671233706944 1.0
0.28807919526327813 0.08313983335522206 0.3961716099906066 1.0
0.2815325086804634 0.0800259063393445 0.3829009677290887 1.0
0.2748921475556253 0.07726917917235263 0.3698245576312189 1.0
0.26820548145945483 0.07484457350400377 0.356996612353764 1.0
0.26152003454214046 0.07273210296221881 0.3444656042097124 1.0
0.25488441397727274 0.07091202864424896 0.3322822549830372 1.0
0.24834623072655634 0.06937138534210166 0.3204906163003201 1.0
0.2419481674453028 0.0681131005010665 0.3091155829225229 1.0
0.23573458802365607 0.0671330260989068 0.29819440258264457 1.0
0.2297512150637587 0.06642242045052535 0.2877720706015303 1.0
0.22403120285142633 0.06600116914939898 0.2778543394326439 1.0
0.21861800850451837 0.06585884132078348 0.26848830829507786 1.0
0.2135387116789337 0.06601639201546207 0.2596754869653288 1.0
0.2088292743918378 0.06646815205752006 0.2514517776250512 1.0
0.20451393903022747 0.06722532777952099 0.24382561949817558 1.0
0.2006131939297702 0.06829635564621236 0.23680424028020838 1.0
0.19699718039978947 0.0698275207861673 0.2303152332943857 1.0
0.19303659673144824 0.07240482966950826 0.22399201322104467 1.0
0.18857077019726726 0.07606506219466502 0.217738529186154 1.0
0.1863069711336342 0.07834292239704177 0.21347393649223534 1.0
0.1918096821926216 0.07446907496008019 0.2150354174587881 1.0
0.19693172249085694 0.07157780271270864 0.2165351677185897 1.0
0.2017138412201469 0.06975855019460721 0.21796977683963095 1.0
0.20654232978904075 0.06870967541646508 0.2195426147002945 1.0
0.2118696602533181 0.06798234427541475 0.22150565620843582 1.0
0.2177011166007969 0.06754489571045075 0.2238457278322027 1.0
0.22401703049083876 0.06738535205170679 0.22653265978791742 1.0
0.23079270778150404 0.06749183851257194 0.2295338492852821 1.0
0.23799678822613837 0.0678553195709699 0.23281524207513202 1.0
0.24560523691305272 0.06845662763299437 0.23634141150785756 1.0
0.25359061904863217 0.06927737913206665 0.24007569890976455 1.0
0.2619160332594867 0.07030764031837311 0.2439820746349717 1.0
0.27056072556261446 0.07152036202372436 0.2480227102382389 1.0
0.2794859900588527 0.0729076668975718 0.2521624541477813 1.0
0.2886707429075487 0.07444448423980372 0.2563642678064936 1.0
0.2980778247752452 0.07612512504098941 0.2605954874208032 1.0
0.30769000252536277 0.07792525699989394 0.26482025883978993 1.0
0.3174708061241333 0.07984502758595678 0.2690099290421503 1.0
0.3274019806026111 0.08186854039755455 0.2731323917544721 1.0
0.33746015151750314 0.08398972361617554 0.2771591892744188 1.0
0.347619054723386 0.08621007873097791 0.28106581943139086 1.0
0.3578589212861531 0.08852824141421475 0.28482761349276414 1.0
0.3681608086328721 0.09094613034325377 0.28842184173174856 1.0
0.37850753414807 0.09346768404084946 0.2918270488257833 1.0
0.3888791847045167 0.09610342636168741 0.29502625551107886 1.0
0.39925764585520124 0.09886499368990168 0.29800423563494677 1.0
0.4096259695648151 0.10176531658147081 0.3007477712723463 1.0
0.4199686519487507 0.104817826693159 0.30324504978656197 1.0
0.4302681423842982 0.10803945053065739 0.305489430174062 1.0
0.44050751146137634 0.11144709889197423 0.3074773803965155 1.0
0.4506705904661486 0.11505690902136523 0.3092084863362385 1.0
0.4607423922116231 0.11888332162485958 0.3106848840812389 1.0
0.4707096251392837 0.12293823671269155 0.31191023297495357 1.0
0.48055592189758917 0.12723467357159313 0.31289860862119 1.0
0.49026982447550727 0.13177952205429694 0.3136610177403317 1.0
0.4998397720981367 0.13657777445092548 0.3142142112214335 1.0
0.5092555903667773 0.14163120936731 0.3145782686416475 1.0
0.5185098041457981 0.14693773935482327 0.31477278463811964 1.0
0.5275956341396905 0.1524929755349632 0.3148218627591557 1.0
0.5365089446452328 0.1582894815759055 0.3147476855817916 1.0
0.5452466735246301 0.1643180546223456 0.3145746028024559 1.0
0.553807573934644 0.17056784925613366 0.31432542101444055 1.0
0.5621915369461383 0.1770271010848957 0.314022772513023 1.0
0.5703995364878792 0.1836835590630624 0.31368805390808485 1.0
0.5784333638077539 0.1905249046240527 0.31334139607964917 1.0
0.5862953749711514 0.1975390958922093 0.3130016667305214 1.0
0.5939883350047388 0.20471461354588927 0.3126861937007084 1.0
0.6015151852499737 0.2120406075365141 0.31241129470139095 1.0
0.6088789476005402 0.21950710375947094 0.3121914365326656 1.0
0.6160826416082827 0.22710474925551458 0.3120410540254286 1.0
0.6231289781179155 0.23482548308297768 0.3119717912906916 1.0
0.6300208108675774 0.2426613318710668 0.3119971742475711 1.0
0.6367602457549696 0.2506060657801434 0.3121266563466722 1.0
0.6433496633368904 0.25865322715904476 0.31237224136523034 1.0
0.6497907123886599 0.266797728013463 0.3127432830039343 1.0
0.656084900742027 0.27503482674657764 0.31324955868983706 1.0
0.662233773193053 0.2833599193745404 0.3139015501825376 1.0
0.6682379415425223 0.2917696788412789 0.3147074957218335 1.0
0.6740983819404198 0.30026042771945594 0.3156773953686853 1.0
0.6798156371139947 0.30882907965458073 0.31682055209966214 1.0
0.6853897707001044 0.3174730994717692 0.3181457514218513 1.0
0.6908211814078311 0.32618966458913407 0.31966288032177304 1.0
0.6961098200999427 0.33497644384488595 0.32138123723012724 1.0
0.7012553926092462 0.3438313451356979 0.32331010897956713 1.0
0.7062578925453262 0.35275205204811455 0.32545937863288127 1.0
0.7111171442194668 0.36173642580918625 0.32783882815978016 1.0
0.7158327456620883 0.37078253162979397 0.3304580524811157 1.0
0.7204045946673111 0.3798882109230954 0.33332704110900635 1.0
0.7248328102284775 0.38905117754480956 0.33645585300410114 1.0
0.7291172551629825 0.3982693666524956 0.3398542091516613 1.0
0.7332582083242007 0.4075404441224067 0.34353199254408096 1.0
0.7372563582772601 0.41686185037785745 0.3474990200910398 1.0
0.7411124467414242 0.4262310545450577 0.35176476895300207 1.0
0.7448276239016839 0.43564532779122556 0.35633851407641903 1.0
0.748403605544763 0.44510167805694084 0.36122920448432877 1.0
0.7518426131052265 0.454596914320834 0.36644537283515577 1.0
0.7551472006895585 0.46412777826615054 0.37199491651314937 1.0
0.7583206864738654 0.47369071046695027 0.3778851820607467 1.0
0.7613672985557907 0.4832818196193651 0.38412275124131956 1.0
0.7642917003379834 0.49289717387059423 0.39071333661201263 1.0
0.7670993323244077 0.502532642097576 0.3976616930287778 1.0
0.7697965898253565 0.5121838377457997 0.4049715151350011 1.0
0.772391303371056 0.5218459302742311 0.4126452112561789 1.0
0.7748911720621522 0.5315144407262155 0.4206840853257182 1.0
0.7773051977796288 0.5411845589985672 0.4290880333334015 1.0
0.7796433878145591 0.5508513241620256 0.4378555026964758 1.0
0.7819175613160287 0.5605093100295913 0.4469830265931109 1.0
0.7841385135854978 0.5701538647051141 0.45646631202094046 1.0
0.7863185613265652 0.5797799885879753 0.4662992310312693 1.0
0.788470719972445 0.5893826958385291 0.4764740565022286 1.0
0.7906089063536286 0.5989569234521562 0.48698127338865305 1.0
0.792747926917079 0.6084975249349286 0.49780941889927377 1.0
0.7949008016024467 0.6180002032131812 0.5089468159694391 1.0
0.7970816676756379 0.6274603365581107 0.5203796969730579 1.0
0.7993044693620198 0.6368733892462158 0.5320929302398318 1.0
0.8015827571397236 0.6462348698453422 0.5440700538353934 1.0
0.8039294103222265 0.6555402872336576 0.5562933842513833 1.0
0.8063563981240638 0.6647850695662537 0.5687440329100072 1.0
0.8088744869283506 0.6739644716184067 0.5814019629134213 1.0
0.8114929839121113 0.6830734377583607 0.594246052996679 1.0
0.8142194016498331 0.6921064764888402 0.6072540397516498 1.0
0.8170592434264827 0.7010574528682821 0.6204025915114767 1.0
0.8200155925329775 0.709919447614443 0.6336671912548885 1.0
0.8230889025644299 0.7186845203936214 0.6470220869691555 1.0
0.8262766517052141 0.7273435179952641 0.6604402070941755 1.0
0.8295730534575565 0.7358858641600425 0.6738930697824673 1.0
0.8329686870498487 0.7442994028667255 0.68735056406038 1.0
0.8364510381727318 0.7525700602052522 0.7007796249892622 1.0
0.840005394758426 0.7606815618809991 0.7141417027532845 1.0
0.8436061465686847 0.7686170561328183 0.7274052574841003 1.0
0.8472255551142567 0.7763573223112816 0.7405315065101776 1.0
0.8508323879873937 0.7838813256539359 0.7534740489804841 1.0
0.8543881662262958 0.791167290733368 0.7661821449688136 1.0
0.8578421749202831 0.7981939639541288 0.7786068077349761 1.0
0.8611457509926257 0.8049390642249222 0.7906723493338476 1.0
0.8642466724009125 0.8113805559042401 0.8022887134745336 1.0
0.8671059489876498 0.8174929704074537 0.8133413411068464 1.0
0.8697353321607324 0.8232378353121163 0.8236770093886647 1.0
0.872190916453551 0.8285585399790772 0.8331879603460872 1.0
0.8745702335056571 0.8333804099434174 0.8418300490758552 1.0
0.8769054139243903 0.8376373048406545 0.849700622974634 1.0
0.8791532363441832 0.8412868566761911 0.8569227479370861 1.0
0.8812061885358603 0.8443107362809918 0.8636157038243558 1.0
0.8829603869604206 0.8467009876376774 0.8698308210764099 1.0
0.884331242314139 0.848452410610816 0.875589142482989 1.0
0.8852601097984351 0.8495601548343095 0.8808938652471954 1.0
0.8857115512284565 0.8500218611585632 0.8857253899008712 1.0
