0.960784 0.960784 0.843137 1.0
0.9598613333333333 0.9592461176470588 0.8351400588235295 1.0
0.9589386666666666 0.9577082352941176 0.8271431176470588 1.0
0.958016 0.9561703529411765 0.8191461764705883 1.0
0.9570933333333334 0.9546324705882353 0.8111492352941176 1.0
0.9561706666666666 0.9530945882352941 0.8031522941176471 1.0
0.955248 0.951556705882353 0.7951553529411765 1.0
0.9543253333333334 0.9500188235294118 0.7871584117647059 1.0
0.9534026666666666 0.9484809411764706 0.7791614705882353 1.0
0.95248 0.9469430588235294 0.7711645294117646 1.0
0.9515573333333333 0.9454051764705882 0.7631675882352941 1.0
0.9506346666666666 0.943867294117647 0.7551706470588235 1.0
0.949712 0.9423294117647059 0.7471737058823529 1.0
0.9488661960784314 0.9407915490196078 0.7395612549019608 1.0
0.9482509803921568 0.9392537450980393 0.7331022745098039 1.0
0.9476357647058823 0.9377159411764706 0.726643294117647 1.0
0.9470205490196079 0.936178137254902 0.7201843137254902 1.0
0.9464053333333333 0.9346403333333333 0.7137253333333333 1.0
0.9457901176470588 0.9331025294117647 0.7072663529411765 1.0
0.9451749019607844 0.9315647254901961 0.7008073725490196 1.0
0.9445596862745098 0.9300269215686274 0.6943483921568627 1.0
0.9439444705882353 0.9284891176470588 0.6878894117647059 1.0
0.9433292549019607 0.9269513137254902 0.681430431372549 1.0
0.9427140392156863 0.9254135098039216 0.6749714509803921 1.0
0.9420988235294118 0.9238757058823529 0.6685124705882353 1.0
0.9414836078431372 0.9223379019607842 0.6620534901960784 1.0
0.9407915490196078 0.9208769607843137 0.657055431372549 1.0
0.9400226470588235 0.9194928823529411 0.6535182941176471 1.0
0.9392537450980393 0.9181088039215686 0.649981156862745 1.0
0.9384848431372549 0.916724725490196 0.6464440196078431 1.0
0.9377159411764706 0.9153406470588236 0.6429068823529411 1.0
0.9369470392156862 0.913956568627451 0.6393697450980392 1.0
0.936178137254902 0.9125724901960784 0.6358326078431372 1.0
0.9354092352941177 0.9111884117647059 0.6322954705882353 1.0
0.9346403333333333 0.9098043333333333 0.6287583333333333 1.0
0.933871431372549 0.9084202549019608 0.6252211960784313 1.0
0.9331025294117647 0.9070361764705882 0.6216840588235294 1.0
0.9323336274509804 0.9056520980392156 0.6181469215686275 1.0
0.9315647254901961 0.9042680196078431 0.6146097843137255 1.0
0.9307958235294117 0.9028839411764706 0.6110726470588235 1.0
0.9300269215686274 0.9014998627450981 0.6075355098039216 1.0
0.9292580196078432 0.9001157843137255 0.6039983725490197 1.0
0.9284891176470588 0.898731705882353 0.6004612352941177 1.0
0.9277202156862745 0.8973476274509804 0.5969240980392156 1.0
0.9269513137254902 0.8959635490196078 0.5933869607843137 1.0
0.9261824117647058 0.8945794705882353 0.5898498235294117 1.0
0.9254135098039216 0.8931953921568627 0.5863126862745098 1.0
0.9246446078431372 0.8918113137254903 0.5827755490196078 1.0
0.9238757058823529 0.8904272352941177 0.5792384117647059 1.0
0.9231068039215686 0.8890431568627452 0.5757012745098039 1.0
0.9223379019607842 0.8876590784313726 0.572164137254902 1.0
0.921569 0.886275 0.568627 1.0
0.9208000588235293 0.8848908823529412 0.5670891568627451 1.0
0.9200311176470588 0.8835067647058824 0.5655513137254902 1.0
0.9192621764705882 0.8821226470588236 0.5640134705882353 1.0
0.9184932352941176 0.8807385294117648 0.5624756274509803 1.0
0.917724294117647 0.8793544117647059 0.5609377843137254 1.0
0.9169553529411765 0.877970294117647 0.5593999411764706 1.0
0.9161864117647058 0.8765861764705882 0.5578620980392157 1.0
0.9154174705882353 0.8752020588235294 0.5563242549019608 1.0
0.9146485294117647 0.8738179411764706 0.5547864117647059 1.0
0.9138795882352941 0.8724338235294118 0.553248568627451 1.0
0.9131106470588235 0.871049705882353 0.5517107254901961 1.0
0.912341705882353 0.8696655882352942 0.5501728823529412 1.0
0.9115727647058823 0.8682814705882352 0.5486350392156862 1.0
0.9108038235294118 0.8668973529411764 0.5470971960784313 1.0
0.9100348823529412 0.8655132352941176 0.5455593529411765 1.0
0.9092659411764706 0.8641291176470588 0.5440215098039216 1.0
0.908497 0.862745 0.5424836666666667 1.0
0.9077280588235294 0.8613608823529412 0.5409458235294118 1.0
0.9069591176470588 0.8599767647058824 0.5394079803921569 1.0
0.9061901764705882 0.8585926470588235 0.537870137254902 1.0
0.9054212352941177 0.8572085294117647 0.536332294117647 1.0
0.904652294117647 0.8558244117647058 0.5347944509803921 1.0
0.9038833529411765 0.854440294117647 0.5332566078431372 1.0
0.9031144117647059 0.8530561764705882 0.5317187647058823 1.0
0.9023454705882353 0.8516720588235294 0.5301809215686274 1.0
0.9014996274509804 0.8502879607843137 0.5288737450980392 1.0
0.9005768823529412 0.8489038823529411 0.5277972352941176 1.0
0.899654137254902 0.8475198039215686 0.5267207254901961 1.0
0.8987313921568627 0.846135725490196 0.5256442156862745 1.0
0.8978086470588236 0.8447516470588236 0.5245677058823529 1.0
0.8968859019607843 0.843367568627451 0.5234911960784314 1.0
0.8959631568627451 0.8419834901960784 0.5224146862745098 1.0
0.8950404117647058 0.8405994117647059 0.5213381764705882 1.0
0.8941176666666667 0.8392153333333333 0.5202616666666666 1.0
0.8931949215686275 0.8378312549019608 0.5191851568627451 1.0
0.8922721764705882 0.8364471764705882 0.5181086470588235 1.0
0.891349431372549 0.8350630980392156 0.5170321372549019 1.0
0.8904266862745098 0.8336790196078431 0.5159556274509803 1.0
0.8895039411764706 0.8322949411764706 0.5148791176470588 1.0
0.8885811960784313 0.8309108627450981 0.5138026078431372 1.0
0.8876584509803921 0.8295267843137255 0.5127260980392156 1.0
0.886735705882353 0.828142705882353 0.5116495882352942 1.0
0.8858129607843137 0.8267586274509804 0.5105730784313726 1.0
0.8848902156862745 0.8253745490196078 0.509496568627451 1.0
0.8839674705882352 0.8239904705882353 0.5084200588235294 1.0
0.8830447254901961 0.8226063921568627 0.5073435490196079 1.0
0.8821219803921568 0.8212223137254903 0.5062670392156863 1.0
0.8811992352941176 0.8198382352941177 0.5051905294117647 1.0
0.8802764901960785 0.8184541568627451 0.5041140196078431 1.0
0.8793537450980392 0.8170700784313726 0.5030375098039216 1.0
0.878431 0.815686 0.501961 1.0
0.8776620980392157 0.8144557254901961 0.5008844901960784 1.0
0.8768931960784313 0.8132254509803922 0.49980798039215685 1.0
0.876124294117647 0.8119951764705883 0.4987314705882353 1.0
0.8753553921568628 0.8107649019607843 0.4976549607843137 1.0
0.8745864901960784 0.8095346274509804 0.49657845098039216 1.0
0.8738175882352941 0.8083043529411765 0.49550194117647056 1.0
0.8730486862745098 0.8070740784313726 0.494425431372549 1.0
0.8722797843137254 0.8058438039215686 0.4933489215686274 1.0
0.8715108823529412 0.8046135294117647 0.4922724117647059 1.0
0.8707419803921569 0.8033832549019608 0.49119590196078433 1.0
0.8699730784313725 0.8021529803921569 0.49011939215686273 1.0
0.8692041764705882 0.8009227058823529 0.4890428823529412 1.0
0.868435274509804 0.799692431372549 0.4879663725490196 1.0
0.8676663725490196 0.7984621568627451 0.48688986274509805 1.0
0.8668974705882353 0.7972318823529412 0.48581335294117645 1.0
0.866128568627451 0.7960016078431372 0.4847368431372549 1.0
0.8653596666666666 0.7947713333333333 0.4836603333333333 1.0
0.8645907647058824 0.7935410588235294 0.48258382352941176 1.0
0.8638218627450981 0.7923107843137255 0.48150731372549016 1.0
0.8630529607843137 0.7910805098039215 0.4804308039215686 1.0
0.8622840588235294 0.7898502352941176 0.4793542941176471 1.0
0.8615151568627452 0.7886199607843137 0.4782777843137255 1.0
0.8607462549019608 0.7873896862745098 0.47720127450980393 1.0
0.8599773529411765 0.7861594117647058 0.47612476470588233 1.0
0.8592084509803922 0.7849291372549019 0.4750482549019608 1.0
0.8584395294117647 0.7835450588235293 0.47412552941176467 1.0
0.8576705882352942 0.7820071764705882 0.4733565882352941 1.0
0.8569016470588235 0.780469294117647 0.4725876470588235 1.0
0.856132705882353 0.7789314117647058 0.4718187058823529 1.0
0.8553637647058824 0.7773935294117648 0.47104976470588233 1.0
0.8545948235294117 0.7758556470588235 0.47028082352941175 1.0
0.8538258823529412 0.7743177647058823 0.46951188235294117 1.0
0.8530569411764706 0.7727798823529411 0.4687429411764706 1.0
0.852288 0.771242 0.467974 1.0
0.8515190588235294 0.7697041176470588 0.4672050588235294 1.0
0.8507501176470589 0.7681662352941176 0.4664361176470588 1.0
0.8499811764705882 0.7666283529411765 0.4656671764705882 1.0
0.8492122352941176 0.7650904705882353 0.4648982352941176 1.0
0.8484432941176471 0.7635525882352941 0.46412929411764703 1.0
0.8476743529411764 0.762014705882353 0.46336035294117645 1.0
0.8469054117647059 0.7604768235294118 0.46259141176470586 1.0
0.8461364705882353 0.7589389411764706 0.4618224705882353 1.0
0.8453675294117647 0.7574010588235294 0.4610535294117647 1.0
0.8445985882352941 0.7558631764705882 0.4602845882352941 1.0
0.8438296470588235 0.754325294117647 0.45951564705882353 1.0
0.8430607058823529 0.752787411764706 0.45874670588235295 1.0
0.8422917647058823 0.7512495294117647 0.4579777647058823 1.0
0.8415228235294118 0.7497116470588235 0.4572088235294117 1.0
0.8407538823529411 0.7481737647058824 0.45643988235294114 1.0
0.8399849411764706 0.7466358823529412 0.45567094117647056 1.0
0.839216 0.745098 0.454902 1.0
0.8384470588235293 0.7435601176470589 0.4541330588235294 1.0
0.8376781176470588 0.7420222352941177 0.4533641176470588 1.0
0.8369091764705882 0.7404843529411765 0.4525951764705882 1.0
0.8361402352941176 0.7389464705882354 0.45182623529411764 1.0
0.835371294117647 0.7374085882352942 0.45105729411764706 1.0
0.8346023529411765 0.7358707058823529 0.4502883529411765 1.0
0.8338334117647058 0.7343328235294118 0.4495194117647059 1.0
0.8330644705882353 0.7327949411764706 0.4487504705882353 1.0
0.8322955294117647 0.7312570588235294 0.44798152941176467 1.0
0.8315265882352941 0.7297191764705883 0.4472125882352941 1.0
0.8307576470588235 0.7281812941176471 0.44644364705882356 1.0
0.829988705882353 0.7266434117647059 0.4456747058823529 1.0
0.8292197647058823 0.7251055294117648 0.44490576470588233 1.0
0.8284508235294118 0.7235676470588236 0.44413682352941175 1.0
0.8276818823529412 0.7220297647058824 0.44336788235294117 1.0
0.8269129411764706 0.7204918823529411 0.4425989411764706 1.0
0.826144 0.718954 0.44183 1.0
0.8253750588235294 0.7174161176470588 0.4410610588235294 1.0
0.8246061176470588 0.7158782352941176 0.44029211764705883 1.0
0.8238371764705882 0.7143403529411765 0.43952317647058825 1.0
0.8230682352941177 0.7128024705882353 0.43875423529411767 1.0
0.822299294117647 0.7112645882352941 0.4379852941176471 1.0
0.8215303529411765 0.709726705882353 0.4372163529411765 1.0
0.8207614117647059 0.7081888235294118 0.4364474117647059 1.0
0.8199924705882353 0.7066509411764706 0.43567847058823533 1.0
0.8194542156862745 0.7052668627450981 0.43498643137254905 1.0
0.8191466470588236 0.7040365882352941 0.4343712941176471 1.0
0.8188390784313726 0.7028063137254902 0.4337561568627451 1.0
0.8185315098039215 0.7015760392156863 0.4331410196078431 1.0
0.8182239411764706 0.7003457647058824 0.4325258823529412 1.0
0.8179163725490196 0.6991154901960784 0.43191074509803923 1.0
0.8176088039215686 0.6978852156862745 0.43129560784313725 1.0
0.8173012352941177 0.6966549411764706 0.4306804705882353 1.0
0.8169936666666666 0.6954246666666667 0.43006533333333336 1.0
0.8166860980392157 0.6941943921568627 0.4294501960784314 1.0
0.8163785294117647 0.6929641176470589 0.4288350588235294 1.0
0.8160709607843137 0.691733843137255 0.4282199215686274 1.0
0.8157633921568628 0.690503568627451 0.4276047843137255 1.0
0.8154558235294117 0.689273294117647 0.42698964705882353 1.0
0.8151482549019607 0.6880430196078432 0.42637450980392155 1.0
0.8148406862745098 0.6868127450980392 0.4257593725490196 1.0
0.8145331176470588 0.6855824705882353 0.42514423529411766 1.0
0.8142255490196079 0.6843521960784315 0.4245290980392157 1.0
0.8139179803921568 0.6831219215686275 0.4239139607843137 1.0
0.8136104117647058 0.6818916470588235 0.4232988235294117 1.0
0.8133028431372549 0.6806613725490197 0.4226836862745098 1.0
0.8129952745098039 0.6794310980392158 0.42206854901960783 1.0
0.812687705882353 0.6782008235294118 0.42145341176470585 1.0
0.8123801372549019 0.6769705490196078 0.42083827450980393 1.0
0.8120725686274509 0.675740274509804 0.42022313725490196 1.0
0.811765 0.67451 0.419608 1.0
0.8108422549019607 0.6729721176470589 0.418992862745098 1.0
0.8099195098039216 0.6714342352941177 0.4183777254901961 1.0
0.8089967647058823 0.6698963529411766 0.4177625882352941 1.0
0.8080740196078431 0.6683584705882354 0.41714745098039213 1.0
0.8071512745098038 0.6668205882352942 0.41653231372549016 1.0
0.8062285294117647 0.6652827058823529 0.41591717647058823 1.0
0.8053057843137255 0.6637448235294118 0.41530203921568626 1.0
0.8043830392156863 0.6622069411764707 0.41468690196078434 1.0
0.8034602941176471 0.6606690588235294 0.41407176470588236 1.0
0.8025375490196078 0.6591311764705883 0.4134566274509804 1.0
0.8016148039215686 0.6575932941176471 0.4128414901960784 1.0
0.8006920588235295 0.6560554117647059 0.4122263529411765 1.0
0.7997693137254902 0.6545175294117648 0.4116112156862745 1.0
0.798846568627451 0.6529796470588236 0.41099607843137254 1.0
0.7979238235294117 0.6514417647058824 0.41038094117647056 1.0
0.7970010784313726 0.6499038823529412 0.40976580392156864 1.0
0.7960783333333333 0.648366 0.40915066666666666 1.0
0.7951555882352941 0.6468281176470588 0.4085355294117647 1.0
0.794232843137255 0.6452902352941177 0.40792039215686277 1.0
0.7933100980392157 0.6437523529411765 0.4073052549019608 1.0
0.7923873529411765 0.6422144705882353 0.4066901176470588 1.0
0.7914646078431372 0.6406765882352942 0.40607498039215684 1.0
0.7905418627450981 0.639138705882353 0.4054598431372549 1.0
0.7896191176470588 0.6376008235294118 0.40484470588235294 1.0
0.7886963725490196 0.6360629411764707 0.40422956862745096 1.0
0.7880812156862745 0.6345250588235294 0.4033068431372549 1.0
0.7877736470588236 0.6329871764705882 0.4020765294117647 1.0
0.7874660784313726 0.631449294117647 0.4008462156862745 1.0
0.7871585098039215 0.6299114117647059 0.39961590196078434 1.0
0.7868509411764706 0.6283735294117647 0.39838558823529413 1.0
0.7865433725490196 0.6268356470588236 0.3971552745098039 1.0
0.7862358039215687 0.6252977647058824 0.3959249607843137 1.0
0.7859282352941177 0.6237598823529412 0.3946946470588235 1.0
0.7856206666666666 0.622222 0.39346433333333336 1.0
0.7853130980392157 0.6206841176470589 0.39223401960784315 1.0
0.7850055294117647 0.6191462352941176 0.39100370588235295 1.0
0.7846979607843138 0.6176083529411764 0.38977339215686274 1.0
0.7843903921568628 0.6160704705882353 0.38854307843137253 1.0
0.7840828235294117 0.6145325882352941 0.3873127647058824 1.0
0.7837752549019608 0.6129947058823529 0.3860824509803922 1.0
0.7834676862745098 0.6114568235294118 0.38485213725490197 1.0
0.7831601176470588 0.6099189411764706 0.38362182352941177 1.0
0.7828525490196079 0.6083810588235294 0.38239150980392156 1.0
0.7825449803921568 0.6068431764705883 0.3811611960784314 1.0
0.7822374117647058 0.6053052941176471 0.3799308823529412 1.0
0.7819298431372549 0.6037674117647058 0.378700568627451 1.0
0.7816222745098039 0.6022295294117647 0.3774702549019608 1.0
0.781314705882353 0.6006916470588235 0.3762399411764706 1.0
0.7810071372549019 0.5991537647058823 0.37500962745098043 1.0
0.7806995686274509 0.5976158823529412 0.3737793137254902 1.0
0.780392 0.596078 0.372549 1.0
